14
-56 46 61 -38 -69 -20 47 -77 -1 18 63 -45 34 -62 
-2 -21 -91 -1 3 6 50 -90 97 -70 94 58 -126 37 
120 15 8 87 -90 107 -94 -16 95 -74 105 -2 8 65 
-67 -106 26 -58 -77 -124 -59 -85 -125 28 -27 27 -105 20 
-76 28 32 -37 -102 -111 -41 108 -1 -26 63 -124 -115 93 
-82 -75 -86 27 82 67 -67 5 5 91 -23 7 -80 99 
88 -43 117 -112 -51 53 -127 -117 -119 -12 29 59 59 -120 
123 -122 -106 -127 -57 -101 -79 91 -14 35 -43 61 -38 96 
99 -63 42 28 -21 -46 -96 -28 -93 -61 -111 13 90 25 
93 -28 21 -67 49 6 -25 0 49 -35 63 61 -125 32 
66 -15 -54 -24 -38 -122 -122 -87 18 -42 109 -81 126 -124 
49 -32 -71 -91 -55 110 31 -11 45 59 -2 1 -100 -119 
-55 -122 -33 -55 120 -26 35 -88 -57 -120 -53 20 -43 -25 
-25 111 -127 59 55 35 96 126 73 66 58 38 -78 127 
