500
67424532551376
69586511458596
464565203565364
7344341671444327
10934329450334290
1360543930336063
5989882651890885
1301814182518102
306918910908702
4465131452304743
297574414375692
5336737667377325
5601175325810955
867782798177768
1214234029343411
11288551111547930
6688340121427866
6779043784398776
5211045896401114
2044229890313501
10293077887812929
4651843663372554
12913066787593192
1045666262667540
6952242112422486
7145452441446506
950473809374949
10607472562747060
575153708440575
1173789150887381
6779063322708776
7381065665710737
97198488589169
10087120561206909
260298233792952
6844896996985575
1342546342656242
11436962562607340
789109707010887
7152297767031516
13962847448472703
472390223094164
7312225005222126
10670142001321660
7012834883282206
8525222783225148
5381015446200735
984678131777479
819371929263017
2254253343534412
723377848784316
5537767898568345
15453983872904544
1025179171980529
95591266220549
5799936435399975
167995032949986
8203851483918
8669203223019658
11212147107512120
107529887802480
7546509230056456
8327915335087337
543990049990434
5412253512135
12675158437614871
608676928686805
3419293343929232
755302223292557
7929380840287
11460026117300640
1406562212255703
9243685995863528
6251663343571525
3713596445953262
6150214895120505
119727222282701
1341819747018242
1348627069725952
4541738107382344
1719749999480161
8130368218730307
16209530440349026
4905273772725084
8246349560536417
12079593113948712
1814709970016427
334008010809432
1178516768704980
12799674775858982
1273988616790471
1137665786566840
1600860585059105
630002050199926
97776667667679
472929849029264
4111156556621103
10315068349605129
8467138327416648
1562693323397265
3041232663420402
791484191385087
688610070005985
412571575184213
1114077524781410
1521025392530124
636838787937636
110396132070400
5913910000084185
1424358666963423
13340510010160432
5471181441812834
1212150340512111
73883577537737
105837189174849
1508369595962814
510517575616104
7555341220445447
1040931950229040
29742333314881
21078399388002
11984547767444901
85461489506547
3412895675893033
154165011056144
8569707348068658
7380812563080737
1334882324278443
4272477446751624
730799151898027
12942712893161502
15535479658756354
7473327778332647
920614465516018
825591434095527
8134953773594417
5542134223322444
134090843809142
12033532221264301
7777868327687876
8093047326512808
450889848088044
6915766325686086
10884157558603890
1273617536705382
9975489779845799
102030189193119
7537195895917446
74310666710247
5917544345348185
961576929675268
2384215665024831
10946457657636589
8755783552776568
8600443332350958
11437970450708241
725188565892516
15825358535285
1227918665918732
1539739686036945
1384656909657483
9639090109908369
1262967180869262
7252068227611526
11002912453093000
1165809111897571
473069393861364
10634810120095260
607150444151695
5916204104116185
10468108669117550
11431936106392241
10165664666709
11771028999300681
12616014675096162
9358356887628628
3156901671986612
160952022015015
5049681110869494
1452826413628353
549808727808945
2405998779006031
143803955930943
7669350110529657
12132344784442212
13901363542740993
1668391636083975
13944815236085393
1667948437497661
429100415000824
730015727620026
8541434895341348
66286122167166
3145049779504512
17977788998878797
4266436325445723
10101787336772109
97417801971369
1144691661964411
16343093002913435
167720607116761
4914974104795084
658346968742856
744668363965447
15543310220123554
1092906232509300
9096029549296008
114353111135340
7079268217629806
9499006667098949
418277150672913
1971215214231681
7242735554273516
7566187887817647
4617709989068154
13718603564057183
147414521442474
97563655636579
1074573505366470
964699393907359
629033505439925
7832025335202277
9851858119581489
140143422424203
5899789658879985
14291324675131933
1662807303818265
8593538559344057
4423864664584233
1143366504772350
150549432394614
4272598328061624
11565297998034660
558973464370944
478943031239874
7698884213898867
13389157888609833
74657722775647
1051701888197249
130695521459712
67261910915276
13686342332535873
16492315231856
4967785884788584
5745155334525365
13918088778918192
485169232861484
11802021342201981
7601472431850957
6346385224737426
5930595444959295
4787535236247973
6406275775836035
9961059108611589
3250469559749423
1484355867564384
152975943867934
3733374103843362
1912221525212318
6620459119551156
873043414340268
7701664994671967
11879379218739791
8510136995320048
3344453893445522
10802502952980
11450260560630540
7130996226890316
7344835226384337
11132863552593211
14981661341571804
5035944224385404
853449988944358
41045034045103
10778023662217680
1447322809322753
1540915989608154
8246041221406417
6407146006406046
13960456556551593
1105969809068610
5242441661441325
283473233364372
11097345666527010
1019405849594019
10669506555950660
11264028999304620
5801021220210975
10306845324497029
7776681660875677
733816464619426
4627797767077353
4141236435421503
4227688878213
12187057997496921
10967276005637600
1230425111524131
5488603784067844
7461331441330646
1045608827915450
9056078888806598
16018400550038205
117882744717881
23129754703121
1637740737046646
846231314033637
8083354224543807
5418574774759234
1458840607147863
7044067668693506
1161220809122160
9069035324408708
109820255312790
416894838399703
11916397006946091
817796505707717
1390663988466093
8092908779093897
8961767446581598
1512276988673314
819903495298918
1155612344306650
554118232722345
9077947558497708
3438271781727343
2523747446384142
11378494995047840
12684670110654872
13658956787587672
9087075335806908
6058254674528595
2755264895615562
6795206337115075
1507426434634704
10359058558608540
271878212779162
10097174124717009
96704555649669
10563734225374649
1194551969155501
1376265495551782
534123404420435
1141637131647041
4143580219863403
10024306557134199
4312022001212123
850819796918147
8879221001218788
1684464807464496
7766870109686677
7568209659117657
1600826949727115
1520257213752024
6314508669055125
4510194113821044
1239111131110842
125946144054962
260768939866952
8714194564924068
6533975004704345
4738235984339363
758964515468856
1490607990796193
8268930011288727
8480027436309847
6716132112305176
12120899559991211
10465072715639
91574555557518
11163821001184610
16266212442115735
4681388788840764
9432327437232249
11508021122198051
732546354645127
6679485324849766
13816133222217183
11576964663596860
2355294885024631
8768292782927678
11994904234985001
12801439889341092
1523583373295235
11043304995024500
1604864344594951
9606211330027059
3107242112537002
4997304995136894
1038493334284840
1511635626537214
1394308717802503
96850433404868
2801478767751972
11375834004275741
5560943223390555
281855372558172
10864163222624580
2399723543269932
3437242001328432
821472959264217
8628984994899357
1262880182089162
885945909648588
245384777393442
8458279438827647
7147649768468506
1021869747968229
12723665445674271
5363302563032634
5111434003351104
552280606083145
11032376896742300
879041383249878
1785092838191487
7421673772662237
129175344248192
8858786446879578
661615767616056
8867823113276688
1341428454735142
177659988996776
3168888448888712
9361107107100639
450844878438143
7950774553680497
902917676719298
1684717777074761
7831172871820287
1194549646054401
1803156071542407
4455727657374444
806540312945607
408102423310803
4507369548638044
1782023774301771
11290440109350930
5746093443906475
9830639328371279
1502016362720204
13953935383603
8289831111279927
4672903433082764
11035610891154410
93803055029838
12098451220557812
6727224235217266
74114645642136
10228694969319
12460623553259651
6457823554277645
13016009780096202
3184854333494713
468230263131764
390185111482083
7778616447158777
1085180990082480
69158500585086
1404757648503
10031758658671299
8222511672152217
10590029229200949
630601101196026
844726808737437
2832993992893372
1252324454314351
11318715886169131
1386686706686693
12209828877289131
946945657538649
11882653442473880
3887830890287883
84199945000138
130657899974712
133781632519832
983605344606279
13268904223999622
9488410120158838
146783111127774
172448969934261
1646025212421645
11117512542247111
9759084674709579
1177509323004880
7878377656838777
11492863332583050
9825511552255179
1023884070487230
1040462393264039
9244779559775518
78790289298787
1319266130671823
1169669323976970
7412911562093136
8198527249017
6930117898110286
7596425776335957
11811549889452181
714850404059307
723796333598217
9008783673779098
