500
765633
958023
79433
904513
216651
659617
364903
323457
162561
958709
969961
776001
600001
916721
94002
62401
671521
992001
862977
904577
844147
890561
135057
765681
529361
982501
332161
16387
18561
820801
745105
900397
756805
388481
343745
738526
986919
722721
500001
774681
416961
844393
872021
529806
16729
968756
205681
275926
629121
418221
749044
358209
738377
206433
60001
888641
504481
788109
220321
446161
980817
128401
800385
121601
153281
236689
789201
483861
115397
221089
55201
281861
541569
368942
960601
461001
177011
3201
813521
88411
804945
735361
53439
243361
349057
312161
152747
944941
886271
676161
178969
792641
141633
884481
287201
857691
896321
302401
44001
587066
616321
258295
577697
3801
593273
39201
232065
965025
446885
347685
781966
107817
194865
893961
847921
679969
78274
678401
533835
620641
486721
76041
678049
736241
733505
521601
121533
250001
436981
162161
579451
659561
896321
291125
757961
582101
989633
186977
982293
738749
786981
584841
464861
180001
494401
689945
554945
610121
316281
199351
796432
608973
300881
545473
462089
70497
173281
750977
686401
527361
1
998945
838945
298289
171671
456593
568961
884961
378881
237697
789664
950657
125249
607987
421411
882177
547921
785076
447401
222556
354881
239621
666945
454273
422401
515481
129073
397255
926201
114945
437457
258529
841201
805129
337073
277441
841461
105349
331201
433153
808001
300301
1345
479051
797242
139461
971371
968001
127671
913001
891101
414481
228517
959451
181867
539651
745097
901773
45701
24601
33101
631533
232801
379969
221001
195841
217681
925901
581249
986193
956245
403137
81841
898876
950561
427473
720001
609369
513401
40001
733500
290533
103361
843401
899424
220069
38947
700801
275041
837665
907569
569231
437761
66801
850001
565281
34321
117996
907586
654261
46281
817565
27514
127901
768961
266369
542153
728051
732001
146001
444353
916673
333121
40001
4601
325201
815067
78369
715897
420325
103101
878151
308752
376289
690001
760257
791681
406891
877729
584926
381153
240609
738625
925741
904777
762659
469441
933521
210753
855489
90433
663889
127935
912694
957185
83191
491481
529361
189537
672001
721771
412801
800950
783601
327353
527601
626351
99301
869974
86335
955561
336801
821704
910561
431501
712681
937075
152721
646209
93841
51201
459521
440641
599297
782989
377313
122876
168401
446856
136481
589421
295001
575115
966659
757281
997501
20051
407941
938999
865097
595009
485042
897013
4321
404097
911553
203201
728801
375081
193281
180001
813928
27301
957446
192961
795521
382801
640001
461161
64001
831881
505281
710601
994649
320001
266081
196001
586593
324593
571007
812501
795241
656577
487541
686441
205896
969801
218929
941141
80631
33575
556075
465401
232441
868751
202581
891751
668601
76357
657711
770901
962506
971201
551605
699841
234801
385621
727501
655201
90051
238001
860476
413161
996001
526687
133841
825001
862353
480001
536697
608401
991781
912641
945133
394001
685521
83725
146881
319626
483331
69025
995713
136001
975001
739886
324001
82440
654601
163851
648113
160653
456361
342113
898201
622971
407361
607811
99953
390145
812999
135379
883441
53126
802971
731841
612001
83177
275527
770776
872129
116961
609009
674151
895251
233101
582041
429137
989281
318601
619457
511821
486291
3201
23745
895201
55745
88961
1185
764321
300353
707649
260041
384321
952129
172481
822106
620001
633441
105465
645621
570603
358191
779041
741001
841105
32241
822933
353121
179201
173921
