500
447891
17401
171521
589657
222651
342673
831425
956859
226551
608709
372441
66501
84641
719524
543361
2305
769601
113331
723201
755001
558941
709601
288291
158673
998801
264001
942661
26380
948001
354411
228521
72801
674709
635233
715601
885747
775083
273313
739609
504193
738986
608753
786113
112301
718801
984449
176681
176521
688001
114721
830769
914369
745501
262977
110381
845751
5009
29761
880001
585861
902529
500801
435201
314401
777441
307201
784501
485121
270977
604301
33065
777745
99181
2745
379001
139897
530401
875001
365481
24001
465281
837113
262465
966621
47669
440001
547730
332481
735577
972968
6521
856501
524561
236893
772481
809501
330969
834601
433473
581777
307561
740601
397801
741826
411649
549373
33057
174345
318081
721217
400441
665545
292201
794951
699751
365589
579673
218487
65386
60501
409641
838233
23101
241921
603801
396851
513545
224641
942101
849361
209561
878209
318161
572905
209301
975052
321201
364577
665089
929493
227073
860001
21850
601109
94217
156801
319381
386113
900161
151546
833301
629561
29521
258081
443406
526801
391745
142001
659641
964501
96521
136308
679873
982101
452197
350151
514881
224501
491017
956201
848001
125211
751441
680001
266881
137001
236385
612201
987961
954681
829269
408535
916421
920433
183201
963137
562561
426381
966481
164021
788697
795821
284001
828641
828001
301376
259401
376641
18801
556097
239241
503881
14961
681751
34589
785251
414177
54401
803453
123451
34609
39041
241213
374451
905264
465189
129225
821491
109601
674251
526161
169985
467693
142089
927521
898625
445376
733376
142897
53461
922531
730621
760001
242177
10001
566341
725671
420001
482051
269499
777565
119255
108201
531921
608801
382081
376721
435201
600529
970401
989861
998701
362241
322461
607041
297347
212993
119681
620001
991071
32301
2905
154201
605591
764685
361121
271451
162004
456733
891561
301201
277777
366849
128863
54657
164451
898317
628513
441841
340001
47681
373313
316641
218837
231917
978789
924617
480705
825671
904801
220501
250433
117464
609601
408637
412049
219423
43996
375521
423336
717041
416321
910017
495041
680541
517317
96257
236337
798017
875001
517979
276801
435961
594641
535101
704801
293251
689761
967185
19801
663201
492321
375201
863813
569601
548001
175241
704721
349185
175841
585497
163281
206913
47501
412811
870161
155281
263496
259201
237369
478461
175915
72321
319891
439297
887681
5185
104193
648841
407361
930971
480929
639937
662421
277001
238337
764289
365521
72449
894737
129499
770151
927801
656641
424321
479665
352201
755649
605779
25033
321217
527489
771889
451057
800201
980835
309025
856521
464801
196101
633303
199001
488285
292801
565651
177081
459341
523211
884976
991837
525401
930115
360201
470933
979541
586626
192951
690477
282281
676961
713473
707329
643159
228901
657961
857765
651153
624001
460401
773410
422361
916447
980001
512985
751297
973981
80153
380129
484601
790601
335466
446261
983793
988881
220001
250401
404741
782409
660331
477641
246451
458143
897393
951881
958721
337181
643601
506451
294496
714737
498455
368201
954561
352801
541801
859989
604481
602369
909985
696503
376361
33075
911533
320731
313351
470009
192201
946401
390977
391793
855553
360261
504961
623333
869941
553801
31206
183201
37001
170351
367681
386881
666129
156077
48425
624761
415487
877453
263241
963617
440897
745921
426501
537501
736641
769901
415361
614595
548021
792989
751681
327945
750237
806497
239681
734505
10221
964545
769101
297361
