500
1463515788615363
11322989779893330
10599090219908960
1448252646351853
14155976106885613
1735142929252536
7918664223668187
10952771232673490
7724529999354267
2376875545776831
5560958008490555
576605353496665
219359232962911
5683462342553765
1647308170813745
1051385827594149
125271245317251
743100707101336
4272095215011624
97802289319779
3334163443724322
3965574994765593
8075079109794807
3068821331178702
1366837847837673
4738917668287374
12704125116313972
8408760440569137
808267332672807
10550342540549
10972621211252800
929731969227028
326000102100612
709618949916006
638047030650835
982413132304279
4337540549456334
6756305455936476
5749287447818574
8290440890350927
975052414150479
3918183433918083
1278391070083882
8588912553188858
817467807764817
6444554544555435
6738800769989266
464616272616553
11307875654798030
13965679890766593
3528892892888253
5966992882996695
7613007116993256
5382951782493824
11591672331672950
846733233327638
5185813333075914
9851866226691489
730424444524027
874630333026567
8656265995726558
11917302321147091
4415734885365243
1489006372609894
1106445767554610
3984178778714893
9848084015807389
10256996546007519
8519970109700247
1234888100987442
11437698888977251
11201169449611020
10029784994879309
11605358217536160
4463466337633644
6499094665008946
1890071718071097
1169097565790871
477590667085774
3473274434813832
4310566666661123
15105806117086014
12620053884600261
93554367336628
2026124553215301
2545917998186442
1171790777988171
8804622993264978
1338154989451842
4974814225174794
8344438328345328
12565409450045661
6279555885548726
4177405886137803
10514266777714249
73549310294636
129216478452292
1588981111178994
5222203664013314
6003723674173995
900681252087098
3247533543347423
7359088558908636
87296111159367
834117645721437
70195300359096
102325588553320
118005499460981
7358670109767636
6614050330504155
709402767304896
6152092661912505
70236577453306
1288314011403981
9947408558047389
84851743715838
827987049689827
9205401111035118
11744214443123580
78882256218887
1403243676332403
10366162002606729
10005789658876099
6305631441256125
1814371525164517
6645200451015456
8219622993359217
1264043535339471
724714243506526
9426339109327338
1239878968879041
4669747777578763
4150592001960503
1031513626326030
6454901541094446
3557457668647542
3383185885912833
5282836325392824
797778606987687
7243327888332327
6066587887866605
3193332002223913
693637050735396
5639468338748365
1737223666422736
17520792001980256
8561917668182747
1783927888283871
1391237111643093
488377251772884
6078872782688805
542532647335135
66478866887466
652994333400246
556180767071655
730785383588126
1846090150990657
375813444427473
9926770560677289
9524112773214149
4442244224521543
15241302432131424
1940572031265148
614395808604405
6865663564565586
572501595105165
5350337228331524
5142777997783404
6894952332494886
3837464773656283
16908534885448096
6600090109910055
4017949328498193
9254559340653429
367577383775763
844089252880547
5820621770170185
327229474921623
4529594993859254
10255813894075530
665879988979556
6067679218768695
12638032222298362
7409571000660037
3732473222742363
1361392110204162
576339736942575
9406453233447138
1235665896654321
6811698217971185
1066649828056659
652889282989246
5835908999095285
6191271110730816
3373729328283633
425697828787514
4357365446726633
7705328339226067
17244101000915426
5390068998709934
350237504733043
6026347447435205
4415834554286034
13564333332234663
7239683992869416
1527766696567834
10982323333231800
15941732123272395
15334419780134345
443030748130234
3009998119000092
8812324654233078
1199664728457001
1734232465332436
1036643263446629
4357371881836534
8914506665945287
8415573102865137
8086476886845907
7933242673413486
928212070221828
2437004114006341
114010989011040
7968637898258697
9662482951569
9080562452560808
1438408372813843
7856936656396487
10043088327912409
415265585573503
11034037558393410
7904882553875087
13786330991426873
1392867828858293
5829473103839275
11008940880389100
12353777216774631
12365844395542
7718064674608266
10541630109271360
9392995334893038
11049742893469500
2953666995574482
873440061133378
1112628535836210
12008462782648101
11495490670846050
11774411221144671
8776211550136767
371116524721063
12499530440249952
13530336105341253
4184369218634913
714263132263307
6651711111072456
664056970750356
10479472542849640
1561896838609164
5405578327855035
6819625005269076
7311098007911126
3678047788397862
12108006566998111
797015182609697
4556060560605554
390548665945083
17180806557070926
7870178998820677
1745772222765461
1065256787663460
4376950439497823
1292604989505302
1019664516366919
11002671881872000
1364703493307463
1160539696944961
2255719008076611
1255792969298651
5617368888638155
784244070343476
1318014807519822
112801500509830
1429069362970834
3876734675266783
722200636992217
12061789999980611
95718621592649
11222872772793220
12454645556554542
5737262221528365
11116070549607210
1235840506038641
4811645554372074
6874592221865676
1983545236344881
6514406667144046
4692593113941964
1618892777198925
6958601220959586
10364738459264739
113918167172040
2354222332213532
829865101569027
689084757380886
885817989728488
3973425336343782
891646728736287
7395454004654837
1173712030207371
10699247418970
42468343286424
1396891283189693
770799453898067
909137403741908
99028477492989
3916851220487183
121039376304011
1272565414555272
589545524654885
422176393572213
6005712992176095
11937876325787401
7260847106491616
14164985655884723
12479158888619841
58108599591075
1066877404778670
1303730444038302
1529081556080934
814826029627517
3249988558900512
11550321892229461
661502636205056
3013163893623092
8749915896090567
14695168714974
164217969822351
9532856007682249
11101901092010
7761307667030577
133640400404632
1041980808079150
8027747887477307
6342320891232425
17095545665555016
1803645909646407
13191960891591922
5853176786712585
4643696776973364
1409580655985913
7618137668418057
1319280849083912
124651710715741
10407060989616940
13737749779478472
10807638338466090
10685135446404870
13889975996789893
10255281550825520
1652967646869355
5996445886545895
4009066555609093
4566208338015654
4373548899452634
2087687667877801
1423157474652323
1510857251659114
4978009769107694
1446031728130653
7663388888943656
2338265775629421
5286323432336815
6368362222738725
12749538117259482
13638504665147472
1022647868747219
9738449338379
1447003930399654
8306553763646127
1568664544466875
10226278889816220
11504962893585150
1217206352611721
683138832376
737509131905726
4254851561494424
61991678709015
5047781660777405
6372316006131735
785558767965477
4965016887194694
779684404496877
7621894564892157
1654428678254451
5711115005111065
683133767431276
11871785544882681
11635260000625360
12682298889031871
1370171969171973
6442952662592446
831986848689237
9842447326443479
12015668566201
790350272043087
694280970181396
10935153663624300
3496116106206042
3505672222656043
13160386325939622
70950621614906
68227754682186
8584617227153957
8913121203188
14032134674223303
621470534975016
964915303609459
6893669779674876
11677504654047771
7776959109586777
5373430329353724
3416376876836033
8731335456232268
9827558108548279
11917537777467091
780982888290176
3765232222314673
2885846106485782
1157030354029760
65746089065646
883679424986288
1056081910180560
7569391110840746
987614605516779
80325501652297
107515021952470
2877153663506782
1559815545519064
132624211143622
666208112802556
6577838778388746
1176931808238681
1806995708590707
5381825544291735
901698454796208
96087966979059
8296459328546928
7987700780967897
7490014895100936
8719693893869178
1060586930685960
1151210354012051
1000739281937109
3723476435853163
1549025443629954
1766644201446677
6108522663348105
5510163994710045
10390595345959840
15832346435542285
7617246337527057
13768210891127583
1349948787849953
8141453983542407
9755118658205569
1208258616762811
931197786802128
6947709549067496
7364752332574736
6140595114860415
1145287170682551
9753004884113469
6633161220623256
998420495023799
1298175808561902
10148699449969410
15566493112846764
792191827201197
10232764553672419
2009076116699091
10299198999019029
8958430781238598
9482932893292749
6661098669010566
519192352201815
6309027667309125
488026483730774
1017675110487709
8760357437530578
857101464201648
10361224664221629
7548389888838447
12184734884483821
1054064170470350
1112726767628310
838968828869937
4037010110097393
1117387848793720
83985622658938
3108250110518102
