500
15189162619914
5766705666067665
5225395775946115
1895167484871498
11121599118862210
1045433424335440
89070365316988
793761160167397
1432126988731233
2063428327352502
1774299141992487
1070608050815970
10833322111242290
5318345446528224
9493396005843948
4618184444917263
13888749438478893
1402976969670303
9674914224194769
224947797738422
967170130961769
3837894433988373
7821225555221177
606150263150605
768177504781767
4952128107322484
6938971330698396
2963727437373582
1716214181521626
5899669438768985
148051178214984
1058854111447860
4383029230292933
10423191341923239
806990089989707
6559424775338655
1090612576206090
11208968217699120
1557136383740665
647427333723646
7126722112167306
10205530661346119
1395531910235493
84323256331248
654110858000555
159870322296905
10816969779697180
84335543563337
64741466414735
1315841596038622
5664257546525655
9961493673841699
9316208779116228
169919170918961
9712774554783168
2977873677792
2224151000513222
11383978338683841
5185045324504914
1288473625384792
8110898778991008
2713662101674062
2526691220866252
1421016190620123
13915804976193
10106097006906109
12417406106137142
13415188547816242
187229150832681
1652091050090166
820978869969117
9423226996333238
7592295875031956
8801785885872078
5648317228227465
858203818302748
7864573754577
772688030797266
2688269439717862
1141082849270250
10811592441862080
9060426556141598
1715943131349516
8375805545085638
1304287808792412
334056636560432
371366887663173
6408047876508036
11761223443221571
9091513113150908
768256787761767
8404532893344137
103251022015130
13550379439830453
498007657700784
13171252122531712
105675788758749
1315990223188622
8732084333801378
7960762232581587
13147453323637413
8763260671524667
7077382452737806
6105391221925105
10937204654116400
11939793002879401
404218353821403
8940533113251388
10325044665505229
11696042783405871
1019401626204909
6273455544543726
6205778998785916
15369586326948744
736253909352636
453478706884254
3961821672181593
5112529328362005
10896316127026990
2911998218002082
9241063563610428
958362191163759
8121748779472108
3396163564606032
968558191854769
1137926807629741
849843909437948
7085543993456896
972010293010169
931596352596129
10291196117021820
14312601220963133
4293611452063923
11108931781299110
1242962101260341
422020515920223
16634216886014376
6799581110759976
11270319109131621
145879810807863
10197983674788019
11093651441463910
7807148679407077
2732347458432262
754997565889447
1323891868199422
7873534445452687
8839681561770378
1316690809196612
6070577116660606
5648024224197465
15271630560272724
8938866666689388
7934239439423297
17334679889764446
4686282672825963
7597072111716857
9031001441001298
64825333252845
4305974554796123
12049905545089511
767812393208856
9756886446886579
419529364025013
4578138438417654
1872800868098278
12155371891635621
8848011991218378
5886104663906885
1078176909681780
9897522333346989
10947452772536500
2317332663328122
7492008108101847
1890885574597998
913542969345308
1375483071274583
78993666639987
11425111892006340
3442672991672442
12455449889445651
10626049890496260
7668451991438667
10714437337354080
6478158669607746
1220907555709022
4905993112896084
9931754481299
9214814565075218
1104597424806400
7556006447105457
71537444374506
1871749656848277
9977874663687799
1205074413381501
11776183332815880
13144890560884522
62496311369415
753941273138357
1089589908985990
6558922552188556
1974721111273691
8438548778558338
7165118878204716
10726758438566280
946350050052549
13946011782096493
693694848487386
13299632222260032
1164407687794560
3847018328206383
5045688889965394
6132708438062316
6195265335725015
1097909030810790
15098697897869014
15063518218253604
840678424985938
3324755675485222
272444424554261
2960961771590592
93086678768028
8718149548518168
12354555895454641
519553382365914
83465766757527
11573410011043661
2016972993786102
1239386605783041
193535849625381
931966787670228
8275059009516717
2175796115876801
608677989776905
9814303894024278
10216307337036119
3038679658769392
825601051106418
1141868302869240
1168788403887970
1089052625359890
11226424555247220
9308749108479128
4905638338366084
5260983553901515
7222216326123117
7194911221085016
6997854443487996
702991392100296
1053732586327449
6585929119295955
3831137217401373
289066424670882
1183181930171391
1034606848695539
1368217030711773
10739130890220370
3781552211650873
4013410330143093
117290711699370
9717645676368069
7663970780693667
1648327337128461
161022000021916
39169543497183
7014131112315096
77244133045167
1360595627586162
10557066676617450
8786253332525977
9949248999518499
67341077013276
112137045173120
8670180439819668
1585096202701485
52802554530814
980346273633079
856839666939747
7171407897941716
12101743323561111
7413509769044236
663510868105455
800410686113997
8894653333464888
13634607677954472
7203951110504016
80767843786707
8055060000594607
677997938700865
12110279548830111
3198141992517912
1131388110794031
263081585181351
9238238217427329
10350566897551529
895063575260498
13324775544784242
1568038576829775
5995244884424895
1922370109731291
1055175586571559
1003151465151309
6165659229455616
4971414445240694
8198498778949017
5450438108439445
1298590535995802
15401552551462044
11345606556066530
12519508558060251
8073840439393707
3472389889843732
2363291442032532
10326536216347329
3338312673127333
9357483212847539
12916576005657192
9333386005843229
12075011552194811
1650290219831451
893708323906398
157440800804375
1086988393789690
8293600560954027
10807715334078080
7272780890782726
5563991781903654
235017392719432
1990380440829891
9191816106181819
1422083783812131
385110888110483
3092333223331803
580093625400975
1794271089083397
773053706361267
16310696335871036
3916070219705193
70119855902096
762577473676257
10822896676893180
1398721313116903
6196974443697015
8049304224029497
7429873332690336
2997089119916892
10455396115945440
4864162111524584
11431972992792440
3267417668137722
7047563003657396
9968358999627699
3617571891757153
10599802331979960
946265171472648
5411388998940045
802608141895307
1252153192242252
11041094223911400
1358735069536962
9450849879471539
1447140010416441
27267899887162
8490779559781937
1272238211841281
94472378416449
13374782772974733
276259464061572
2415264334725231
920945909638128
10214018558094219
94025032943138
10752575545852470
7810430219350077
8864311330143588
2010977776690201
1574124141531375
5338547227348434
83478556577438
979415909515869
5758677226668575
2069408679038701
12241512112141422
8691865544790868
3666102441907653
999518576804999
1154056344750450
928726374616928
1192322435213390
1676687615687775
7157196106016616
10163678327774609
2684485885855851
308021746130703
3363219769223622
277477029784662
116378532488361
9293368559733918
373296454603263
1033415172514230
756695576486657
124561234305651
11005185665925000
862178808882158
495394708493494
11111543542550121
1956170120715591
13707831782377172
209892212189001
2186486996955712
309632151127002
9340366336630428
29951643614992
14678447116358773
7914974124705087
377070829070673
100468177186410
73581377208636
6974381011833796
15290140329420924
8316492001857127
5875741001375685
7129354543539316
10552014214202450
111909633700920
821304746513018
9026120220216198
836995373499638
1005116030621499
8204107437114017
89544511654488
6769400220038676
12313025776293132
1260110990110962
11162500660041720
10145579449865409
6147530450258406
10870162771520789
1152248403951161
1033408747904429
8531427778341347
1842635222626248
9794120769213979
4499386556839944
10474377216734750
10892810329092890
7440473773850337
7249114445109427
575296029593565
9676755104576769
449991667190043
8515637216376048
987128848930689
10589541661459959
6019776435780195
408833485328903
1159824464429060
13212277227722122
1386905909598693
134744011044742
7448626446269437
1563089779902651
9655795446075658
8355105005014438
776928796729677
1048246071533840
3030537547350302
7830936997380387
4382717447172933
1312990635990312
6365047547504536
4895854555575984
763022950320257
4360524664150534
6827671000668276
9767159120607669
7977965885587797
7915123332215187
994854656359389
1355211686201563
12381401232040841
1264311515102472
9123061880613208
155019616919451
8350959218600537
13090176886819813
536451809253634
841249829052038
1526576091575634
265133728332452
1302338989843212
11642091220902560
9214701561965218
5364469779744625
1192224948433191
10113920450204109
15547458779637554
3204299008924013
12370840109390642
9270740671469629
