500
85348277174358
6764418999233676
7934861782585287
1454855554557563
6404976776805035
10906234335317090
6645930000285466
9165800219976708
129535122043602
71218454392206
1395927190729593
8060768118681597
8067918658296607
1231590687086231
909641778136008
1844332586332457
7057274213836506
11279292553038631
995285687572599
5871400671030785
9929540769360289
5731833554382265
816127544830617
5833208218024275
2072547998442801
45400422400443
703018920296
13949474884750493
3833390439933373
280742556246972
11340516106250430
9035045116504308
5089512542249894
10460620000161639
1394496594403
1479615304606083
6240892980426
7791373992740877
11624782111884260
10951214565121589
10602483893752960
1352348888953252
5597758559567955
315056525650512
3234973564784313
826396010594717
14665772772786564
4596837336386053
2703754225574061
6297026567196926
762530809135256
11278320341228820
10521981672792150
6473923663193745
6146680560766416
7962554873562597
1568482626294775
8944437678245388
11513705336074051
4191012322200814
5780121672209775
98618222280589
8384800659984837
1333885989579432
577472333165765
812438747934307
17064134214413616
223674363576411
9597698227868058
858005990599758
1213931766239411
9626229780315269
7792936557392877
417507049714713
659055324550856
8617065445597158
1316913292210712
12207188998926922
9119377116640208
726523878324726
1167528029824870
1163558848944371
3998629109258993
8049705675969507
7602972331703056
1282761354058282
785727130726587
7257852331487626
688220030021786
5189510000049914
2177350561536612
917007434710708
869660776956968
5781966105701775
6738782541889365
9430335334340239
11862977887803581
3240411342140313
6766380000726676
6037398999037395
3400971891690043
576498434804575
113555199155541
1727816997178261
1310297393683112
8092566666761907
15852264333632485
8100023344200007
3649093222919452
11121358778542210
7864101892003687
1023197010692319
412346465634303
802900990098307
14108254113429113
12789365125638882
12163863662583721
73982711618937
6890511761249886
16157893663888515
8542258327533348
978363434362779
4029776215780293
324312070213412
688670898976786
1186032444241581
760851475148156
10046550451446509
6351458438541535
8977074103806798
5309976105800124
8097335435328007
7250846787371616
7273522552362726
2880286226929782
9154541892354518
1165410292915461
1595434848534495
11391104445011940
7011639778272096
11161964103702610
10601326326330960
5046419989137494
1493665675467394
1660303535313065
1142335333433151
16461992991901655
840699292897137
8562331122322648
6575232563324656
13254915996195522
23128501583022
15423957766594344
11583310341132761
2867972232697682
6060626887260605
11412865005572151
5888803444088785
1116934130439710
488180930081784
518794010388904
1088343818333979
5613140891304155
6277341892426825
801071887280097
11445284925540
226760535057711
1327765272468822
1555551970146654
1153791586188351
12591754884581862
110636688564600
11093021892203900
71531876822516
11670232223320671
8050981111791497
633750505157325
9560683453771648
10263911111093629
16735926787185485
14958848877488604
2248455785547521
5260608999060525
647060009960745
123024010943031
3145582321856502
2481450220650742
11513206337123051
11269468007549730
10020665665770199
355740292937553
14763563564652683
1075468928974470
202273868373291
6045806127075495
12681256765631762
1351421828114163
972645969547368
988331646242888
738048726850737
9870843113381778
7417560440657136
1244100636000352
619618030806015
4864294003934574
7595445345454857
4294297006825023
10357061220617529
12135881330786411
7023666766763196
3444577897764333
9787626776376779
5808387766839075
3491368217641942
14092393553942913
9258159329607628
14572572562662763
3726837887397163
1429299655902933
11854646435564581
273507049715262
8272342432531727
10182974553702819
921887828789218
185847610574868
96967366266969
12936061342606292
2106116216206101
227111102200821
4797765215767073
345910889108543
960843990339158
1211302122303111
15103246557414114
11194378657744920
7270191231919627
4331912112192423
5779041770409765
7980470000739797
3880134995410872
9479345446529739
504523809415494
4896133332325884
6028782981879295
17516200891016256
85799178189857
1643465930565345
9181388779831818
904552170155508
1075071050070480
6862002652101586
15436523224345454
6378923774387736
783247363753376
8143182881813408
7646851000496367
11000086105910000
8195430109245918
3892707107072883
1364355969564363
810688383886117
401476031565193
3785728338165972
10357621441158530
679831273028976
11069995895899710
9579286435829858
7659058547608567
6909504674950086
23264078136321
2910243664520082
11338520329159430
11588269549717960
984662132156489
5464383322944634
2460477326849641
7009012993199096
438059453960823
5054575664664405
115546721764650
990650797947089
714213768412406
5620718779171254
451081172081143
4784663774664774
2674112453103861
10095290219925009
1457252475252753
1354597282796552
4117784994888103
5791026210875
987738374727789
10392915666193830
1956879999787581
12760032541410572
15210703222971124
14706297767026074
1666663131365775
9557779999876658
8444271671733348
52257222166314
7081166666720707
8020088107910197
114465788756550
6104072782714005
10770434553350670
4123052431613203
974080809080478
1421089798980123
7638744994489356
1421104354390233
976848313748679
1197680918986701
1032096888691229
1071233576331080
12245403433134531
2661365214740562
900310151003098
3357071782707522
948767009668839
10398610231059039
4249709780168523
1565462625363674
5970812993180695
8825822222176278
111442034114510
940177696682038
8920694234871287
7431833443282336
6828374884838276
7225954785496216
1163803495297371
10851589328862480
1236835988637741
7544824224184456
1664174382471476
268606272605862
790534171434987
624328433832425
10328166346618329
8637760330677368
2980335886331782
745717465806646
5909324885230184
3799813554278973
1359535089436062
7991215996220897
12681032332300871
408750333056803
10066728548375609
1364437585843472
1643451494154345
9380886435890739
13193676996872922
12536149549407451
905033909331498
12866650560576582
930971253070128
11539018008098460
12751698657971482
5294123123124825
8107313003028107
9225830550276318
1045655949547540
6812090000901086
1349374495363953
1181815928628081
121967455376921
1924857117574281
117252344314281
9800579658761078
11545341111424560
6596548768555955
5554964125595445
6702943563393066
1591214253412095
6891257117630886
9978237668417799
1141083353271240
295381909193492
705170930071506
4734862661595264
2412221221222131
9031920671182398
13562514455052662
10476273663727839
1407383897293713
1322060990061222
8546259329615458
6715672892666166
16793756215682886
1958845525548968
10300704434071029
10899598888959990
8969733003269698
12369776655779741
15041313113130414
10070829889281799
509747211648004
715246049641517
10193743784364019
10440038218400340
3032149878422302
863898151798368
8837945004397388
17689842333479976
8307353113527028
10464373773844639
1202757030767201
14046613894057503
10192250880532919
14700722783170974
13635619890166263
836538089845528
870407312713968
3139942892400402
16193860891682925
7452230321547
10934687876875290
10708715786069070
13039560219658313
906410011003708
451210748102243
318065061561802
7436100330006337
1152627313736250
5417206336017135
833367767764228
5543863332594444
8984542661365788
242095686591132
10212252673522119
1174679555877471
93753311225739
1069147131740969
8500187436919948
1845337898722657
901647988746208
1272492313184381
718552950256707
6518798889078146
87226100063267
7739730231270466
3578777216778753
678857394648876
1328913626418833
7311149411126
5018925886288204
891643516345098
11146621000266510
7733830891283277
792225631197
22334799852222
3908128008208083
99378043978389
6248731562269515
6096280769826005
9815316007235079
8068378558629697
2988827437377892
4629505325149254
1735898338996261
12332287116832331
1255759554956562
228356050553821
63944944955925
960887707878059
6517425666237156
1045929009830540
6863831221283586
12053641331353611
1087691757097680
907506584705798
7954520220254487
414366212553414
5047516667246504
8336075664607328
307255354552692
69398522479396
10851003333001480
976747929836778
1223087009691321
113550123205530
1714075847581416
459177212682943
6698857788478966
616656857557705
11510616216161051
615520172024416
1387746392547793
728106747711816
5202217657212015
1101368171863100
1289510010004992
108802266329790
602031617130195
13011381110841102
4401552771551034
5704795446074065
8772944224382778
