5000 5000
1515 4214 10 2
4060 1867 3 6
4108 1376 0 4
3714 4589 5 0
4835 3652 0 0
123 3649 7 8
4592 4431 0 0
1412 1451 0 9
337 500 0 0
4402 4595 11 20
159 2359 16 12
2537 700 13 0
3663 4917 14 0
3297 3160 15 0
3715 914 0 0
1548 2490 19 17
967 866 18 0
2345 1299 0 0
3501 1360 0 0
3277 4950 0 21
1265 194 22 30
3420 523 25 23
4197 2866 24 0
3716 2136 0 0
4558 4239 0 26
4035 1251 0 27
1917 1122 0 28
244 2969 0 29
4440 313 0 0
2222 3395 31 0
694 1008 36 32
4636 2300 33 0
3750 2387 34 35
4958 900 0 0
1185 4805 0 0
1406 4239 37 42
531 1908 40 38
965 1263 39 0
3470 403 0 0
3932 782 41 0
655 950 0 0
2091 1357 49 43
391 1394 44 46
3325 4880 45 0
3715 4946 0 0
449 4031 0 47
4085 435 48 0
1107 734 0 0
33 2121 50 56
2353 1382 51 52
4920 4535 0 0
3575 3787 53 0
3992 948 0 54
3780 4787 0 55
3978 2192 0 0
3850 1261 64 57
2659 1275 58 0
378 3864 59 62
1988 1535 60 0
494 2567 61 0
1090 1785 0 0
764 3924 63 0
4318 2243 0 0
4986 594 65 69
606 3197 66 0
3164 2578 67 0
2874 1871 68 0
728 607 0 0
4896 1697 78 70
2291 1369 71 75
3449 2164 0 72
393 4742 0 73
1554 38 0 74
1648 1780 0 0
4404 3681 0 76
2629 408 77 0
4276 684 0 0
3183 1523 0 79
2835 4417 80 85
15 1824 0 81
1991 3014 82 0
2846 2023 83 0
576 1996 0 84
2391 1308 0 0
4668 1587 86 95
4753 2569 87 92
2660 124 89 88
3934 4216 0 0
3196 645 90 0
1422 2578 91 0
1343 4905 0 0
2973 1298 93 94
2937 2317 0 0
1840 3451 0 0
2299 1292 96 100
4404 1942 0 97
923 4164 98 0
2456 4485 99 0
1665 1983 0 0
4102 3851 102 101
1019 539 0 0
1590 1425 103 110
3177 882 104 0
1394 4499 105 106
3162 690 0 0
4683 2440 109 107
94 4982 108 0
1995 1030 0 0
3841 2355 0 0
3985 4980 111 115
4151 2676 114 112
3592 1582 113 0
2034 1943 0 0
3328 3380 0 0
3429 3022 123 116
4508 4435 117 0
3485 2807 0 118
1058 1323 0 119
4962 532 120 0
102 4463 122 121
4195 3580 0 0
3775 1200 0 0
3415 2400 124 0
1049 267 125 131
301 3359 126 0
1929 3142 127 0
4357 1490 0 128
2676 4679 130 129
3133 4224 0 0
856 429 0 0
1869 1715 138 132
3201 2844 0 133
1666 2777 134 0
4118 2598 135 0
1687 3949 0 136
4489 1221 137 0
3567 3195 0 0
507 1737 142 139
957 1935 140 0
261 208 0 141
2668 2007 0 0
1160 977 152 143
239 845 145 144
2975 577 0 0
1362 4070 146 0
623 2631 148 147
3327 4253 0 0
1062 1223 149 150
4691 4360 0 0
1665 4106 0 151
2022 4586 0 0
4780 875 157 153
3614 712 0 154
4518 2596 155 0
757 2892 0 156
2274 168 0 0
2430 325 158 165
4935 2342 0 159
3988 1773 0 160
4992 2676 0 161
1891 3537 0 162
4438 1578 0 163
2389 3588 0 164
449 4227 0 0
1751 1341 166 167
947 2879 0 0
4105 3069 168 177
4461 4595 169 0
3841 1362 173 170
2959 840 171 0
1176 4638 0 172
389 3640 0 0
3180 4864 0 174
2325 4740 175 0
284 2794 176 0
586 4913 0 0
3816 3737 178 180
115 1630 179 0
1278 1857 0 0
4604 2240 186 181
1846 55 0 182
3932 2838 183 0
383 1564 184 0
518 1789 0 185
2527 2737 0 0
1009 3061 196 187
4031 2013 0 188
3728 3050 189 0
4988 1896 190 191
642 740 0 0
2736 476 0 192
4314 1631 0 193
759 4087 194 0
816 796 195 0
3827 1947 0 0
1167 2750 197 201
2344 1518 0 198
101 4254 199 0
3520 290 200 0
622 855 0 0
3768 477 204 202
4121 3147 203 0
2017 674 0 0
4457 2428 205 207
4752 2566 0 206
374 4668 0 0
2783 3340 208 214
802 822 209 0
3642 1234 210 211
3412 730 0 0
2666 4170 0 212
2968 1893 213 0
1430 2410 0 0
4941 1455 222 215
2125 340 219 216
3453 1611 217 0
4365 2174 218 0
4577 3634 0 0
1606 459 221 220
947 4609 0 0
120 3897 0 0
185 2270 223 0
3089 3361 224 225
3193 2239 0 0
2160 1290 231 226
119 2963 0 227
4205 534 228 0
2777 4518 229 0
54 2115 230 0
3124 4713 0 0
1348 3947 236 232
4988 3336 233 235
1244 293 0 234
600 235 0 0
3199 1146 0 0
4075 2678 237 240
282 2977 0 238
972 105 0 239
4686 4939 0 0
3343 1640 242 241
3929 367 0 0
4698 3740 243 244
324 1824 0 0
4241 3112 249 245
3227 4890 248 246
1834 1125 0 247
1151 4848 0 0
1138 1383 0 0
4855 2833 259 250
2582 2309 0 251
4619 2574 257 252
1139 2773 253 0
2072 3310 256 254
4638 741 255 0
775 1531 0 0
3172 3371 0 0
4934 2002 258 0
780 3303 0 0
4661 3758 264 260
4184 1579 262 261
4666 1942 0 0
1624 2658 263 0
3382 2442 0 0
2343 4558 273 265
3413 2794 266 270
1172 2328 0 267
4034 4992 268 0
377 2444 269 0
1913 2329 0 0
3968 1683 271 0
2259 584 272 0
3121 3599 0 0
2037 10 278 274
3821 1826 275 0
1330 1587 276 0
4023 4768 277 0
1612 895 0 0
1565 1944 0 279
4007 658 282 280
3227 2271 0 281
4663 409 0 0
1224 1069 283 289
148 4055 286 284
1320 1414 285 0
2453 4481 0 0
736 1914 287 0
3282 1562 288 0
1805 3901 0 0
281 1103 294 290
285 4679 0 291
1738 1844 292 0
580 1454 293 0
1842 3174 0 0
857 4663 295 302
3868 1126 0 296
1999 2513 300 297
467 93 298 0
4268 2826 0 299
3426 10 0 0
2613 1416 301 0
4300 2606 0 0
432 1986 303 311
628 4145 0 304
2024 3212 0 305
111 1330 0 306
3333 214 307 0
2765 1730 308 0
3921 197 309 310
4483 585 0 0
3980 1560 0 0
2236 3528 312 313
4161 1388 0 0
395 3838 316 314
4815 4729 0 315
2507 4588 0 0
4322 2172 0 317
1047 2568 324 318
4487 3 319 321
3978 1381 320 0
1107 2163 0 0
3392 3345 322 0
3892 4205 0 323
2515 1838 0 0
3574 781 332 325
4544 1442 0 326
3719 3722 0 327
4543 975 328 0
564 1009 329 0
4894 116 0 330
1090 1074 0 331
1975 3442 0 0
4685 4881 336 333
4589 3152 335 334
621 3941 0 0
523 311 0 0
780 2461 345 337
4221 22 338 0
4242 1422 0 339
1173 2951 344 340
4193 2454 343 341
4799 1480 0 342
561 1893 0 0
3453 508 0 0
421 2071 0 0
1301 3280 351 346
4428 811 347 0
470 2702 348 0
3233 4263 349 0
342 2453 350 0
3915 2185 0 0
2175 3982 352 0
1677 1215 362 353
1757 3480 0 354
2263 4872 0 355
3130 3966 356 0
244 3305 357 0
3026 4676 358 360
2290 3234 0 359
4527 4573 0 0
1405 2094 0 361
1886 2208 0 0
1357 2294 367 363
4936 4911 364 365
1379 3406 0 0
4731 4663 0 366
3848 6 0 0
3894 1666 368 374
1061 1291 369 0
2864 2128 0 370
2340 2908 371 0
1746 1417 0 372
2734 821 0 373
3760 3461 0 0
747 591 383 375
3260 4052 0 376
3677 4134 377 0
3987 1254 378 0
2677 3594 379 382
4422 2141 0 380
1421 3447 381 0
3706 3758 0 0
500 3085 0 0
1777 1412 386 384
4781 2568 0 385
4279 3084 0 0
120 4952 391 387
2893 2506 388 0
4431 3906 389 0
2481 4451 0 390
3178 2006 0 0
556 4912 397 392
788 2000 393 0
2643 4298 394 0
324 831 395 396
3983 3352 0 0
1061 3761 0 0
4165 2771 400 398
4895 404 0 399
4775 2490 0 0
1580 270 407 401
2993 2934 402 0
1059 838 403 404
1220 1000 0 0
1216 993 405 0
2438 1150 0 406
73 4574 0 0
560 266 416 408
3 2331 0 409
2831 2514 410 0
2867 598 411 0
1788 3257 412 0
3134 1300 413 415
4164 3724 0 414
1449 3053 0 0
272 3894 0 0
609 1917 0 417
270 621 418 425
1429 3917 0 419
1654 4507 0 420
2679 4097 0 421
4518 3286 422 423
2927 3976 0 0
1879 3504 424 0
600 4471 0 0
4181 4784 426 0
889 4549 429 427
2891 279 0 428
1285 1920 0 0
2077 3171 430 437
2131 2247 431 432
2348 3952 0 0
3599 2326 433 0
2566 4962 434 0
2759 846 435 0
4251 100 0 436
238 1306 0 0
2849 3484 447 438
4869 3186 0 439
481 3084 440 444
4245 3708 0 441
1671 3635 0 442
4846 2046 443 0
54 2970 0 0
4636 3046 0 445
3730 4208 0 446
1892 4074 0 0
1564 710 448 455
1179 4960 449 453
3097 4899 451 450
912 4631 0 0
4476 2962 0 452
2541 1052 0 0
2975 1471 454 0
913 3830 0 0
3750 3341 462 456
3393 4794 0 457
340 2131 0 458
2019 153 0 459
3740 1043 460 0
2777 941 461 0
4194 1153 0 0
2164 3399 469 463
1463 2154 464 0
3255 1867 467 465
552 194 466 0
56 42 0 0
2383 1645 468 0
1410 2991 0 0
4369 3391 479 470
1549 2596 0 471
3878 4556 0 472
652 786 473 0
2525 2673 474 0
4278 2284 475 477
3533 688 0 476
4295 3437 0 0
1245 1032 0 478
1204 3197 0 0
4429 2619 480 482
2626 568 481 0
3018 3438 0 0
1999 86 484 483
2150 2685 0 0
1975 1628 493 485
3518 3221 486 0
3680 4626 487 0
482 1063 491 488
3071 4075 0 489
3264 3324 490 0
2489 2329 0 0
2666 331 492 0
603 4158 0 0
3539 932 499 494
3427 972 0 495
4542 4145 0 496
3852 2229 497 0
663 744 498 0
1790 476 0 0
4176 4979 509 500
4579 3978 501 503
3606 4335 0 502
4083 1202 0 0
3113 784 505 504
4545 2310 0 0
1591 3844 506 0
884 2823 0 507
2954 2043 0 508
3591 4113 0 0
4261 238 0 510
2217 2940 519 511
539 2957 512 518
141 788 513 516
2992 4703 0 514
2179 1858 0 515
4870 2421 0 0
3406 3002 517 0
4641 3823 0 0
1893 643 0 0
1387 3590 520 529
3882 777 521 528
3489 2705 522 525
733 3598 523 0
805 193 524 0
2849 3213 0 0
714 1444 526 0
4822 2013 527 0
4611 2917 0 0
2062 3701 0 0
2812 2306 530 533
449 2306 531 0
4286 3029 532 0
3049 4490 0 0
2576 3772 536 534
365 1461 535 0
1681 2938 0 0
4698 46 537 0
1295 2435 543 538
4038 2126 539 0
1211 3675 0 540
1556 3002 541 0
674 3056 542 0
4843 760 0 0
1438 4715 544 545
1814 2606 0 0
4627 1556 546 550
2117 4291 0 547
2890 4755 549 548
330 3100 0 0
1474 4855 0 0
1750 3456 551 0
4426 3506 552 557
2498 4180 553 555
1336 971 0 554
1126 3776 0 0
3820 2267 556 0
4709 1032 0 0
974 4329 558 566
2830 1276 559 561
3212 4983 560 0
1253 3737 0 0
2125 922 562 564
1696 349 563 0
4793 1965 0 0
4435 3335 0 565
4175 575 0 0
2477 1429 572 567
4302 4352 568 569
896 4155 0 0
4123 4488 570 0
285 2779 571 0
4033 3041 0 0
614 4384 573 574
3036 4583 0 0
1977 594 575 577
1438 3119 0 576
2300 2253 0 0
3587 2462 583 578
4299 3897 0 579
4580 3085 0 580
708 387 581 0
4335 2012 582 0
740 1467 0 0
4853 3803 588 584
3167 4444 0 585
235 3754 586 0
4267 4847 0 587
4673 2595 0 0
4141 2433 598 589
926 2859 593 590
2300 3984 591 0
4251 3869 0 592
801 1682 0 0
2099 1879 594 597
2613 1182 0 595
2778 658 596 0
4275 329 0 0
3315 1726 0 0
4258 3026 599 605
4343 4844 600 604
3868 742 0 601
1341 2178 0 602
3057 2109 603 0
733 2595 0 0
1365 3547 0 0
3364 3820 606 607
165 304 0 0
2619 4272 616 608
502 4008 614 609
943 3997 610 0
1215 3732 611 0
4787 3516 612 0
1962 1783 613 0
1121 3693 0 0
3583 3074 615 0
4213 4169 0 0
1616 569 620 617
4843 463 618 0
1766 4804 619 0
2675 176 0 0
1339 1630 621 626
3532 90 0 622
2950 3537 0 623
4270 3320 624 0
4074 4992 625 0
3807 4520 0 0
3863 27 628 627
2959 1564 0 0
4776 3935 636 629
4651 1698 630 631
555 188 0 0
1246 580 632 633
1036 1445 0 0
307 193 634 0
378 940 635 0
1029 1338 0 0
3721 2003 646 637
4144 3157 644 638
3374 4771 639 0
1117 3934 0 640
670 3569 641 0
193 4089 0 642
1831 1252 0 643
1878 1809 0 0
4413 4401 645 0
4793 3772 0 0
4655 391 647 650
466 3068 0 648
3983 891 649 0
952 1192 0 0
3878 2045 653 651
4906 1929 0 652
4797 3569 0 0
2095 3006 661 654
101 4279 0 655
3119 920 0 656
1265 779 657 0
2911 2183 658 0
3878 1230 659 0
2889 4499 0 660
2826 2491 0 0
3849 115 671 662
3730 1315 663 664
1962 3610 0 0
2722 1426 665 670
1343 2405 666 0
4609 3015 667 0
650 310 0 668
1458 984 0 669
1105 1124 0 0
4500 1860 0 0
1244 1792 672 679
2243 4271 0 673
2000 4442 674 0
1277 2089 676 675
575 3530 0 0
1837 4343 677 0
1013 648 678 0
2324 872 0 0
2044 1132 680 687
459 3338 0 681
3754 2174 0 682
3091 4971 0 683
2910 3616 685 684
1941 104 0 0
3350 3719 0 686
1178 4610 0 0
1396 950 697 688
3636 1499 689 690
1964 3802 0 0
2378 957 691 694
464 4151 692 693
3744 3924 0 0
820 2265 0 0
3693 4807 695 0
802 2268 0 696
1756 3267 0 0
520 4981 698 704
4716 3216 703 699
1677 3383 0 700
1184 3418 0 701
2143 1463 702 0
623 4561 0 0
1368 4488 0 0
4468 4577 705 708
3380 2856 0 706
1631 2947 0 707
4780 2617 0 0
843 1962 709 716
4159 4480 710 713
4142 2919 0 711
1908 3177 712 0
2652 494 0 0
1681 2754 0 714
68 2926 0 715
183 1747 0 0
1137 4357 725 717
3371 4213 718 721
963 4753 719 0
3006 864 0 720
4900 4672 0 0
4806 1363 722 0
4619 4306 723 0
1820 872 724 0
1844 410 0 0
3868 669 726 727
3278 8 0 0
3496 492 736 728
2171 777 0 729
2213 4027 734 730
1836 2174 731 0
3828 781 0 732
4979 409 0 733
4810 2168 0 0
46 4043 735 0
4513 4477 0 0
3075 3361 737 745
2764 3267 740 738
4503 3042 0 739
1575 172 0 0
2157 3706 0 741
3477 3326 0 742
3885 875 0 743
4776 2195 0 744
4874 4751 0 0
3981 4914 747 746
475 4310 0 0
4085 1676 748 755
4531 950 749 0
2349 184 753 750
1945 1286 751 0
3614 4191 752 0
4905 3635 0 0
814 1096 754 0
2209 747 0 0
1805 3941 758 756
965 2516 757 0
9 957 0 0
1451 2550 765 759
2531 4384 760 0
856 1413 761 0
2496 710 762 0
3393 3288 0 763
64 4144 0 764
1683 829 0 0
2946 4877 766 771
3563 2291 767 0
1279 4751 768 770
486 1725 0 769
2170 1371 0 0
1435 1246 0 0
4326 2364 772 780
1916 1624 0 773
2936 585 774 0
2345 4427 0 775
1377 3754 776 0
1909 4164 777 0
2798 4351 778 0
2335 4348 0 779
879 2146 0 0
489 3885 783 781
3307 2800 782 0
4381 2200 0 0
1178 1499 784 792
4315 562 785 0
3698 1275 788 786
4460 378 787 0
3787 3048 0 0
1835 2764 789 0
1387 4770 791 790
4286 3193 0 0
4043 1402 0 0
3129 3229 800 793
3919 4782 0 794
2883 2728 795 0
642 928 799 796
4664 374 797 0
799 2455 0 798
3661 4119 0 0
1514 4181 0 0
4663 2191 803 801
973 4688 0 802
1804 3791 0 0
2347 4890 804 807
2544 3770 805 0
2193 2360 0 806
2826 3049 0 0
143 3614 808 813
1717 1191 809 0
1436 4466 0 810
367 1438 811 0
287 2092 0 812
3797 1904 0 0
3671 2757 821 814
1293 2247 815 0
2780 373 816 0
3386 3790 817 0
2963 1778 818 0
2036 3077 0 819
3366 776 820 0
53 1377 0 0
2250 916 822 823
3862 4801 0 0
111 3720 829 824
4592 4563 828 825
2148 4171 826 0
1787 2069 0 827
3928 1357 0 0
2418 148 0 0
106 1135 830 837
1412 3336 0 831
1354 225 0 832
2277 1806 0 833
3421 3314 0 834
4387 2189 835 0
2717 612 836 0
4362 4425 0 0
2446 229 838 839
3352 955 0 0
323 3823 840 841
2258 2815 0 0
4271 953 842 850
773 333 845 843
676 4444 844 0
3765 4889 0 0
584 4270 846 0
450 3475 849 847
4962 1443 848 0
958 303 0 0
90 535 0 0
193 3126 851 855
2278 4173 852 0
1349 2699 853 0
2854 4683 0 854
842 1718 0 0
1745 4612 862 856
1507 2053 0 857
2909 988 858 0
487 3358 0 859
3827 2480 0 860
1961 3615 861 0
1937 2899 0 0
720 3879 867 863
4574 2698 864 0
4399 1265 865 0
714 2193 866 0
382 3016 0 0
2515 2115 868 871
2968 1517 869 0
2537 3535 0 870
3235 195 0 0
3115 1837 872 879
3723 3444 873 0
3855 1333 0 874
3272 3617 0 875
3718 2600 876 0
4235 2526 877 0
1941 397 0 878
4061 2460 0 0
1630 814 880 885
399 2277 881 0
4861 4528 882 884
2771 275 883 0
179 2519 0 0
506 1953 0 0
1567 3055 893 886
484 2881 887 0
4328 2540 0 888
3123 1396 891 889
3156 2219 0 890
4112 1349 0 0
3236 4111 892 0
2069 1879 0 0
1485 2093 894 898
3193 1786 895 897
3792 1823 0 896
4935 1266 0 0
3923 2365 0 0
3223 1496 899 901
4575 4624 0 900
3147 1151 0 0
4480 2973 911 902
3547 111 903 906
944 2472 0 904
1842 1950 905 0
316 4414 0 0
2583 2330 907 909
1901 3610 0 908
4109 3281 0 0
4760 4537 910 0
1372 3545 0 0
4734 4246 912 920
4798 3456 0 913
2533 3639 914 917
906 2925 915 916
4686 4214 0 0
484 3485 0 0
3237 377 918 0
682 1152 0 919
3459 498 0 0
1865 929 926 921
847 3151 922 925
558 2209 0 923
2881 2763 924 0
1710 1044 0 0
4006 699 0 0
1318 2410 932 927
2783 1882 928 0
2252 1088 929 0
1546 3174 0 930
2628 685 931 0
3743 2009 0 0
1571 1789 933 940
3188 3297 934 937
80 1337 935 0
2370 952 0 936
1806 3493 0 0
4382 485 938 0
852 2641 939 0
825 4521 0 0
2637 2312 0 941
3416 26 942 945
4464 1956 943 0
3308 3251 944 0
1041 1896 0 0
3298 2083 946 952
1206 893 947 0
1805 2722 0 948
2418 4214 949 950
3464 4167 0 0
4870 2700 951 0
3044 940 0 0
2171 2290 953 955
4952 4824 954 0
209 3394 0 0
3899 4196 956 0
604 4574 963 957
2460 4543 958 0
3529 504 0 959
451 866 0 960
2957 3658 961 0
534 2548 962 0
1623 271 0 0
2101 783 965 964
2489 1896 0 0
1430 2906 974 966
2962 2808 967 0
4689 205 0 968
1575 3769 971 969
4485 3760 0 970
2798 2948 0 0
3105 148 0 972
1489 1797 973 0
4924 3976 0 0
4001 3324 978 975
3766 1358 976 0
3033 3702 0 977
1533 683 0 0
1567 2105 979 0
3209 3674 980 987
558 4964 0 981
3447 122 986 982
126 3693 983 0
2802 380 984 0
3290 3409 985 0
2893 3470 0 0
3601 4247 0 0
4723 866 994 988
359 3165 989 993
279 2303 990 0
3601 2986 991 0
3340 2647 0 992
3188 4674 0 0
4383 775 0 0
3510 885 1003 995
248 4883 0 996
1627 217 997 1001
1348 671 998 0
4273 155 0 999
3286 1807 1000 0
4109 362 0 0
1697 1792 1002 0
2732 3131 0 0
1575 2531 1010 1004
859 1740 1006 1005
4950 155 0 0
4704 458 1007 0
3726 4590 1009 1008
1094 1714 0 0
540 634 0 0
1837 2706 1015 1011
1386 2059 1012 0
1167 1966 1013 0
204 940 1014 0
2116 3013 0 0
1637 2174 1016 1020
4127 4782 1017 0
4928 502 0 1018
3351 3375 0 1019
4599 4722 0 0
1703 2110 0 1021
1712 2310 1023 1022
1854 2395 0 0
3122 3242 1024 1025
903 1667 0 0
3757 3889 1030 1026
4962 377 0 1027
263 884 1028 0
1410 2034 1029 0
2728 3524 0 0
622 719 1031 1039
1935 2682 1038 1032
4192 4344 0 1033
394 582 1034 1037
2264 2853 1035 1036
4258 4927 0 0
3297 3894 0 0
3277 3685 0 0
539 1367 0 0
610 663 0 1040
2648 2679 1048 1041
232 324 1042 0
448 936 1043 0
4296 4336 1044 0
1133 2090 1045 0
2166 3067 1046 0
1094 1881 0 1047
2036 2378 0 0
752 1622 1049 1056
839 1279 1052 1050
2761 2773 1051 0
4728 683 0 0
2468 3296 1053 0
1133 1143 0 1054
4424 417 0 1055
4517 430 0 0
4064 4563 1057 1059
2903 3853 1058 0
228 1036 0 0
4228 4719 1060 1062
3510 4444 0 1061
3464 3979 0 0
4495 4716 1063 0
2309 3160 1064 1069
192 387 1065 0
360 835 0 1066
1649 2160 0 1067
1882 2783 1068 0
1229 1919 0 0
4280 4701 1073 1070
1635 2574 1071 0
212 1181 0 1072
3831 4457 0 0
1682 1701 1081 1074
2528 3455 0 1075
3891 4144 0 1076
4895 499 0 1077
405 1146 0 1078
366 622 0 1079
3785 4306 0 1080
783 1045 0 0
4876 488 1082 1089
1680 2653 1087 1083
1247 1697 0 1084
1686 2447 1085 0
4207 4807 1086 0
4614 552 0 0
3661 4644 0 1088
2454 2609 0 0
3431 3522 1093 1090
4154 4615 0 1091
3277 3676 1092 0
4000 4533 0 0
3877 3968 1102 1094
3381 3961 1096 1095
952 1113 0 0
605 723 1097 0
3075 3351 1098 1100
606 652 0 1099
4575 377 0 0
789 852 0 1101
4033 4413 0 0
2433 2526 1108 1103
3538 3813 1106 1104
1659 2401 1105 0
960 1485 0 0
2924 3087 0 1107
555 1347 0 0
4471 442 1117 1109
3417 3904 1110 1115
723 1437 0 1111
2955 3790 1113 1112
1106 1135 0 0
469 1072 1114 0
3948 4694 0 0
4754 704 1116 0
4893 4963 0 0
1126 1590 1118 1121
42 152 0 1119
4866 54 0 1120
1672 1930 0 0
4716 4878 1122 0
4230 4773 1123 1132
2132 2917 1124 1131
2726 3107 1125 1126
2272 3222 0 0
2944 2952 1127 0
4409 4807 1129 1128
86 96 0 0
4331 4627 0 1130
2569 3258 0 0
2657 3567 0 0
1763 1999 1133 1135
4143 4412 0 1134
1643 2399 0 0
2262 2585 1139 1136
2396 3189 1137 0
1563 1972 0 1138
3654 3673 0 0
1712 2002 1142 1140
52 726 1141 0
4098 4317 0 0
3708 4356 1143 1148
4866 828 1144 0
4402 4623 1145 0
172 944 1146 1147
1109 1896 0 0
1043 1996 0 0
4169 4636 1149 1154
1266 2045 0 1150
4547 178 0 1151
212 516 1152 0
216 634 0 1153
3774 3929 0 0
4294 4363 1160 1155
1520 1994 1157 1156
3937 4685 0 0
1199 1562 0 1158
1208 2160 0 1159
1582 2015 0 0
1725 2299 1169 1161
4856 4942 0 1162
3737 4057 0 1163
1256 1400 1164 0
4877 759 1165 0
4393 82 0 1166
58 993 0 1167
1982 2296 0 1168
2931 3816 0 0
3211 3299 1170 1174
3085 3092 0 1171
258 1020 0 1172
1958 2672 0 1173
1824 2457 0 0
2755 2989 1181 1175
4237 205 1176 1179
736 1701 0 1177
4648 47 1178 0
2132 2764 0 0
4768 571 0 1180
3010 3059 0 0
291 627 1182 1185
2849 3318 1183 0
2659 3148 1184 0
101 264 0 0
3092 3235 1186 1191
4604 4812 1189 1187
1160 1297 1188 0
593 957 0 0
1324 1775 1190 0
2893 3138 0 0
2320 3074 1198 1192
3353 3555 1193 1194
4242 4592 0 0
118 553 1195 1196
2043 2316 0 0
1269 1789 1197 0
3625 3784 0 0
4223 4318 1207 1199
4436 4498 1200 0
1758 1960 0 1201
3457 3818 0 1202
185 368 1203 0
4689 4761 1204 0
1196 1670 0 1205
4899 244 0 1206
1702 2198 0 0
3150 4147 1208 1216
1778 2624 0 1209
1856 2236 0 1210
4911 416 1211 1214
1722 2412 0 1212
4720 247 1213 0
2986 3297 0 0
204 714 1215 0
103 856 0 0
230 865 1217 1219
3808 4693 0 1218
1702 2212 0 0
3134 3964 1222 1220
3423 3691 1221 0
2021 2041 0 0
4607 4708 1223 1230
399 1096 0 1224
2522 2889 1226 1225
577 1217 0 0
2911 3594 1227 0
1156 1603 1228 0
2953 3239 0 1229
677 724 0 0
3512 3523 1237 1231
3334 3871 1232 1235
1838 2148 0 1233
1547 1655 0 1234
3258 3318 0 0
3373 4073 1236 0
320 738 0 0
1819 1871 1238 0
2631 3170 1246 1239
1796 1907 1240 1245
1369 2359 0 1241
2870 3561 0 1242
991 1934 0 1243
3450 4178 0 1244
3611 3840 0 0
3189 3453 0 0
1868 2592 1247 1249
504 1223 0 1248
4853 681 0 0
1177 1398 1250 1253
4430 271 1252 1251
400 1161 0 0
1673 1789 0 0
716 908 1260 1254
662 1016 1255 0
131 650 1256 0
368 524 1257 0
2701 3130 0 1258
550 1341 0 1259
2370 2574 0 0
123 591 1267 1261
2695 3497 0 1262
4878 256 0 1263
4877 200 0 1264
3363 4294 1266 1265
3682 3811 0 0
1208 1669 0 0
4743 4789 0 1268
2825 3291 1269 1272
2840 3673 0 1270
2492 3414 0 1271
838 1062 0 0
3414 4397 0 1273
3888 4349 1274 0
2516 3149 1275 1281
2910 3018 1276 1277
2771 3638 0 0
2509 2881 0 1278
1680 2678 0 1279
3710 3874 0 1280
104 989 0 0
3159 3534 1282 1289
3578 3866 1283 0
3216 3435 1286 1284
2424 2676 1285 0
2663 2669 0 0
4490 4941 1287 0
2653 3208 0 1288
3907 4716 0 0
4990 258 1296 1290
522 929 1291 0
533 1228 1292 0
3506 4477 0 1293
2982 3076 1294 0
1346 2321 0 1295
2026 2876 0 0
4293 4925 1297 0
4647 255 1299 1298
1587 2181 0 0
4933 292 1309 1300
2423 2738 1302 1301
2618 2770 0 0
1199 1716 1303 0
3774 4405 1304 0
4047 4999 1305 0
3752 4489 1306 1307
3670 4085 0 0
2591 3301 1308 0
3680 4218 0 0
2962 3924 1314 1310
3954 4486 0 1311
4441 4687 1312 0
1305 1639 1313 0
2650 2838 0 0
4275 4990 1315 1323
357 768 1316 1322
52 153 0 1317
823 1174 0 1318
3987 4980 1321 1319
4635 4696 0 1320
3867 4049 0 0
1156 2017 0 0
3490 4285 0 0
4549 6 1330 1324
3293 3606 0 1325
4089 4462 1326 0
810 1305 1328 1327
1859 2331 0 0
2588 3185 1329 0
4568 378 0 0
4995 583 1331 1332
4136 4638 0 0
3553 3901 1333 1341
120 210 1335 1334
2935 3284 0 0
323 335 1336 1339
1574 2288 0 1337
420 532 1338 0
782 1760 0 0
4574 69 0 1340
2882 3603 0 0
2980 3654 1342 0
4353 336 1343 1344
657 1096 0 0
879 1662 1352 1345
4025 4908 1346 0
1370 1813 1347 0
3086 3711 1349 1348
2926 3396 0 0
1805 2302 0 1350
1233 1891 0 1351
3974 4115 0 0
1384 1899 1353 1358
167 696 0 1354
1944 2244 0 1355
1370 2011 1357 1356
214 382 0 0
4450 4992 0 0
1295 2011 1359 1363
3154 4006 1362 1360
1208 1371 0 1361
4710 628 0 0
3040 3689 0 0
784 1275 1364 1372
3641 3974 1365 0
4596 4706 0 1366
315 372 1369 1367
2909 3573 1368 0
25 724 0 0
2326 3190 1370 0
3442 4067 0 1371
4049 4087 0 0
3465 4209 1373 0
2755 3591 1379 1374
1309 1859 0 1375
1670 2340 1376 0
2729 3722 0 1377
4302 138 0 1378
933 1804 0 0
3765 3834 1388 1380
1236 2019 1381 1384
3503 3605 1382 0
2836 3116 1383 0
862 1146 0 0
705 834 0 1385
4575 549 1386 1387
1139 2092 0 0
4899 681 0 0
4459 4747 0 1389
1488 2306 1390 1397
1234 1335 1391 1396
3933 4043 0 1392
4937 450 1393 0
2433 3397 0 1394
3746 4117 0 1395
605 1028 0 0
1182 1300 0 0
4477 4537 1398 1406
4413 78 0 1399
91 588 1400 1403
2641 3294 1401 0
3308 3431 0 1402
4675 487 0 0
1681 1980 0 1404
2853 3172 1405 0
2543 3167 0 0
78 431 1414 1407
4968 147 0 1408
161 804 1409 1410
2320 2823 0 0
2814 2829 0 1411
3120 3920 0 1412
2943 3560 0 1413
3063 3500 0 0
1284 2126 1415 1419
1972 2797 0 1416
3504 4303 1417 0
1740 2722 0 1418
4506 372 0 0
4450 4485 1420 1422
4526 101 1421 0
4170 4738 0 0
4809 467 1423 1431
1214 1892 0 1424
2144 2895 0 1425
3594 4191 1426 0
2241 2971 0 1427
2783 3095 1428 0
4888 360 0 1429
491 1127 1430 0
891 1472 0 0
2879 3688 1440 1432
1567 2110 1433 0
384 1016 1434 1439
4737 4812 1435 0
3199 3357 1436 0
1238 2013 1437 0
3073 3672 0 1438
379 1275 0 0
1279 1406 0 0
1734 1923 1444 1441
3399 3660 1443 1442
315 1126 0 0
1001 1258 0 0
599 1225 1448 1445
139 298 1446 0
889 1297 1447 0
198 218 0 0
3620 4465 1453 1449
158 182 0 1450
1767 2302 1451 0
3390 3555 1452 0
2301 2620 0 0
3034 3578 1462 1454
989 1072 1460 1455
3427 3800 1456 0
3555 3848 0 1457
959 1342 0 1458
1549 1633 0 1459
1350 2142 0 0
1966 2207 1461 0
126 812 0 0
3655 3948 1463 1472
2944 3224 1464 0
169 1050 1471 1465
1984 2271 0 1466
4700 339 0 1467
145 953 0 1468
3940 4531 1469 0
2239 2407 0 1470
3414 3713 0 0
3091 3612 0 0
343 654 1473 1476
2258 3055 1474 0
3694 3970 1475 0
1183 1447 0 0
2165 2553 1477 1480
4108 4878 1478 1479
1435 1630 0 0
3501 4474 0 0
365 641 1481 1485
1437 1626 0 1482
2297 2674 1483 0
4335 197 0 1484
1282 1705 0 0
3935 4049 1486 1487
4495 184 0 0
1174 2104 1488 1495
1187 1663 1489 0
1265 1469 0 1490
4158 4801 1491 0
1434 1777 1492 0
4842 269 0 1493
806 945 0 1494
2487 2697 0 0
3653 3857 1504 1496
4176 4276 1497 1503
3838 4439 1499 1498
2180 2986 0 0
544 903 0 1500
4327 4422 1501 1502
4826 486 0 0
3902 4665 0 0
1948 2933 0 0
4358 4592 1506 1505
1323 1810 0 0
2797 3374 1507 1516
745 1470 1513 1508
1415 1510 1509 1511
3403 4331 0 1510
2235 2501 0 0
1193 1366 0 1512
755 1165 0 0
3473 4348 1514 0
1695 2046 0 1515
1061 1186 0 0
4019 4658 0 1517
2408 2902 1521 1518
1117 1984 1519 0
4837 234 0 1520
1176 1426 0 0
1529 2157 1525 1522
2964 3962 1523 0
995 1358 0 1524
531 1177 0 0
1907 2285 1528 1526
3933 4056 0 1527
2496 2759 0 0
605 1084 1529 1534
1608 2308 0 1530
2714 2980 0 1531
3645 3650 0 1532
2591 3358 1533 0
2442 2923 0 0
275 450 1538 1535
810 873 1536 1537
4505 374 0 0
2737 3292 0 0
4641 371 1539 1544
3057 3522 0 1540
4550 335 1541 0
4094 4998 0 1542
775 1380 1543 0
3122 4077 0 0
110 367 1545 0
1051 1223 1546 1547
2515 2620 0 0
2472 3346 1550 1548
3346 3754 0 1549
4655 244 0 0
3216 3913 1551 1553
1306 2281 1552 0
4250 4436 0 0
3229 3530 1556 1554
4167 60 0 1555
2113 2679 0 0
2529 3425 1557 1558
1861 2192 0 0
4191 4327 1559 1568
1144 2128 0 1560
590 1040 0 1561
1368 1698 1562 0
2972 3295 1563 0
3822 4680 1564 0
4460 164 1566 1565
1695 2656 0 0
4485 4525 0 1567
2701 3081 0 0
1386 2362 1578 1569
340 1182 1570 1576
2595 3266 1571 0
2965 3656 0 1572
4058 4942 0 1573
4271 4626 1574 0
3664 4172 1575 0
297 872 0 0
4438 111 0 1577
369 920 0 0
3660 4563 1579 1583
520 1397 1580 0
525 1006 1581 0
3635 4249 1582 0
4224 4331 0 0
4547 4561 1584 1590
2425 2426 1585 1588
1278 1303 0 1586
4847 4999 1587 0
3565 3684 0 0
1435 1998 1589 0
860 1707 0 0
215 257 1596 1591
3373 3420 1592 1593
3917 4210 0 0
3436 3823 1594 0
2739 2938 0 1595
324 1200 0 0
4718 4799 1603 1597
3657 4164 1600 1598
1035 1975 1599 0
989 1932 0 0
4912 844 1601 0
2972 3310 1602 0
3265 3450 0 0
4783 474 1609 1604
3372 4107 0 1605
4876 659 0 1606
214 1174 0 1607
1212 2117 0 1608
4059 4419 0 0
1084 1881 1618 1610
1610 2468 1616 1611
3700 4523 1612 0
4806 568 1613 1615
11 716 1614 0
2166 3040 0 0
1986 2702 0 0
3125 3853 1617 0
804 1483 0 0
3307 4059 1619 1622
4789 291 0 1620
2035 2681 0 1621
3624 4245 0 0
972 1219 1623 1627
1262 2243 0 1624
3544 4217 0 1625
2942 3323 1626 0
791 1223 0 0
1176 1349 1628 1632
3965 4727 1629 0
881 1328 0 1630
4111 4724 0 1631
2218 3130 0 0
682 945 1633 1640
2240 3126 1634 1637
1909 2579 0 1635
1878 2551 0 1636
4034 28 0 0
2646 3260 0 1638
1089 1113 1639 0
1532 2430 0 0
989 1701 1649 1641
340 952 1643 1642
3036 3269 0 0
2270 3213 1646 1644
2323 2862 0 1645
3569 4415 0 0
4528 221 0 1647
4413 4542 0 1648
791 1647 0 0
4896 495 1653 1650
2165 2217 0 1651
3274 3854 1652 0
1000 1226 0 0
1416 1917 1656 1654
3413 3654 0 1655
413 414 0 0
2840 3245 1662 1657
613 1287 1658 0
1096 1573 1659 0
688 1628 0 1660
697 925 0 1661
1261 1683 0 0
2144 3090 1671 1663
1236 1763 1664 0
1658 2237 1668 1665
162 869 0 1666
3245 4157 1667 0
3561 4487 0 0
3061 3530 0 1669
3654 4005 0 1670
1545 2461 0 0
161 586 1672 1673
4539 4971 0 0
3801 3887 1674 1683
4548 456 1679 1675
5 698 1676 0
1038 1986 0 1677
380 1018 1678 0
1975 2315 0 0
1894 2881 0 1680
2437 3389 1681 1682
1320 1985 0 0
1548 1576 0 0
1852 2219 1684 1688
1634 2471 1685 0
2542 3493 0 1686
972 1404 1687 0
1209 1308 0 0
4358 4743 1690 1689
1704 2249 0 0
1143 1781 1696 1691
4461 4750 0 1692
4698 4735 1693 0
3294 3821 1695 1694
2622 3529 0 0
4179 128 0 0
799 974 1700 1697
2937 3347 0 1698
3883 4194 1699 0
4146 34 0 0
4893 14 1705 1701
2682 3333 1702 0
422 890 1703 0
2292 3266 0 1704
1319 1695 0 0
3483 3869 1713 1706
865 1476 1707 1708
2633 2706 0 0
733 1011 0 1709
355 1187 1710 0
4228 4739 1711 0
1635 1743 1712 0
488 921 0 0
933 1379 1719 1714
4888 393 0 1715
3139 3868 0 1716
3784 4113 0 1717
3609 3892 0 1718
1671 2513 0 0
2425 2916 1720 1722
1464 2125 0 1721
2353 2707 0 0
1058 1430 1726 1723
1936 2349 1725 1724
3800 4471 0 0
1700 1870 0 0
3569 4186 1727 1731
2999 3183 1728 0
3296 4188 0 1729
757 977 0 1730
2725 3142 0 0
711 865 1732 1738
2835 3056 1733 0
4108 4892 1734 1737
1624 2521 0 1735
819 1468 0 1736
2464 2481 0 0
2818 3419 0 0
2242 3233 1739 1742
3586 3822 1740 1741
4370 4802 0 0
3624 4188 0 0
4309 60 1743 1747
590 1281 0 1744
1616 2017 1745 0
3864 4685 0 1746
209 434 0 0
503 1184 1750 1748
4876 345 1749 0
817 1315 0 0
232 577 1751 1757
199 904 0 1752
3943 4841 1753 0
4102 4484 1754 0
4402 4615 0 1755
2295 2486 0 1756
3323 3780 0 0
1671 2582 1758 1767
2881 3692 1759 1760
1192 1818 0 0
4471 263 1761 1763
1110 2086 1762 0
1789 2421 0 0
1626 2251 1766 1764
1733 2462 1765 0
1234 1874 0 0
4399 4665 0 0
2415 3354 1771 1768
3166 3911 0 1769
2534 3200 0 1770
2113 2424 0 0
4880 597 1772 1780
315 477 1773 1776
1322 1373 1774 0
1059 2046 0 1775
837 1157 0 0
69 879 1777 0
4895 485 1778 0
4871 4885 1779 0
3256 3576 0 0
2053 2158 0 1781
4358 4497 1782 1788
3261 3761 1783 0
2018 2672 1784 0
4756 667 0 1785
857 1613 0 1786
767 922 1787 0
3155 3970 0 0
3995 4871 1792 1789
351 1278 0 1790
3045 3654 0 1791
1246 1297 0 0
4922 639 1793 1794
131 570 0 0
2209 2716 1795 1803
1738 1865 0 1796
836 1522 1797 1800
1613 1871 1798 0
419 442 1799 0
3216 4163 0 0
977 1475 1801 0
3167 4067 1802 0
605 1288 0 0
2178 2382 1804 1810
2066 2975 1805 1808
3704 4363 1807 1806
4735 266 0 0
4801 228 0 0
2111 2338 0 1809
635 1573 0 0
2434 3049 1811 1817
302 731 1816 1812
915 1153 0 1813
2128 2566 1814 0
4536 4947 1815 0
3610 4011 0 0
1861 2689 0 0
2744 3732 0 1818
1481 2447 1819 1820
4709 106 0 0
2704 2726 1821 1827
2869 2877 1822 0
2495 3474 0 1823
4297 4378 1824 1826
2611 3574 1825 0
4902 581 0 0
3770 4445 0 0
2590 2688 1837 1828
872 1154 1829 0
3678 4205 1830 1836
3932 4468 0 1831
174 335 0 1832
4265 4933 1833 0
1453 1463 0 1834
2565 2936 1835 0
4386 316 0 0
2925 3349 0 0
556 698 1846 1838
1879 2655 1839 0
1043 1408 1840 1844
4630 466 0 1841
4924 51 0 1842
4850 471 0 1843
4537 4873 0 0
2597 2848 1845 0
4447 4691 0 0
792 1662 1847 1854
2462 3320 0 1848
3220 3685 0 1849
4269 4707 0 1850
729 1597 1851 0
4851 4981 0 1852
1658 1731 1853 0
1775 2644 0 0
4662 471 1855 1859
1889 2615 0 1856
2321 3225 0 1857
1558 2480 0 1858
2609 3295 0 0
320 917 1860 1868
4802 361 1861 0
1267 1984 0 1862
3842 4328 1866 1863
1786 2471 1864 0
990 1947 1865 0
4408 4721 0 0
4603 91 0 1867
2103 2684 0 0
4974 585 1869 1873
4773 640 1870 0
2276 3076 1871 0
4625 4958 0 1872
1122 1328 0 0
315 890 1874 1882
143 381 1875 1879
3513 4106 0 1876
4245 4621 0 1877
4211 4695 0 1878
3980 4498 0 0
3768 4090 1880 0
4023 4278 0 1881
494 1113 0 0
1941 2340 1890 1883
3902 4026 1884 0
105 765 0 1885
3678 4209 0 1886
3858 3926 1889 1887
3870 4015 0 1888
187 721 0 0
4819 594 0 0
740 1682 1891 0
4238 4299 1897 1892
2816 3061 1893 0
2342 2828 1894 0
3989 4693 1895 0
538 546 1896 0
936 1159 0 0
3104 3851 1898 1900
1030 1095 0 1899
713 1640 0 0
763 1521 1909 1901
3026 3613 1903 1902
2063 2828 0 0
3165 3312 1904 0
4548 372 1905 0
4702 4784 0 1906
4793 621 1907 0
2895 3191 0 1908
1866 2095 0 0
4380 154 1910 1915
2534 3144 0 1911
3191 3663 0 1912
4999 940 1913 0
2213 2406 1914 0
1318 2100 0 0
2527 2636 1920 1916
4181 4909 1918 1917
594 1533 0 0
1155 1798 0 1919
840 1187 0 0
4171 4935 1921 1922
2236 2699 0 0
1533 2527 1923 0
890 1205 1925 1924
2875 3485 0 0
333 670 1928 1926
2805 3443 0 1927
335 568 0 0
2062 2767 1936 1929
1917 2548 1935 1930
2917 3363 0 1931
3456 3575 1932 0
2718 3487 1933 0
4093 4226 0 1934
2438 3420 0 0
3205 3213 0 0
98 588 1937 1939
2462 2524 1938 0
3240 3607 0 0
2873 3567 1949 1940
372 951 0 1941
618 1428 1942 0
2116 2670 1943 0
2403 3007 1944 0
1341 1832 1946 1945
496 866 0 0
812 1365 1947 0
3148 3809 1948 0
494 1097 0 0
3187 4073 1950 1952
1400 2135 1951 0
822 1776 0 0
3648 4234 1953 1960
827 1187 1954 0
1722 1964 1956 1955
4715 4979 0 0
4763 4843 0 1957
1313 2008 1958 0
4194 4850 0 1959
4953 569 0 0
3274 3533 1969 1961
2455 3356 1962 0
114 777 1963 1965
2948 3642 1964 0
1565 1962 0 0
3701 3725 1966 0
3530 3910 0 1967
3651 3917 1968 0
3909 4297 0 0
3788 4569 1973 1970
3380 3825 1971 0
3704 4122 1972 0
4826 99 0 0
69 741 1974 1983
2576 2951 0 1975
4771 633 1976 1980
3775 3960 1979 1977
2025 2607 1978 0
1888 2057 0 0
3359 4097 0 0
4375 142 1981 0
3620 3935 1982 0
3154 3384 0 0
1066 1578 0 1984
3143 4055 1985 1989
30 186 1986 0
4045 4748 0 1987
4427 4694 0 1988
2969 3967 0 0
2487 2549 0 1990
146 585 1991 1996
2405 3130 0 1992
3053 3179 0 1993
3794 4439 1994 0
3458 3519 1995 0
544 1114 0 0
1069 1382 2001 1997
2750 3381 1998 0
2559 3292 0 1999
61 416 2000 0
1818 2440 0 0
5 427 2009 2002
2976 3016 0 2003
3094 3810 2008 2004
180 491 2006 2005
767 1592 0 0
4391 335 2007 0
2451 2529 0 0
2157 3077 0 0
4479 4514 0 2010
4510 442 2011 2014
3406 3860 2012 0
182 497 2013 0
2501 2520 0 0
1540 2406 2015 2024
4822 466 2016 2020
4567 534 0 2017
209 435 2018 0
2876 3188 0 2019
3222 3683 0 0
4009 4029 0 2021
1341 1437 2022 0
2486 3303 0 2023
2839 3424 0 0
3198 3822 2025 2029
730 1298 0 2026
3523 3962 2027 0
776 1525 0 2028
1495 1533 0 0
1913 2848 2030 2036
779 1518 0 2031
1637 1727 2032 2034
4380 4757 2033 0
1346 2131 0 0
809 1552 0 2035
4652 105 0 0
655 732 2042 2037
4664 4780 2038 0
4101 4153 2039 0
3720 3885 2040 0
1873 2384 0 2041
954 1117 0 0
265 333 2045 2043
265 801 0 2044
1682 1874 0 0
3418 4358 2046 2055
4132 4894 0 2047
2480 2606 2048 0
1547 1977 0 2049
3113 3139 0 2050
1608 2461 2054 2051
3511 3947 2052 0
3078 4032 0 2053
4992 60 0 0
3630 3871 0 0
1790 2553 2056 2064
4348 4879 0 2057
2207 2660 2062 2058
3624 3765 2059 0
702 1621 2060 0
933 1407 2061 0
1337 1875 0 0
1997 2939 0 2063
4521 4729 0 0
3523 3975 2065 2072
3573 4323 0 2066
984 1746 0 2067
47 459 2071 2068
2887 3459 2069 0
293 534 2070 0
1817 2391 0 0
913 1563 0 0
441 1295 2082 2073
3434 4375 2075 2074
2016 2361 0 0
3753 4545 2081 2076
923 1183 2077 0
2820 3692 0 2078
3512 4398 0 2079
271 854 2080 0
2421 2946 0 0
3902 4067 0 0
1001 1959 2083 2088
4980 614 2087 2084
2633 3394 0 2085
3599 4466 2086 0
2516 2824 0 0
2250 2533 0 0
3551 3950 2093 2089
745 1517 0 2090
1218 1649 2091 0
1425 1503 0 2092
3257 4168 0 0
365 1324 2103 2094
1844 2112 0 2095
4410 4934 2096 2099
3464 3568 0 2097
684 1570 0 2098
3315 3540 0 0
4503 424 0 2100
1692 2567 0 2101
519 568 2102 0
1881 2180 0 0
4664 4877 2104 2111
4910 675 2106 2105
3494 3991 0 0
4645 630 2110 2107
4094 4813 0 2108
1369 1834 2109 0
3764 4754 0 0
4433 4792 0 0
2346 3136 2112 2113
4707 103 0 0
4152 4786 2114 2119
2631 3579 2115 2118
3798 4140 2116 0
3904 4616 0 2117
972 1503 0 0
1127 1363 0 0
3907 4156 0 2120
1095 1097 2121 2126
1097 1174 2122 0
3825 4015 0 2123
1880 2796 0 2124
2745 3461 2125 0
1927 2725 0 0
2432 2695 2134 2127
3760 4230 0 2128
3201 3796 0 2129
545 1385 2130 0
196 537 2133 2131
475 1239 2132 0
3645 4167 0 0
4750 4985 0 0
3230 4099 2135 2144
1611 2530 2136 2141
569 710 0 2137
4192 4304 2138 0
2303 2597 0 2139
568 1228 0 2140
3180 4082 0 0
3232 4086 2142 0
3408 4324 0 2143
4467 4606 0 0
2279 2851 2147 2145
4151 4424 2146 0
3074 3527 0 0
662 1199 2148 2152
1644 2411 2149 0
2934 3884 2150 0
4278 4597 0 2151
3401 4015 0 0
316 746 2153 0
2605 3446 2159 2154
3493 4406 0 2155
813 1013 0 2156
1511 2224 0 2157
774 1581 2158 0
809 1662 0 0
563 961 2160 2163
4655 70 0 2161
1618 2030 2162 0
4209 4910 0 0
4605 410 2172 2164
3972 4101 2165 2169
850 1497 2167 2166
3728 4267 0 0
4212 4891 2168 0
1160 1957 0 0
4743 656 0 2170
2637 3364 2171 0
223 1030 0 0
228 512 2173 2178
3338 3747 0 2174
3491 3936 2176 2175
505 1375 0 0
4008 4436 0 2177
1827 1901 0 0
1610 1638 2188 2179
3970 4707 2186 2180
541 1276 2183 2181
3292 3687 0 2182
1315 1858 0 0
4668 4685 2184 0
86 240 2185 0
3198 3813 0 0
1799 2047 0 2187
399 713 0 0
3298 3569 2189 2197
4426 13 2190 2191
1727 2080 0 0
4100 4840 0 2192
4402 4765 2193 0
481 732 2194 0
3756 4037 2195 0
3060 3585 0 2196
2424 3353 0 0
2284 3265 0 2198
4543 492 2199 0
2689 3478 2209 2200
2917 3546 2201 2205
3611 4255 2202 0
3105 3925 0 2203
2875 2915 2204 0
977 1683 0 0
1064 1742 2206 0
4371 4517 2207 2208
684 1596 0 0
589 1313 0 0
580 922 2219 2210
3119 3189 2211 0
4828 4980 2212 2217
2708 2978 0 2213
4976 499 2214 0
1044 2016 0 2215
508 686 0 2216
3869 4667 0 0
397 732 0 2218
3085 4008 0 0
733 1295 2222 2220
281 957 2221 0
4051 4940 0 0
4465 385 2223 2227
4185 34 2224 0
2794 2953 2225 2226
2829 2985 0 0
411 1085 0 0
1000 1323 2228 2233
3409 3945 0 2229
1570 1655 2231 2230
1435 2327 0 0
1452 1613 2232 0
998 1683 0 0
4196 4629 2234 2243
2514 3312 2239 2235
1924 2708 0 2236
1939 2818 2237 0
4876 481 2238 0
4985 892 0 0
227 731 0 2240
1304 2141 0 2241
1106 1710 0 2242
1409 1541 0 0
4402 239 2244 0
1135 1853 2245 2250
2329 2933 2246 0
3283 4103 2249 2247
1681 1882 2248 0
2768 2834 0 0
4832 4921 0 0
4400 219 2251 2257
1225 1322 2252 0
4854 4920 2256 2253
2985 3066 0 2254
257 1125 2255 0
507 663 0 0
399 1003 0 0
2061 2604 2267 2258
3112 3966 2259 0
1 448 2260 2263
262 982 2261 0
1573 1997 2262 0
3620 3858 0 0
2419 2511 2265 2264
2988 3386 0 0
4425 4985 0 2266
2567 3530 0 0
3474 4159 2268 2275
4346 248 2269 2272
404 1154 0 2270
4139 4836 2271 0
1184 1990 0 0
3672 3965 2273 0
925 1857 0 2274
760 1607 0 0
3389 3622 2276 2279
575 1310 2277 0
510 1038 0 2278
2246 2935 0 0
3003 3346 0 2280
4713 296 2287 2281
3144 3190 2282 0
496 1463 0 2283
2097 2551 2284 0
1015 1512 0 2285
164 1080 0 2286
2846 3202 0 0
242 487 2288 2290
273 690 2289 0
4283 4959 0 0
3777 3960 2292 2291
3527 4289 0 0
3681 3778 2293 2299
1701 2010 2294 0
4498 279 2295 0
3175 3435 0 2296
4048 4327 0 2297
3644 3798 0 2298
2954 3191 0 0
2342 2512 2307 2300
3766 4482 2301 2306
4289 4579 0 2302
4826 229 2304 2303
602 660 0 0
3796 4266 2305 0
1077 1395 0 0
3692 4458 0 0
1134 1296 2308 2309
4364 4491 0 0
1225 1791 0 2310
1463 1953 2320 2311
986 1925 2312 2316
1751 2339 2314 2313
1502 1563 0 0
4773 252 2315 0
3039 3824 0 0
1566 1669 0 2317
1692 2684 2318 0
3936 4632 2319 0
1255 1571 0 0
3521 3687 2321 2327
3429 3936 2322 0
1751 1851 0 2323
2746 3028 2324 0
3825 3954 2325 0
762 1734 0 2326
3885 4278 0 0
3945 4908 2334 2328
4464 4992 0 2329
1604 1794 0 2330
1194 1654 2331 0
1390 1970 0 2332
3255 3674 0 2333
2164 2179 0 0
855 1848 2337 2335
529 950 0 2336
3318 4213 0 0
2386 2989 2338 2339
1373 1663 0 0
27 557 2340 2345
967 1823 0 2341
2809 3184 2342 0
4333 4693 2343 0
3622 4099 0 2344
4170 4571 0 0
2832 2902 2346 2355
4280 4363 2354 2347
1226 2084 2348 0
4089 4495 2352 2349
2793 3088 2350 0
4567 383 2351 0
592 1314 0 0
3885 4688 0 2353
1893 2194 0 0
4147 4649 0 0
3226 3331 2356 2365
4222 4960 2357 2360
868 1130 2358 0
2069 2165 0 2359
1239 2120 0 0
3925 4350 2361 0
3593 3693 0 2362
4335 4653 2363 0
4619 31 0 2364
1149 1638 0 0
4315 4955 2366 2368
3928 4748 0 2367
1188 1321 0 0
2397 3342 2369 2375
4068 4078 0 2370
4027 4996 2371 2372
4005 4701 0 0
2430 2623 0 2373
1429 1654 0 2374
4663 4872 0 0
2959 3789 2376 2378
3074 3105 0 2377
943 1800 0 0
4303 4499 2382 2379
1345 1939 0 2380
162 239 0 2381
515 1243 0 0
499 760 2385 2383
4894 20 2384 0
4958 87 0 0
2729 3202 2386 2393
243 303 0 2387
1670 1685 2388 0
3680 4299 0 2389
4412 4518 0 2390
4146 4446 0 2391
4467 7 0 2392
2720 3355 0 0
1595 1688 2402 2394
1184 1301 2395 0
4893 136 2397 2396
32 289 0 0
3136 3554 2398 0
3734 3889 0 2399
1453 1577 0 2400
440 1050 2401 0
3643 3790 0 0
2286 2491 2412 2403
4173 4970 2404 2409
2218 2316 2405 0
1839 2613 2406 0
447 1086 0 2407
1045 1761 0 2408
1799 2132 0 0
4299 4962 0 2410
2707 3020 0 2411
3214 3974 0 0
2775 3643 2413 2422
2850 3590 2414 2418
1483 1673 2416 2415
1617 2497 0 0
484 1346 0 2417
1571 2394 0 0
4385 287 2419 0
1416 1754 2420 0
4246 171 0 2421
4448 4800 0 0
3644 3904 2423 2428
203 825 2427 2424
1951 2388 0 2425
361 961 2426 0
4391 4703 0 0
2436 3236 0 0
2296 2728 2429 2431
3505 4335 0 2430
4082 4432 0 0
131 765 2432 2435
2609 3413 0 2433
3223 3461 2434 0
493 506 0 0
2233 2424 2436 2441
2724 3103 2439 2437
4734 259 0 2438
2723 2820 0 0
336 345 2440 0
4753 4764 0 0
2245 2284 2442 2445
660 1206 0 2443
1519 1795 2444 0
1146 1598 0 0
4958 423 2446 2448
1801 2484 2447 0
986 1403 0 0
2983 3323 2449 2457
2825 3825 2450 0
3147 3383 0 2451
4511 139 2452 0
1082 1736 0 2453
3841 4305 2455 2454
1195 1811 0 0
1377 1799 0 2456
492 523 0 0
181 1010 2459 2458
4931 138 0 0
712 1371 2460 2466
1405 1517 2461 0
175 308 2462 0
4442 4815 2463 2465
1222 1275 2464 0
951 1238 0 0
2433 3325 0 0
4818 147 2467 2472
2810 2826 2468 2471
4642 335 0 2469
1689 2592 2470 0
2789 3205 0 0
1184 1612 0 0
4456 4913 2473 2476
3587 4508 0 2474
3386 3545 0 2475
1614 2292 0 0
2449 2797 2479 2477
303 960 0 2478
796 1696 0 0
583 670 2487 2480
2271 3250 2481 2484
1997 2799 2482 0
3987 4409 2483 0
1715 2695 0 0
3187 3843 2485 0
4767 289 2486 0
1552 1712 0 0
1387 2239 2488 2496
4037 4966 2489 0
4454 4898 2490 0
859 1118 2491 2495
353 670 0 2492
823 831 0 2493
2899 2937 0 2494
2143 2256 0 0
3877 4036 0 0
753 1186 2501 2497
2095 2658 2500 2498
2716 3654 0 2499
249 880 0 0
3733 4116 0 0
226 868 2502 2508
4451 29 0 2503
2741 2819 2504 2506
4652 259 2505 0
4430 4828 0 0
230 263 2507 0
4066 4417 0 0
4078 4538 2509 2518
4516 432 2510 2513
4636 4790 0 2511
1385 1477 0 2512
332 1213 0 0
1733 2380 2516 2514
839 1508 0 2515
484 1126 0 0
2073 3003 0 2517
3266 4257 0 0
1761 2758 2525 2519
1875 2852 2520 0
1459 1791 0 2521
4284 4474 0 2522
41 811 2523 0
2999 3580 2524 0
4294 4510 0 0
483 821 2526 2531
1658 2194 2527 2528
682 1257 0 0
3121 3125 2529 0
610 1240 2530 0
4475 4714 0 0
780 1720 2536 2532
1573 1678 0 2533
2328 3264 2534 0
3343 4224 2535 0
4415 4628 0 0
4341 4963 2537 2545
1479 1883 2538 0
1414 2077 2539 0
3754 4352 0 2540
847 1155 2541 2542
2887 3879 0 0
2129 2733 2543 0
4688 4936 2544 0
4751 215 0 0
2195 2993 2546 2550
4337 4673 0 2547
1922 2169 0 2548
667 1295 0 2549
914 1632 0 0
3935 4621 2557 2551
4759 466 2552 2554
3455 4438 0 2553
2191 3152 0 0
2828 3258 0 2555
4282 229 0 2556
3050 3730 0 0
1929 2904 2566 2558
849 1613 2564 2559
1860 1938 2563 2560
4157 4300 0 2561
3546 3860 2562 0
1607 1855 0 0
4500 36 0 0
4675 111 2565 0
106 626 0 0
632 1172 2568 2567
1430 2369 0 0
914 1583 2569 2576
2124 2617 2570 2574
4459 388 2572 2571
3072 3107 0 0
3454 4250 0 2573
3343 3598 0 0
323 1117 0 2575
4237 4990 0 0
686 1517 2578 2577
2726 2934 0 0
1055 1686 2582 2579
1661 1702 0 2580
2435 2882 2581 0
1176 1575 0 0
2762 2861 2584 2583
929 1037 0 0
3359 4209 2585 0
630 1133 2592 2586
3436 3747 0 2587
1251 2010 2591 2588
3195 3460 0 2589
99 1074 2590 0
885 1418 0 0
1691 1749 0 0
2735 3345 2593 2600
2607 3295 2596 2594
1632 2301 2595 0
1354 1676 0 0
1501 1531 0 2597
4258 4309 2598 0
1949 2104 2599 0
4009 4984 0 0
4189 97 2601 2603
710 1614 0 2602
1821 1916 0 0
954 1457 2606 2604
2593 3038 2605 0
4692 380 0 0
2273 2693 2616 2607
4438 399 2609 2608
1066 2000 0 0
1253 1625 2610 0
2699 3613 2611 0
1468 2126 2612 2613
3480 4018 0 0
3802 3917 0 2614
762 1023 0 2615
1359 1683 0 0
581 1026 2617 2622
4955 667 2618 0
800 899 2619 2621
544 754 0 2620
425 1339 0 0
4275 4324 0 0
3343 4304 2626 2623
4990 515 0 2624
1374 2155 2625 0
721 1234 0 0
2134 2885 2634 2627
492 614 2632 2628
924 1157 0 2629
4535 102 0 2630
1232 1639 0 2631
3258 3684 0 0
2629 2905 2633 0
2526 3180 0 0
1900 2174 2635 2636
3506 4354 0 0
3834 4760 2637 2643
4990 649 2638 2641
4901 4928 2639 0
4100 4635 2640 0
3475 4049 0 0
3946 4188 0 2642
1187 1581 0 0
3673 4250 2648 2644
442 1343 2645 0
2193 2522 2646 0
3695 4273 0 2647
4987 636 0 0
2511 2712 2649 2654
2493 2823 0 2650
18 886 2653 2651
2794 3204 0 2652
2668 3391 0 0
2983 3204 0 0
3445 4231 2656 2655
4751 621 0 0
2121 2306 2661 2657
4872 732 0 2658
2329 2990 0 2659
2676 3052 0 2660
4048 4517 0 0
1568 2526 2662 2671
1879 2774 2663 2664
4936 250 0 0
1394 1558 2665 2668
4146 4359 0 2666
865 1594 0 2667
951 1095 0 0
2119 2878 2670 2669
1221 1373 0 0
4374 148 0 0
1687 2282 2672 2674
3073 3775 0 2673
4675 4757 0 0
864 1062 2682 2675
859 1290 2676 2680
712 1096 2677 0
2453 3342 2678 0
1657 2197 0 2679
4739 272 0 0
382 779 2681 0
1836 2323 0 0
2385 2690 2690 2683
1873 2195 0 2684
4740 4912 0 2685
440 644 2688 2686
128 487 0 2687
2893 2994 0 0
2906 3335 2689 0
1764 2254 0 0
2441 3392 2692 2691
4008 4917 0 0
1162 1938 2696 2693
1055 1550 0 2694
2292 2359 0 2695
3731 3940 0 0
1588 1864 2702 2697
3907 4578 0 2698
290 630 2699 0
3104 3878 2700 0
3898 3979 0 2701
3137 3441 0 0
36 777 2712 2703
4655 460 2704 2705
556 1210 0 0
1842 1918 2711 2706
131 1129 2709 2707
3250 3485 2708 0
1468 2456 0 0
4462 4953 2710 0
4528 83 0 0
4017 4520 0 0
3475 4172 2713 2720
4840 534 2714 0
1708 2422 2715 0
773 828 2716 0
1801 2623 0 2717
3287 3308 0 2718
1665 1849 2719 0
3415 3794 0 0
368 1177 2721 2727
1965 2438 0 2722
1406 1659 2723 0
4713 105 2724 0
3776 4124 2725 0
4227 4294 0 2726
4046 4801 0 0
3515 4113 2733 2728
2619 2855 0 2729
745 1172 2730 0
4992 595 0 2731
4655 4930 0 2732
2697 2876 0 0
2850 3180 2734 2742
2111 2432 2735 2740
461 979 0 2736
2564 3178 2737 0
605 1094 0 2738
2922 3613 0 2739
1950 2803 0 0
2869 2965 0 2741
4260 243 0 0
3820 4233 2743 2748
2635 3106 2744 0
4716 633 2745 0
976 1823 2747 2746
853 1405 0 0
3774 4344 0 0
2315 3235 2749 0
3978 4594 2754 2750
1582 2196 0 2751
4183 4894 0 2752
4666 367 2753 0
4819 622 0 0
800 919 2761 2755
2376 3257 2756 0
355 1347 2757 2759
3003 3715 2758 0
4188 4596 0 0
48 402 2760 0
4647 163 0 0
2589 2695 2762 2771
131 298 2766 2763
2779 3344 0 2764
1790 2515 2765 0
2344 2478 0 0
4407 4999 0 2767
3511 4444 0 2768
4258 177 0 2769
846 1350 2770 0
3927 4642 0 0
4951 484 2779 2772
3787 4495 2773 2774
2544 3374 0 0
765 985 0 2775
2515 3017 0 2776
339 1061 0 2777
3582 4041 0 2778
4291 180 0 0
1100 1544 2780 2783
562 588 0 2781
4155 4704 2782 0
4096 4480 0 0
12 733 2784 2785
2034 2132 0 0
3382 3701 2790 2786
3079 3797 0 2787
1683 2267 0 2788
2004 2904 2789 0
1793 2113 0 0
648 1041 2791 2799
3018 3981 0 2792
3368 3573 2793 0
1013 1119 2795 2794
4579 338 0 0
2571 3217 2796 0
2471 3174 2797 2798
83 1016 0 0
3627 4343 0 0
4438 304 2800 2806
452 972 0 2801
1779 2164 2802 0
1200 1400 2803 0
3765 3904 2804 0
4382 54 2805 0
3656 3999 0 0
3699 4234 2814 2807
423 697 2811 2808
910 1533 2809 0
1057 1178 0 2810
1709 2356 0 0
1623 2027 2813 2812
4062 4914 0 0
392 621 0 0
1384 1998 2823 2815
3894 4079 2816 0
1215 2126 0 2817
3694 3940 0 2818
2587 2652 0 2819
4683 241 0 2820
2185 2297 2821 0
2580 2742 2822 0
1008 1630 0 0
4065 4828 2832 2824
1366 1676 2825 2830
3538 4287 0 2826
1801 2060 2828 2827
3441 3647 0 0
3422 3976 2829 0
1699 2024 0 0
4869 105 2831 0
4882 168 0 0
3667 4652 2833 0
1462 1547 2834 2835
1255 1841 0 0
1919 2607 2838 2836
5 762 0 2837
117 1103 0 0
142 604 2839 2842
2401 2719 0 2840
838 1658 0 2841
3689 4570 0 0
629 1527 2843 2850
1511 2306 2845 2844
4455 4486 0 0
211 1193 0 2846
3068 3108 2847 0
1396 1660 0 2848
3440 3572 0 2849
2739 3697 0 0
2316 2645 2851 2856
1193 1667 2852 0
1467 2056 0 2853
1531 2426 0 2854
902 1597 0 2855
3413 4190 0 0
88 1007 2858 2857
4509 4783 0 0
1075 2006 2864 2859
2843 3086 2860 0
1409 1437 2861 0
2888 3488 2863 2862
1660 2509 0 0
2300 2307 0 0
4471 4969 2865 2867
53 151 0 2866
3842 4073 0 0
519 562 2869 2868
410 1220 0 0
3911 4287 2870 2873
3495 4289 0 2871
4143 4686 2872 0
2108 2933 0 0
1638 1737 2874 2877
1682 1778 0 2875
1869 2212 0 2876
77 1047 0 0
2826 3044 2887 2878
2677 3460 2884 2879
3280 3709 2880 0
4815 721 2881 0
2285 3198 0 2882
1482 1774 2883 0
491 879 0 0
2026 2628 0 2885
2520 3309 0 2886
1904 2733 0 0
3518 4092 2891 2888
3064 3569 0 2889
2260 2958 0 2890
1746 2402 0 0
2827 3274 2892 2895
3354 3385 0 2893
1170 1759 0 2894
984 1313 0 0
970 1201 2896 2902
984 1147 0 2897
546 924 2898 0
131 244 2899 0
4660 4880 0 2900
2108 2707 2901 0
2558 2997 0 0
3980 4917 2910 2903
4051 4833 2904 2908
2710 3549 2905 0
4247 4534 0 2906
1916 2463 2907 0
2919 3313 0 0
1624 1925 2909 0
886 1151 0 0
2668 3477 2911 2918
1593 2201 2912 2916
3267 4258 2913 2914
604 1554 0 0
2261 2617 0 2915
1514 1790 0 0
3079 3190 2917 0
3946 4680 0 0
2416 2503 2924 2919
3252 3892 2923 2920
1333 2024 0 2921
2960 3452 0 2922
3502 4199 0 0
3616 4433 0 0
2311 2930 2929 2925
1296 1573 0 2926
2121 2727 0 2927
1653 2195 2928 0
1886 2283 0 0
2220 2409 2930 2937
4936 759 0 2931
230 314 0 2932
4851 823 2933 0
1347 1372 2934 0
4118 4499 2935 2936
1939 2351 0 0
2398 2538 0 0
1806 2148 0 2938
2154 2324 2939 2947
1710 1849 2943 2940
1144 2112 2941 0
1784 2313 2942 0
559 799 0 0
3791 3832 2945 2944
4491 24 0 0
216 277 0 2946
4813 4885 0 0
2063 2722 2948 2949
4976 901 0 0
3736 4505 2958 2950
837 1522 2954 2951
3375 3992 0 2952
1535 2252 2953 0
4130 4873 0 0
4400 4798 2955 0
1849 1890 2956 0
674 1064 2957 0
4436 2 0 0
4951 711 2964 2959
453 1359 2960 0
3945 4248 0 2961
298 1243 0 2962
3011 3348 0 2963
29 143 0 0
3582 4280 2969 2965
1316 1914 0 2966
3725 4258 2967 0
1553 1817 0 2968
1330 1725 0 0
3530 3537 2970 2974
1958 2531 0 2971
3466 3924 2972 0
2981 3817 0 2973
2630 2970 0 0
3807 4387 2981 2975
1921 2810 2980 2976
3305 3596 0 2977
3641 4496 2978 0
1594 2434 0 2979
256 768 0 0
2342 2808 0 0
3468 4251 2982 2991
2926 3381 2989 2983
399 855 2984 2988
3486 4389 2986 2985
1464 2318 0 0
3718 4509 2987 0
392 511 0 0
1025 1963 0 0
3925 4599 2990 0
513 694 0 0
771 1144 2997 2992
1850 2148 0 2993
1422 1870 2994 0
4042 4289 0 2995
2993 3703 2996 0
4279 4670 0 0
930 1166 2998 3001
1073 1723 2999 0
1011 1261 0 3000
803 1452 0 0
1531 1942 3011 3002
2215 2892 3003 3010
2059 2603 3009 3004
2359 2439 3005 3008
2234 2571 3007 3006
3581 3992 0 0
3569 3727 0 0
1691 2565 0 0
2991 3546 0 0
3772 3985 0 0
783 1138 3015 3012
4585 129 3013 0
4373 4651 3014 0
669 1283 0 0
2316 2346 3022 3016
4578 4835 3017 0
1539 2217 3021 3018
3977 4966 0 3019
1419 2391 0 3020
350 444 0 0
4643 612 0 0
1801 1984 3025 3023
1477 2387 0 3024
2175 2659 0 0
4398 4511 0 3026
2911 3441 3027 3032
226 346 3028 0
2229 2514 3029 0
1765 2170 0 3030
2866 3773 3031 0
2235 2902 0 0
4090 4890 3033 3034
969 1033 0 0
4780 332 3035 3040
3657 4397 3036 0
2206 2770 3038 3037
2 619 0 0
3279 3286 0 3039
3422 3664 0 0
411 988 3041 3047
4714 4947 3042 3044
283 337 3043 0
1634 1798 0 0
4634 4985 3045 0
2082 2762 0 3046
2056 2513 0 0
3406 4231 3051 3048
3275 4143 3049 0
931 1084 3050 0
4457 4712 0 0
4084 4219 3057 3052
1231 1681 3053 0
3574 3775 3055 3054
4982 443 0 0
4620 4721 3056 0
4737 552 0 0
4516 4720 3058 3067
248 1025 0 3059
1951 2159 3060 0
768 1764 3061 0
4109 4525 0 3062
2504 3296 3063 0
983 1409 3066 3064
3773 4203 3065 0
3955 4819 0 0
2775 2896 0 0
4364 138 3075 3068
3218 3450 3071 3069
1032 1850 3070 0
4478 429 0 0
3528 3677 0 3072
504 1279 3073 0
42 691 0 3074
3991 4442 0 0
1146 1374 0 3076
4127 52 0 3077
2701 2961 3078 3080
4545 281 0 3079
717 1664 0 0
3985 4960 3082 3081
337 1167 0 0
2678 3147 3087 3083
970 1730 3086 3084
1062 1669 0 3085
2294 3266 0 0
3864 3887 0 0
1368 1746 3091 3088
640 962 0 3089
3350 4255 0 3090
4454 418 0 0
754 977 3101 3092
2071 2361 3093 3094
4002 4271 0 0
1563 2276 0 3095
3361 3952 0 3096
2781 3451 3097 0
3011 3565 3098 3099
4471 4692 0 0
1636 1858 0 3100
1499 2448 0 0
1554 1592 3102 3111
171 918 3103 3105
3702 3971 3104 0
3609 3840 0 0
551 1195 0 3106
4240 4276 3107 0
1904 2890 0 3108
3633 3861 0 3109
4629 536 3110 0
2886 3633 0 0
9 892 3115 3112
1332 1998 3113 0
4507 4688 3114 0
3865 3992 0 0
4660 275 3118 3116
4250 4869 0 3117
555 1356 0 0
3671 4236 3125 3119
2290 2384 0 3120
4636 129 0 3121
1062 1311 3122 0
3522 3973 3123 0
786 1350 0 3124
1300 2085 0 0
2141 2418 3131 3126
4323 17 3127 0
3647 3721 0 3128
2219 2552 0 3129
2352 2614 3130 0
3804 4345 0 0
3057 3637 3138 3132
513 939 3133 3137
377 1061 3134 0
1932 2680 0 3135
994 1374 0 3136
1776 1862 0 0
994 1435 0 0
845 1439 3139 3144
4538 4800 3140 0
4384 4683 0 3141
1330 1989 0 3142
1017 1492 3143 0
26 996 0 0
667 1617 3145 0
2786 3544 3149 3146
2360 2470 3147 0
252 873 0 3148
3722 4115 0 0
4589 109 3154 3150
4282 4682 3151 0
3680 4360 3152 3153
4309 206 0 0
4762 645 0 0
1794 2473 3155 3157
167 1110 3156 0
2326 2806 0 0
3812 4482 3159 3158
3304 3680 0 0
3011 3414 3165 3160
2781 3098 3163 3161
2802 3303 3162 0
3765 4151 0 0
2908 3101 0 3164
1364 2355 0 0
3734 4282 0 3166
4986 443 3167 3176
3803 3908 3168 0
2932 3266 3169 3173
3481 4129 3170 0
3968 4260 0 3171
1097 1825 3172 0
4309 4871 0 0
4379 17 3174 0
4161 144 0 3175
3352 3582 0 0
3440 4353 3177 3184
4927 425 3179 3178
620 1301 0 0
1208 1753 3181 3180
584 1262 0 0
436 1317 3182 0
4851 306 3183 0
4691 179 0 0
2051 2768 3185 3186
4204 4347 0 0
2136 2911 3193 3187
2233 2994 3190 3188
3485 3709 3189 0
592 1586 0 0
2442 2456 0 3191
3091 3886 3192 0
3341 3777 0 0
4865 30 3194 3199
1340 1783 0 3195
3643 3895 0 3196
692 1049 3197 0
1719 2294 0 3198
910 1136 0 0
465 686 3200 3205
2364 2482 3201 0
405 1126 3202 3204
2480 2626 3203 0
4166 4375 0 0
46 639 0 0
3530 3645 3215 3206
2949 3436 3207 3211
211 444 0 3208
1826 2623 0 3209
1624 1880 3210 0
4813 765 0 0
930 1005 3212 0
530 677 3213 0
3384 3405 0 3214
257 995 0 0
2091 3042 3216 3222
2270 2559 3218 3217
1907 2049 0 0
714 1429 3219 0
3560 4056 3220 0
600 615 3221 0
4465 4714 0 0
3657 3673 0 3223
401 642 3224 3227
2769 3126 0 3225
2540 2772 3226 0
1752 2304 0 0
1023 1125 3228 3235
2713 3099 3229 0
566 890 3230 0
870 1661 0 3231
3563 3913 3232 0
4762 728 3233 0
4822 4859 3234 0
4845 705 0 0
4311 4687 3244 3236
3108 3925 3239 3237
4070 4353 0 3238
3551 3602 0 0
1707 1710 3240 0
1929 2619 3241 0
742 942 0 3242
4691 4879 0 3243
1057 1501 0 0
202 523 3245 3248
2241 3164 3246 0
3900 4381 0 3247
3744 4627 0 0
4719 284 3250 3249
4854 300 0 0
3698 4254 0 3251
4844 394 3257 3252
2417 2424 0 3253
719 1464 0 3254
3653 4292 0 3255
3875 4832 3256 0
3586 3943 0 0
2405 2771 3259 3258
224 858 0 0
2976 3213 3264 3260
955 1211 3261 3262
25 228 0 0
91 596 3263 0
555 593 0 0
1357 1843 3265 3269
2364 2415 3266 0
343 1258 3267 0
469 522 0 3268
1016 1057 0 0
622 730 3272 3270
2949 3609 0 3271
1240 1346 0 0
4853 451 3276 3273
874 1756 3274 0
4127 4394 0 3275
4452 4558 0 0
4758 629 3278 3277
1415 1602 0 0
4180 4873 3288 3279
4339 4361 3282 3280
4084 4430 3281 0
159 864 0 0
2662 3470 3283 3284
4076 4479 0 0
575 1238 3285 0
1874 2590 3286 0
4007 4296 3287 0
2795 3267 0 0
3249 4118 3289 3293
4211 4520 3290 0
2046 2806 3291 0
1078 1545 3292 0
4634 464 0 0
2081 2621 3303 3294
2790 3428 3297 3295
4432 4572 3296 0
1364 1571 0 0
4135 4274 3299 3298
2374 2387 0 0
4153 4833 3300 0
4464 4689 3301 0
2252 3036 3302 0
3729 4337 0 0
3218 3786 3309 3304
3118 3961 3305 3306
2586 3129 0 0
3815 4734 0 3307
2757 3052 3308 0
4016 4797 0 0
594 1159 3317 3310
1729 1798 3311 3316
3818 4001 3312 0
1190 1540 3313 0
1284 2003 0 3314
600 665 0 3315
3714 4399 0 0
4826 425 0 0
3971 4444 3318 3322
2581 3573 3319 0
3263 3960 3320 0
1100 1506 3321 0
2710 2901 0 0
2849 3467 3325 3323
1025 1312 0 3324
390 1211 0 0
3439 4183 3326 3327
2085 2861 0 0
1297 1497 3328 3334
137 641 0 3329
2247 3004 3333 3330
3458 3862 0 3331
2945 3259 3332 0
3269 4143 0 0
2703 3517 0 0
4290 4940 3341 3335
2737 3692 3336 0
3772 4436 0 3337
1103 2069 3338 0
3036 3595 0 3339
1195 1893 0 3340
2726 3218 0 0
3650 3844 3342 3343
2306 2459 0 0
3158 3725 3347 3344
1197 1344 3346 3345
3735 4637 0 0
374 909 0 0
3037 3451 3348 3353
4042 4626 0 3349
472 720 0 3350
544 1164 0 3351
505 1201 3352 0
2365 2532 0 0
422 945 3354 3360
88 368 3355 0
1217 1258 0 3356
3919 4474 0 3357
4665 4806 3358 0
2193 2848 3359 0
4144 4755 0 0
67 740 3361 3363
3276 4022 3362 0
643 667 0 0
2071 2697 3364 3369
2999 3713 0 3365
374 461 3366 0
4383 4694 3367 0
1029 1323 0 3368
2511 3196 0 0
3065 3688 3372 3370
2078 2994 0 3371
4581 433 0 0
2938 3693 3380 3373
4926 447 3374 3379
665 770 3375 0
4063 52 0 3376
3793 4482 3377 3378
1510 1798 0 0
922 1730 0 0
2397 3314 0 0
4862 95 3381 3383
722 1076 3382 0
4600 563 0 0
4871 252 3387 3384
1794 1995 3385 0
1154 1355 0 3386
469 903 0 0
3702 4624 3393 3388
4093 4607 0 3389
641 782 3390 0
1107 1268 3391 0
2252 2864 3392 0
25 579 0 0
4206 71 3394 3395
3681 4336 0 0
3041 3249 3396 3403
1711 2266 3398 3397
2787 3428 0 0
4234 4578 0 3399
3726 3876 0 3400
439 818 3401 0
4105 4171 3402 0
2453 3089 0 0
4429 4800 3404 3407
4402 4644 3406 3405
3768 4218 0 0
4261 4267 0 0
2638 3287 3408 3410
1626 2168 3409 0
243 767 0 0
1050 1680 3419 3411
3306 4052 3412 3417
624 1402 3413 3415
417 670 3414 0
1669 2564 0 0
3283 3331 3416 0
3260 3894 0 0
3908 4110 3418 0
31 184 0 0
528 1337 3421 3420
4248 41 0 0
2813 3117 3422 3424
4457 4953 3423 0
3613 4208 0 0
1653 2329 3434 3425
1269 1455 3426 3429
4620 319 3428 3427
2496 3228 0 0
2739 3024 0 0
4285 4651 3430 0
3529 4343 3431 0
644 1193 0 3432
3251 4083 3433 0
3093 3325 0 0
4450 4899 3435 3437
3729 4058 0 3436
4704 177 0 0
1279 2245 0 3438
206 989 3439 0
3161 3828 3448 3440
1208 1868 3441 3444
3396 3574 3442 0
1927 2519 3443 0
4164 4393 0 0
3847 4218 3447 3445
2421 2984 0 3446
4271 4478 0 0
3731 4109 0 0
4692 4744 0 3449
3779 3968 3453 3450
4534 4890 3451 0
3744 3870 0 3452
2848 3417 0 0
1599 2171 3455 3454
1180 1495 0 0
4738 4842 3459 3456
4701 4883 3457 0
1449 2150 0 3458
3748 3919 0 0
1605 1628 3462 3460
3260 3274 3461 0
3739 4040 0 0
862 1798 3469 3463
3295 4120 3464 0
2053 2107 3465 0
1198 1406 3467 3466
115 885 0 0
4531 408 3468 0
1234 1586 0 0
859 1294 3470 3471
3188 3632 0 0
4569 508 3472 3476
1412 1790 3474 3473
187 1085 0 0
1546 2448 3475 0
2899 3050 0 0
2523 3232 3478 3477
2966 3178 0 0
2222 2993 3486 3479
1912 2578 0 3480
3672 4254 3485 3481
175 313 3482 0
2785 3668 0 3483
3572 4325 3484 0
3765 4237 0 0
677 1648 0 0
85 671 3490 3487
981 1977 3489 3488
3451 4283 0 0
3146 3165 0 0
2985 3761 3491 3498
2414 3397 3492 0
2898 3298 3494 3493
4959 526 0 0
3151 3926 0 3495
207 676 3496 0
1252 1617 3497 0
3173 3871 0 0
1433 1993 3502 3499
4290 4306 3500 0
2458 3090 0 3501
2260 2335 0 0
2143 2597 3503 3505
198 784 0 3504
4756 4868 0 0
2318 3035 3506 3509
1481 2401 3507 0
3447 3822 3508 0
459 1170 0 0
3629 3675 3510 3517
274 886 0 3511
1227 2052 0 3512
2186 2995 0 3513
4136 4849 3514 3515
954 1377 0 0
4293 4943 0 3516
4927 375 0 0
4048 4260 3518 3524
4162 4824 3522 3519
1085 1899 0 3520
1366 1369 3521 0
4824 650 0 0
4035 4795 0 3523
3668 3875 0 0
1470 1720 3525 3528
56 258 0 3526
1566 2111 3527 0
1948 2530 0 0
64 835 3538 3529
4712 198 0 3530
4164 4629 3531 0
181 614 0 3532
422 1174 3533 3536
3946 4736 3534 0
470 1057 3535 0
3041 3080 0 0
4577 544 3537 0
4071 4889 0 0
2366 3221 3545 3539
2855 3004 3543 3540
3417 4258 0 3541
1800 2331 0 3542
883 1019 0 0
1362 1511 3544 0
48 675 0 0
949 1607 3546 3554
3728 4007 3553 3547
3491 3885 3548 3549
206 798 0 0
2753 2840 0 3550
1812 2090 0 3551
3578 3760 3552 0
2317 2538 0 0
3059 3327 0 0
298 359 3555 3558
3896 4028 0 3556
1494 2250 3557 0
3245 4109 0 0
4506 4586 3559 3565
2454 3108 3562 3560
3305 3435 0 3561
1856 1901 0 0
2116 2867 3563 0
4534 429 0 3564
2648 3113 0 0
4317 111 3566 3569
2923 3464 0 3567
144 1026 0 3568
1227 1353 0 0
2901 3366 3575 3570
367 433 0 3571
1693 2031 0 3572
4668 151 0 3573
2360 3106 3574 0
1161 1530 0 0
4087 4407 3580 3576
4243 4561 3577 0
4960 62 3578 0
4162 4301 0 3579
854 1334 0 0
706 1555 0 3581
2078 2083 3590 3582
2788 3110 3583 3587
379 487 3584 3586
4234 4330 3585 0
243 1044 0 0
2814 3508 0 0
1968 2016 0 3588
1843 2801 3589 0
2584 2640 0 0
778 1605 0 3591
597 1153 3592 3596
4439 352 3593 0
3198 3892 0 3594
106 635 0 3595
1347 2136 0 0
4702 375 3597 0
4477 4934 3606 3598
3373 4232 0 3599
3556 3871 0 3600
1154 2079 0 3601
4503 346 0 3602
3886 4415 3603 3605
2608 3333 3604 0
508 1378 0 0
61 448 0 0
4100 4514 3608 3607
2672 3537 0 0
1820 2133 3609 3611
920 1476 0 3610
2482 2557 0 0
4374 4859 3615 3612
2659 2740 3613 0
1777 2070 3614 0
4136 4898 0 0
3130 3883 3624 3616
3220 4143 3621 3617
4968 4999 3620 3618
3287 3346 3619 0
749 1142 0 0
1389 2206 0 0
1000 1435 3622 0
1680 2067 0 3623
1065 1073 0 0
4034 4242 3632 3625
2008 2609 3631 3626
1060 1124 3630 3627
1662 1846 0 3628
4706 140 3629 0
594 892 0 0
2516 2986 0 0
3501 4424 0 0
1534 1850 3633 3635
4167 150 3634 0
1321 2158 0 0
2992 3630 3636 3643
152 537 3641 3637
191 262 0 3638
4796 628 3639 0
583 815 3640 0
4009 4438 0 0
3581 3730 0 3642
3375 3918 0 0
4747 114 3652 3644
3457 3459 0 3645
4368 4495 0 3646
2433 3151 0 3647
4822 4945 3651 3648
2738 3049 3649 0
98 282 0 3650
4173 4650 0 0
4648 409 0 0
293 665 3659 3653
4660 4931 3654 3656
482 688 0 3655
4618 4732 0 0
554 578 0 3657
3983 4606 0 3658
2027 2493 0 0
3942 4408 3666 3660
4106 4453 3661 3662
2420 2569 0 0
2808 2956 3663 3665
1492 1629 0 3664
703 803 0 0
2931 3464 0 0
1610 1806 3672 3667
3605 4466 0 3668
242 270 0 3669
4199 4923 0 3670
362 624 0 3671
3450 4168 0 0
1380 1404 3682 3673
871 1262 3674 3678
4897 745 0 3675
373 613 0 3676
2916 3855 3677 0
485 552 0 0
3440 4135 3679 0
4735 579 0 3680
3894 4681 3681 0
3969 4068 0 0
4816 395 3683 3692
175 231 0 3684
3369 4184 3685 0
3190 3412 3686 0
178 528 3691 3687
4184 4547 3688 0
639 1086 0 3689
4411 105 0 3690
4583 352 0 0
1586 1756 0 0
80 316 3695 3693
651 1413 0 3694
2241 2600 0 0
647 724 3702 3696
4358 4585 3697 0
2029 2090 0 3698
2615 3351 3699 3701
959 1217 3700 0
4113 4528 0 0
1963 2927 0 0
1964 2156 3711 3703
683 1148 0 3704
4627 79 3706 3705
3957 4369 0 0
1735 2412 0 3707
1476 1539 0 3708
3556 3929 0 3709
1766 2288 0 3710
1371 1879 0 0
4916 376 3712 3721
559 1285 0 3713
3285 4054 3714 3718
2136 2285 0 3715
1267 1367 3716 3717
2730 2917 0 0
2005 2564 0 0
2343 3145 3719 0
1339 1965 3720 0
2625 3576 0 0
2101 2469 3725 3722
4896 212 3723 0
3468 3916 0 3724
18 488 0 0
1863 2137 3730 3726
158 268 3727 0
119 759 0 3728
1369 1405 3729 0
267 482 0 0
3682 4578 3734 3731
3990 4300 0 3732
1173 1952 3733 0
3644 4131 0 0
235 1033 3742 3735
2376 2915 3736 0
2215 3055 3741 3737
1305 2028 3740 3738
3771 4105 3739 0
985 1397 0 0
2425 3287 0 0
4788 607 0 0
3811 4009 3747 3743
591 1416 3744 0
3428 4087 3745 0
3206 3238 3746 0
1549 1904 0 0
4437 4540 3748 3755
297 743 0 3749
3088 3491 0 3750
376 1003 3751 0
4955 578 3752 3754
2743 3670 3753 0
4571 4919 0 0
423 563 0 0
218 286 3760 3756
3738 3841 0 3757
3576 4476 3758 0
369 1235 3759 0
260 972 0 0
609 1085 3761 3767
167 195 3762 3763
2801 2838 0 0
625 809 0 3764
1174 1676 0 3765
4122 4493 0 3766
399 735 0 0
707 1559 3768 0
1193 1198 3775 3769
2130 2350 3770 0
156 200 3771 0
2834 3386 3772 0
2452 3108 0 3773
2072 2438 0 3774
2745 3092 0 0
4751 236 3776 3779
3607 3798 0 3777
4021 4903 0 3778
1327 2077 0 0
1323 1907 3780 3787
1356 1990 3781 0
1601 2161 3782 0
3215 3254 0 3783
2616 3074 3784 3785
619 931 0 0
1574 2529 0 3786
3274 3393 0 0
1246 1965 3788 3792
990 1495 3789 0
541 549 0 3790
4921 322 0 3791
2583 2774 0 0
2238 3122 3793 3800
1479 2394 3794 3795
605 739 0 0
1498 2090 3797 3796
219 1037 0 0
4845 4927 3798 0
4568 15 3799 0
2186 2652 0 0
1719 2560 3801 3806
1312 2192 3802 0
2593 2935 3803 0
1712 2234 3804 3805
4739 4822 0 0
600 1091 0 0
1163 1856 3813 3807
3500 4331 3811 3808
1791 2643 3809 0
4128 4518 3810 0
1286 2250 0 0
2687 3439 0 3812
2956 3899 0 0
4655 575 3814 3815
3314 4186 0 0
3474 3862 3816 3821
660 1157 0 3817
223 1114 3818 0
4490 473 0 3819
3063 3463 3820 0
3824 4324 0 0
2512 2862 3822 3825
1334 1747 3823 0
2310 2507 0 3824
2488 3397 0 0
1725 2401 3834 3826
3671 4217 0 3827
4192 4359 3828 0
358 1237 3829 0
693 1160 3830 0
3374 4296 0 3831
4807 334 3832 0
27 425 0 3833
3067 3664 0 0
428 1344 3836 3835
3315 3901 0 0
4575 4660 3837 0
2486 3088 3844 3838
234 589 0 3839
2061 2165 0 3840
1851 2636 3841 3842
4096 4413 0 0
769 1553 0 3843
4503 4932 0 0
385 564 3845 3852
1057 1811 0 3846
427 1232 3848 3847
1057 1805 0 0
2682 2868 0 3849
676 1154 0 3850
4423 4802 0 3851
1836 1867 0 0
3470 4156 3853 3856
1600 1663 0 3854
2600 3278 0 3855
2026 2186 0 0
4695 117 3857 3860
2480 3208 3858 0
525 1241 0 3859
2987 3911 0 0
4110 4257 3865 3861
539 761 0 3862
217 1082 0 3863
3792 4658 0 3864
1683 1790 0 0
2682 3568 3869 3866
1116 1490 3867 0
4755 307 0 3868
4008 4304 0 0
656 916 3870 3875
3231 3300 3871 3872
2484 2946 0 0
2253 3003 3873 0
1573 2306 0 3874
1354 1497 0 0
3476 3765 3876 3879
2388 3156 0 3877
2041 2992 0 3878
2544 2750 0 0
1061 1087 0 3880
2725 2960 3881 3883
4918 801 3882 0
4521 4557 0 0
3671 3819 3884 3886
4554 4675 3885 0
4789 383 0 0
1583 1705 3887 3890
3243 3909 3888 0
3267 3875 0 3889
4439 4772 0 0
2617 2618 3899 3891
2163 3121 3893 3892
347 355 0 0
2245 2673 3894 0
1673 2510 0 3895
1191 1818 3897 3896
4272 4289 0 0
4503 375 3898 0
1232 1332 0 0
1192 1340 3900 3907
1374 1496 3901 0
3920 4560 0 3902
3272 3996 0 3903
4584 499 3906 3904
1739 2094 0 3905
367 999 0 0
2320 2378 0 0
4767 4922 3917 3908
4251 4768 3914 3909
3646 4195 3910 0
299 823 3911 0
1758 1852 3912 0
1549 2433 3913 0
2421 2616 0 0
3313 3681 3915 0
1151 2055 3916 0
1482 2190 0 0
543 1390 3923 3918
394 1221 0 3919
3953 4099 3921 3920
1541 1574 0 0
1004 1681 0 3922
2529 2676 0 0
4712 4768 0 3924
2940 3633 3925 3931
3332 3647 3926 0
3094 4034 0 3927
3106 3981 0 3928
1603 1857 0 3929
4097 4165 0 3930
4178 4649 0 0
618 1105 3936 3932
4729 695 3933 0
3100 3403 0 3934
2750 3269 3935 0
3048 3134 0 0
599 1496 3939 3937
3406 4027 3938 0
3955 4885 0 0
2310 3010 3947 3940
255 873 3941 3944
4335 5 3942 3943
4859 681 0 0
3092 3765 0 0
3906 4896 3945 0
1522 1638 0 3946
1429 1534 0 0
4371 4437 3951 3948
360 1327 3949 0
4494 4533 3950 0
2435 2619 0 0
1205 1925 3956 3952
1499 1918 0 3953
1045 1836 0 3954
895 1104 0 3955
450 761 0 0
4283 4638 3964 3957
2264 2461 3959 3958
3160 3896 0 0
2939 3691 3961 3960
1258 1662 0 0
3168 3539 0 3962
3889 4759 3963 0
3665 4425 0 0
585 818 3974 3965
1877 2068 3966 3972
4250 4824 3967 3970
3638 3925 3969 3968
2704 3455 0 0
3210 3366 0 0
1891 1969 3971 0
4442 420 0 0
3864 4743 0 3973
2918 3039 0 0
2799 2883 0 3975
1575 2209 0 3976
3132 3156 3978 3977
3795 4763 0 0
446 1340 3979 3986
2741 3527 3980 0
1883 1918 3981 0
2338 2642 3982 0
2929 3434 0 3983
1509 1561 0 3984
1262 2059 3985 0
2964 3056 0 0
3001 3700 3992 3987
888 1629 3991 3988
4319 4775 3990 3989
209 515 0 0
3575 3672 0 0
2328 2420 0 0
3398 3760 3996 3993
3700 4456 0 3994
3229 3366 0 3995
3797 3877 0 0
4638 195 4004 3997
668 998 0 3998
2866 3259 0 3999
4689 296 4000 4003
1925 2602 4001 0
947 1793 0 4002
1352 1719 0 0
2332 2531 0 0
1719 2444 4008 4005
4274 65 0 4006
2113 2719 4007 0
4663 360 0 0
1403 2013 0 4009
3585 4503 4011 4010
3356 3820 0 0
1075 1444 4012 4015
2154 3121 0 4013
1595 2455 0 4014
276 994 0 0
218 713 0 4016
3222 3877 4017 4026
2455 3066 4019 4018
1305 1746 0 0
4020 4229 4020 4022
440 822 4021 0
4559 279 0 0
1387 1432 4023 0
1499 1538 4024 0
72 249 0 4025
980 1099 0 0
3901 4630 4033 4027
4415 4820 4028 4029
760 1641 0 0
2271 2934 0 4030
1247 1575 4031 0
3785 4374 0 4032
4368 4419 0 0
4953 635 4034 4040
3506 3621 4035 4038
4850 268 4036 0
3442 4173 0 4037
3970 4152 0 0
1199 1340 0 4039
2172 2906 0 0
1110 1563 4050 4041
1589 2412 4042 4044
4503 4964 0 4043
4471 436 0 0
583 1482 0 4045
3841 4451 4046 0
1996 2364 4047 0
2428 2676 0 4048
3483 4045 4049 0
4272 36 0 0
4205 4617 4051 4059
1893 2624 4052 4058
1925 2289 0 4053
2835 2972 0 4054
3580 3802 0 4055
2498 3153 0 4056
3798 4309 0 4057
1994 2199 0 0
59 1008 0 0
1621 1702 4060 4064
1471 1772 4061 0
2448 3198 4062 0
434 550 4063 0
3789 4646 0 0
2552 3186 4068 4065
108 844 0 4066
2697 3421 4067 0
4045 4121 0 0
3442 3995 0 4069
944 1896 4070 4079
1635 1851 4071 4072
1686 2152 0 0
1127 1535 4073 0
1613 2463 4074 0
3576 4191 4075 4077
1928 2272 4076 0
1384 1503 0 0
2004 2775 0 4078
2369 2751 0 0
3084 3443 4081 4080
2333 3034 0 0
4989 340 4091 4082
2871 3842 4083 4086
2499 2671 4084 0
4600 154 0 4085
323 727 0 0
4091 4742 0 4087
959 1813 4088 0
3450 3864 4090 4089
4261 4938 0 0
2526 3011 0 0
3408 4243 4097 4092
1995 2524 0 4093
2301 3069 4094 4095
4833 709 0 0
4111 4298 4096 0
3524 3861 0 0
2452 3220 4106 4098
1789 1998 4099 4105
1086 1313 4103 4100
591 1127 4101 0
2179 2319 0 4102
1283 1866 0 0
533 1297 4104 0
861 1344 0 0
4354 4672 0 0
4917 258 4111 4107
4485 4910 4108 0
4375 370 4109 0
428 1138 4110 0
738 810 0 0
392 957 4112 4116
4996 636 4113 4115
4896 684 0 4114
701 1027 0 0
4174 4184 0 0
4032 4449 4117 4121
424 1409 0 4118
3550 3754 4119 0
2576 3507 4120 0
2362 2911 0 0
301 580 4131 4122
1933 2574 4123 0
4056 4299 4130 4124
2084 2746 4125 0
768 1276 4126 0
1837 2181 4127 0
2206 2946 0 4128
2982 3134 0 4129
2681 3532 0 0
4310 4816 0 0
1539 2084 4136 4132
4642 208 0 4133
1138 1773 0 4134
4209 4747 4135 0
2713 2829 0 0
2296 3062 4142 4137
981 1683 4139 4138
2463 2831 0 0
608 1585 0 4140
2482 2834 0 4141
3457 3636 0 0
3273 3871 4148 4143
3825 4273 4144 0
3993 4092 0 4145
3743 4083 0 4146
3328 3398 0 4147
2142 2789 0 0
37 373 4156 4149
1474 1667 4150 0
2182 2624 4154 4151
2575 3141 0 4152
1767 2732 4153 0
1690 1829 0 0
330 1203 4155 0
1557 1591 0 0
4666 309 4157 4166
3415 4329 4160 4158
4439 312 4159 0
122 1109 0 0
4261 4717 4165 4161
3315 4291 0 4162
4476 4876 0 4163
3934 4555 4164 0
2641 3630 0 0
1223 2162 0 0
916 1750 0 4167
3858 4716 4168 4174
4712 441 4169 0
2188 2971 4170 0
4078 4420 4171 0
927 1077 4173 4172
115 672 0 0
4019 4565 0 0
605 878 0 4175
4487 161 4177 4176
426 1073 0 0
3516 3706 4178 4185
633 1578 4179 4180
4395 4726 0 0
1423 1966 4182 4181
585 611 0 0
4331 4566 4184 4183
1714 2002 0 0
2 326 0 0
411 413 4191 4186
236 490 4188 4187
2959 3510 0 0
2325 2661 0 4189
1947 2725 0 4190
1573 2539 0 0
3082 3170 4192 4200
3592 4135 4194 4193
522 1273 0 0
4335 4857 0 4195
4781 4909 4199 4196
2517 2746 4197 0
3537 4015 4198 0
3107 4105 0 0
2840 3319 0 0
4341 4570 4207 4201
2192 2227 4202 4206
2755 3748 4203 0
2084 2334 4204 0
4664 330 4205 0
1865 1892 0 0
4310 4566 0 0
3891 4486 4210 4208
400 866 0 4209
4502 104 0 0
478 1255 4216 4211
2572 3496 4212 0
773 963 4213 0
277 307 4214 0
3397 4238 4215 0
1507 2051 0 0
529 1437 4224 4217
2290 3052 4218 4222
2282 2985 4220 4219
3486 4240 0 0
3397 4082 4221 0
3757 3802 0 0
3336 4079 4223 0
2192 3011 0 0
1137 1392 4225 0
2638 3502 4228 4226
3767 3959 4227 0
3897 4785 0 0
2735 3059 4234 4229
4247 4770 4230 0
1416 2198 0 4231
291 909 0 4232
1751 2256 0 4233
4049 4058 0 0
3244 3444 4235 4243
1534 2195 0 4236
2771 2819 0 4237
2285 2812 4238 4241
1972 2831 4239 0
563 740 0 4240
1971 2633 0 0
2868 3397 4242 0
857 1166 0 0
1771 2215 4244 4246
4193 4935 4245 0
4359 4564 0 0
2780 3447 4247 4253
1768 2630 0 4248
398 546 4249 0
3774 4475 0 4250
2230 2290 4251 0
1474 2229 4252 0
402 957 0 0
955 1229 4254 0
4609 13 4263 4255
979 1552 4257 4256
4887 774 0 0
3599 4059 0 4258
636 678 4259 4262
4275 82 0 4260
341 577 4261 0
1283 2246 0 0
1473 1955 0 0
3387 3846 4273 4264
406 819 4266 4265
4336 4745 0 0
3538 4534 0 4267
2268 3185 4268 0
2362 3352 4269 4270
910 1171 0 0
575 585 0 4271
1424 1894 4272 0
4291 4942 0 0
2360 2593 4281 4274
168 534 0 4275
3759 4745 0 4276
4610 192 4279 4277
3525 3618 4278 0
3648 4386 0 0
1779 1933 4280 0
4359 4452 0 0
2919 3330 4286 4282
1119 1133 4283 0
2275 3021 4284 0
2212 2333 4285 0
3295 3400 0 0
2846 3452 4287 4289
1363 1951 4288 0
1417 2233 0 0
4509 503 4290 0
1518 2143 4298 4291
4657 133 0 4292
2728 3500 4293 0
3988 4288 0 4294
2216 2299 4295 0
1280 1690 4296 0
1946 2372 4297 0
2395 2950 0 0
2037 2760 4302 4299
392 564 4300 0
79 243 0 4301
3844 4441 0 0
3110 3596 4308 4303
882 1555 4304 4306
2776 3543 0 4305
1504 1868 0 0
4989 680 4307 0
4040 4606 0 0
3128 3838 4309 4314
1176 1872 4310 0
4809 502 0 4311
4938 422 4312 0
3517 3922 4313 0
1709 1879 0 0
1941 2041 4315 4318
1930 2770 4316 0
2699 2714 4317 0
1063 1697 0 0
4216 4763 4319 0
2215 2473 4325 4320
2777 3578 0 4321
2824 2898 4322 0
2173 2745 4323 0
2628 2963 0 4324
4304 4892 0 0
4881 609 4326 4327
2988 3636 0 0
1554 1978 4328 4336
1530 1697 4329 0
1563 1715 4331 4330
4373 4788 0 0
1664 2393 4332 0
4256 4578 0 4333
967 1254 0 4334
619 1369 4335 0
4162 4300 0 0
2114 3078 4337 4345
462 720 0 4338
1486 1594 4339 4341
1614 2430 0 4340
3746 4488 0 0
2128 2685 4342 0
3847 4403 4344 4343
119 652 0 0
4513 111 0 0
1719 1827 4347 4346
4983 525 0 0
2957 3721 4357 4348
4791 4972 4349 4351
708 977 4350 0
295 412 0 0
2473 2600 0 4352
3717 4703 0 4353
2952 3876 4354 0
3233 3436 0 4355
3413 4086 4356 0
2590 2850 0 0
948 1930 4365 4358
300 693 4359 4362
1793 2165 4360 0
3976 4548 0 4361
1185 1936 0 0
2659 2842 0 4363
4830 34 0 4364
4303 4440 0 0
3319 4251 4366 4368
1629 2207 4367 0
542 607 0 0
4290 4867 4369 4370
4520 4545 0 0
3061 3422 4371 4373
1577 2562 4372 0
2034 2713 0 0
3837 4513 4374 4380
4978 177 0 4375
4904 732 4376 0
2505 3144 0 4377
1007 1975 4378 0
1759 2403 0 4379
4701 28 0 0
2360 3308 4388 4381
4879 450 0 4382
772 824 4383 0
472 1289 4384 4386
4999 130 0 4385
1877 2030 0 0
3098 4016 4387 0
4058 4755 0 0
1864 2845 4393 4389
4708 195 0 4390
4442 4824 4392 4391
1149 1891 0 0
1267 2068 0 0
2835 2891 4398 4394
4349 4641 0 4395
2881 3550 0 4396
4026 4385 0 4397
4364 4415 0 0
2180 2311 4399 0
3015 3286 4400 4401
3710 3732 0 0
664 667 4404 4402
3112 3154 4403 0
1105 2041 0 0
3687 4055 4405 4414
3824 4190 4406 0
1194 1608 4412 4407
1215 1496 4408 4411
1903 1943 4409 0
3788 4202 4410 0
4380 4474 0 0
3266 3289 0 0
4278 4841 4413 0
3734 4449 0 0
3293 3995 4415 4419
1971 2309 0 4416
838 1682 4417 0
2999 3214 0 4418
3344 3845 0 0
1612 2307 4420 4423
55 77 0 4421
3680 4657 4422 0
3276 3876 0 0
2206 2844 4424 4428
43 833 0 4425
4978 597 0 4426
612 1232 0 4427
224 965 0 0
1827 2489 4438 4429
2910 3154 4430 4435
1208 1463 4431 4434
4917 640 0 4432
1071 1475 0 4433
3236 3307 0 0
41 169 0 0
829 1514 4437 4436
2577 3154 0 0
959 1816 0 0
4607 449 4439 4447
4810 535 0 4440
1041 1507 4441 4446
3526 3949 4445 4442
709 1674 4443 0
3468 3666 0 4444
3473 4291 0 0
4795 289 0 0
2955 3528 0 0
308 1157 4448 0
2873 3295 4449 4457
4783 504 0 4450
2907 3260 4451 4456
1300 2175 4452 0
3803 3914 4453 0
386 1032 4454 0
332 441 0 4455
2956 3737 0 0
120 284 0 0
4191 104 4458 0
792 1689 4459 4462
1957 2448 0 4460
2048 2382 4461 0
4245 4741 0 0
1169 1745 4463 4471
184 653 4464 4465
117 1023 0 0
1990 2251 4467 4466
2246 2688 0 0
3679 4008 4468 4470
2575 3497 0 4469
467 930 0 0
4906 644 0 0
4563 4866 4472 4479
3384 4348 4475 4473
2677 3567 4474 0
2452 3396 0 0
2763 2806 4477 4476
3817 4778 0 0
1460 2078 4478 0
3287 3535 0 0
1650 2241 4480 4484
4034 4274 4482 4481
4211 4871 0 0
4243 4500 0 4483
4632 4694 0 0
1037 1326 4491 4485
457 1454 4486 0
1240 1368 0 4487
1735 1777 4489 4488
2538 2700 0 0
632 889 0 4490
2753 3523 0 0
663 1198 4492 4498
3563 4304 0 4493
3529 4470 4494 0
1406 1579 0 4495
865 1111 0 4496
1672 1768 4497 0
2620 3145 0 0
896 1624 4499 4507
3998 4881 4500 4505
1203 1607 4503 4501
1628 2276 0 4502
1433 1943 0 0
2928 3239 4504 0
1861 2827 0 0
3288 3615 4506 0
648 751 0 0
4143 4581 4508 4512
3774 3863 4509 0
4835 716 4510 0
3503 4502 0 4511
3045 3767 0 0
960 1018 4513 4514
3396 4269 0 0
1160 1542 4524 4515
1962 2121 4516 4518
1571 2549 0 4517
532 1451 0 0
2578 3064 4519 0
3767 4676 0 4520
2113 2217 4521 0
470 1289 4523 4522
2256 2760 0 0
213 1158 0 0
650 823 4528 4525
4698 495 4526 0
321 1296 4527 0
294 394 0 0
1712 2406 4529 4537
1296 1424 0 4530
2568 3146 4533 4531
2482 3461 0 4532
3684 4321 0 0
4666 156 0 4534
2181 2364 0 4535
4187 4616 4536 0
342 1094 0 0
1121 1215 4542 4538
521 884 0 4539
3712 4288 4540 0
4448 4593 4541 0
1086 1776 0 0
1188 1367 4543 4549
1540 2024 4544 4547
4754 4774 4545 0
2090 2675 4546 0
2185 2695 0 0
744 1502 0 4548
1446 2202 0 0
1653 2103 4550 0
513 1378 4551 4557
2580 3066 4554 4552
2717 3484 0 4553
4937 624 0 0
1283 1724 0 4555
1241 1579 4556 0
3599 3900 0 0
680 879 4558 4567
2257 3013 0 4559
2000 2001 4560 4565
2005 2506 4562 4561
945 1662 0 0
2076 2277 4563 0
4763 628 4564 0
4234 4857 0 0
813 1804 0 4566
958 1585 0 0
4098 51 4568 0
877 1864 4576 4569
4511 4750 4570 0
3774 4337 4571 0
1694 2494 4572 4573
3767 4224 0 0
910 1283 0 4574
2383 3138 4575 0
1417 2221 0 0
3346 3465 4577 4582
453 856 4578 0
4304 4347 4581 4579
259 1022 4580 0
4190 4469 0 0
4643 123 0 0
2908 3539 4592 4583
974 1236 4584 4585
2278 2747 0 0
2306 3104 4586 0
4651 34 4587 0
2617 2634 0 4588
3920 4797 4589 0
3459 3591 4590 0
1494 2476 4591 0
2903 3435 0 0
2712 2947 4593 4601
4086 4714 4594 4598
1406 2130 4597 4595
4713 118 0 4596
4620 4830 0 0
1110 2036 0 0
2108 2744 4599 0
1535 2099 4600 0
3216 3934 0 0
2802 3157 4604 4602
3273 3664 4603 0
2906 3744 0 0
603 876 4605 4611
884 1223 0 4606
1966 2813 0 4607
3435 3589 0 4608
3375 3873 0 4609
597 1381 0 4610
1796 2328 0 0
2556 3323 4612 4620
4020 4141 4613 4616
542 822 4615 4614
3293 3527 0 0
4709 281 0 0
204 656 4617 0
3807 4046 4618 0
1704 2377 0 4619
2335 2469 0 0
1903 2477 4624 4621
2914 3645 4623 4622
4608 268 0 0
588 1482 0 0
4399 4865 4625 4633
1761 2735 0 4626
3956 4543 4627 4629
3092 3940 0 4628
3588 4520 0 0
2195 2258 0 4630
2679 2761 4631 0
2128 2917 4632 0
3056 3665 0 0
2978 3699 4634 4635
3361 3744 0 0
4802 4836 4641 4636
1596 2518 0 4637
3934 4849 0 4638
2394 3121 0 4639
1874 2337 4640 0
536 1221 0 0
1866 2736 4642 4648
4949 326 4643 0
625 1066 4644 0
3518 3994 0 4645
45 784 0 4646
3650 4388 0 4647
1777 2217 0 0
1118 1458 4649 4657
1425 1603 4650 0
306 1114 4651 0
1906 2131 4653 4652
1826 2736 0 0
1031 1242 4656 4654
3711 4198 0 4655
1565 2467 0 0
2011 2389 0 0
4792 113 4658 0
2720 3639 4667 4659
4588 181 0 4660
1833 2704 0 4661
1525 2472 4663 4662
4247 2 0 0
4750 58 0 4664
86 794 4665 0
326 1023 0 4666
4669 200 0 0
4431 4548 4668 4676
1906 2253 4674 4669
3998 4275 4670 4673
4300 4512 4671 0
1013 1751 0 4672
4111 4400 0 0
2596 3179 0 0
3987 4350 4675 0
571 1180 0 0
2845 3228 4677 0
4730 393 4678 4683
1973 2330 4679 0
2746 3180 0 4680
4430 4497 4681 0
4097 4568 0 4682
2162 2364 0 0
4857 532 4690 4684
4387 4411 4685 0
329 1272 4688 4686
3490 3495 0 4687
4363 4887 0 0
708 1013 0 4689
2397 2716 0 0
2040 2198 4693 4691
3072 3424 0 4692
459 1253 0 0
3508 4316 4694 0
212 741 4695 4701
2394 2812 4699 4696
4720 400 4697 0
1960 2292 0 4698
2959 3563 0 0
3433 4326 0 4700
405 817 0 0
1642 2091 4702 4704
1618 2422 0 4703
1078 1681 0 0
675 1511 4712 4705
779 845 4706 4709
3598 4487 4707 0
1331 2274 4708 0
4522 324 0 0
4884 58 4710 0
716 1641 0 4711
4320 4899 0 0
835 1630 4713 4715
4213 4732 0 4714
3310 3895 0 0
4934 721 4716 4718
280 1249 0 4717
560 1236 0 0
2883 3027 4726 4719
2318 2894 4720 0
3826 4027 0 4721
2094 2862 4722 0
2142 2576 4723 0
1538 2064 4725 4724
698 1016 0 0
4184 144 0 0
1742 1937 4727 0
1570 1600 4732 4728
2936 3508 4729 0
4327 4544 0 4730
2038 2863 4731 0
616 1476 0 0
557 1387 4740 4733
3572 3716 0 4734
389 782 4735 0
4652 4718 0 4736
3219 3691 4737 0
287 1063 0 4738
4606 113 0 4739
4415 4683 0 0
1539 1544 4745 4741
2490 3033 4742 0
4633 522 4743 0
4427 4869 0 4744
3669 4128 0 0
4830 7 4746 4751
1743 2579 0 4747
2487 3432 0 4748
3379 3493 0 4749
1476 2256 0 4750
3465 3681 0 0
1063 1321 4754 4752
365 998 0 4753
4173 4255 0 0
2240 3195 4755 4763
2033 2394 4757 4756
3653 4094 0 0
3305 3708 4758 4762
3181 3806 4760 4759
3040 3248 0 0
964 1012 4761 0
483 1115 0 0
305 804 0 0
1676 2038 4764 4769
3466 4393 4767 4765
4946 866 4766 0
1910 2089 0 0
1423 1479 4768 0
1497 1685 0 0
4928 15 4771 4770
2107 2492 0 0
3696 3951 4772 4780
1825 2010 4775 4773
2838 3265 0 4774
2659 3509 0 0
1875 2154 4776 0
4164 4847 4779 4777
2933 3314 0 4778
861 1081 0 0
3494 3948 0 0
2018 2534 4783 4781
189 195 4782 0
460 839 0 0
4 159 4784 4787
4069 4622 4785 0
616 911 0 4786
4920 463 0 0
2013 2736 4788 4790
4486 267 0 4789
1696 2375 0 0
1985 2596 4792 4791
1082 1714 0 0
4909 297 0 4793
588 1525 4802 4794
4466 4778 4795 0
4605 4962 4796 4800
2060 2477 0 4797
2877 3297 4798 0
1683 1731 4799 0
3030 3074 0 0
4787 4916 4801 0
2758 3447 0 0
4093 4865 4803 4804
343 839 0 0
132 1049 4805 4813
2911 3007 4810 4806
4073 4327 0 4807
2360 3323 0 4808
1600 2540 0 4809
2864 3548 0 0
4064 4911 4811 0
1482 1946 0 4812
199 509 0 0
1451 1637 4819 4814
2676 3623 0 4815
1598 1832 4816 4818
2051 2581 0 4817
769 1591 0 0
4524 236 0 0
3526 4386 4820 4821
4836 405 0 0
2627 2649 4822 4828
3786 3812 4823 0
2338 2401 0 4824
876 901 0 4825
3577 3990 0 4826
3672 4242 4827 0
1859 2050 0 0
1155 1550 4833 4829
4758 727 4831 4830
4181 151 0 0
3755 4713 0 4832
1147 1200 0 0
761 1718 4834 0
4500 4871 4835 4844
458 1353 4838 4836
3509 4134 4837 0
4284 4492 0 0
1397 2332 4843 4839
4818 262 0 4840
1137 1989 4841 0
4376 4932 4842 0
1641 2392 0 0
1674 2419 0 0
720 1504 4845 4851
422 1262 4848 4846
1816 1895 0 4847
661 1204 0 0
2301 2816 0 4849
3439 4134 4850 0
3917 3970 0 0
1388 1790 4852 4857
399 1356 4853 4855
1387 1898 4854 0
1232 2125 0 0
2846 3793 4856 0
1383 1389 0 0
4612 4798 4867 4858
3747 4243 4865 4859
486 1077 4863 4860
503 1077 0 4861
2291 2803 0 4862
1325 1389 0 0
709 747 4864 0
4320 4426 0 0
2745 2860 0 4866
2136 2566 0 0
210 487 4877 4868
826 944 4869 4876
15 281 0 4870
3029 3137 0 4871
2585 2949 4874 4872
1239 1364 4873 0
3165 3716 0 0
4694 4969 4875 0
176 392 0 0
759 834 0 0
1038 1375 4878 4881
746 833 0 4879
1474 1524 0 4880
4444 4520 0 0
3033 3131 4883 4882
212 218 0 0
823 1190 4887 4884
46 224 0 4885
904 1282 0 4886
3476 4096 0 0
3840 4654 4888 4889
1655 1882 0 0
1212 1982 4890 4891
1610 2236 0 0
2535 2668 4901 4892
1208 1256 4893 4897
3814 3888 0 4894
2993 3827 0 4895
1284 1961 0 4896
537 585 0 0
4942 4946 4898 0
4457 4574 0 4899
2528 2609 4900 0
2372 2958 0 0
2087 3014 4907 4902
4195 33 4903 0
885 1327 0 4904
3138 3753 4906 4905
400 772 0 0
1152 1836 0 0
1802 2680 4908 4910
4531 4769 4909 0
2171 3063 0 0
4689 4820 4913 4911
4667 7 4912 0
4304 4469 0 0
3361 3657 4916 4914
3223 3922 0 4915
3342 4192 0 0
3059 3138 4917 4920
114 282 4918 0
2628 3092 4919 0
6 118 0 0
3269 3773 4921 4929
2313 2838 4922 0
1735 2152 4923 4924
2284 2830 0 0
2678 2977 4925 0
493 1091 0 4926
2050 2683 4927 0
4007 4424 0 4928
496 749 0 0
3928 4775 4931 4930
3575 4560 0 0
3578 3941 4940 4932
1891 1962 0 4933
251 480 4934 0
3702 4273 4935 4939
3245 3260 0 4936
41 369 0 4937
4007 4579 4938 0
3063 3919 0 0
1650 1835 0 0
2795 3436 4941 4946
4453 4862 0 4942
757 1049 4943 0
1473 2317 4944 0
1569 1688 0 4945
4173 4877 0 0
2168 2741 4950 4947
4299 4398 4948 0
1013 1441 4949 0
4585 4696 0 0
2625 2689 4951 4952
3930 4297 0 0
1039 1541 0 4953
3483 4212 4954 4960
1449 1620 0 4955
1438 1611 0 4956
481 599 4957 0
258 903 0 4958
4665 4861 4959 0
392 740 0 0
2940 3191 4961 4969
1687 1707 4964 4962
1066 1730 4963 0
2642 3205 0 0
616 1381 4965 4967
4261 4555 4966 0
2309 2986 0 0
4699 4804 4968 0
3718 4072 0 0
563 1184 4970 4974
4771 4828 4971 0
2839 3210 4972 0
1593 2165 4973 0
404 741 0 0
2758 3487 4975 4980
4756 670 4976 0
4295 4416 4977 0
2583 2705 4978 0
2805 3328 4979 0
205 720 0 0
3724 4333 4987 4981
3254 3311 4985 4982
387 599 0 4983
1242 1735 4984 0
2895 3627 0 0
4065 4809 4986 0
631 977 0 0
157 1131 4993 4988
2673 3427 0 4989
2451 2840 0 4990
180 1055 0 4991
1198 1980 0 4992
924 1341 0 0
3507 4486 4994 4997
3034 3510 4995 4996
2710 3216 0 0
1473 1947 0 0
2172 2333 4998 0
4770 4837 4999 0
1542 1592 5000 0
2504 2668 0 0
