5000 5000
3105 3538 10 2
249 2850 9 3
1020 4467 4 0
3137 2692 5 0
4313 755 6 0
4825 870 7 0
3228 2038 0 8
3888 4454 0 0
2527 3251 0 0
177 3100 11 16
2320 251 0 12
44 3556 13 14
1848 1253 0 0
4133 3535 0 15
789 4301 0 0
4923 1434 22 17
3233 4272 18 0
4970 2694 0 19
2185 3618 0 20
2777 2351 21 0
815 3960 0 0
3333 606 23 28
481 606 24 26
4173 4623 0 25
4359 4426 0 0
4780 3755 0 27
2745 2975 0 0
3786 4862 29 31
2495 1107 0 30
3243 3954 0 0
2134 3233 33 32
4214 26 0 0
490 2712 34 40
4735 3248 35 37
502 2779 0 36
4742 1441 0 0
374 4559 38 0
4182 3539 39 0
878 3752 0 0
1094 2406 50 41
2728 3795 42 48
3179 2904 47 43
1530 3469 44 45
3581 3831 0 0
1501 2979 46 0
1573 2259 0 0
4264 4928 0 0
710 488 0 49
139 2915 0 0
4785 3889 51 58
2820 2030 52 55
2398 4760 53 0
3973 3120 0 54
346 1439 0 0
956 4164 0 56
4876 939 0 57
1953 3527 0 0
4607 3227 65 59
1876 1622 60 0
2259 3629 0 61
4445 1838 62 0
1692 4810 63 64
1289 185 0 0
921 2373 0 0
3668 2992 66 71
2871 3991 0 67
1650 3900 68 0
1283 1358 70 69
2724 1780 0 0
1435 1010 0 0
361 3114 81 72
1558 2350 73 79
347 789 74 76
2887 2341 0 75
2238 968 0 0
14 66 77 0
3724 226 78 0
2735 1959 0 0
2171 277 0 80
3594 983 0 0
3853 1527 82 90
2881 3596 83 0
3024 3276 84 0
1052 3866 0 85
1324 3553 0 86
1304 3074 87 0
3399 3698 88 89
2116 2952 0 0
2036 925 0 0
4891 629 91 100
4528 4701 92 93
4678 1246 0 0
4916 1761 96 94
3431 3995 0 95
1838 4714 0 0
3478 2568 97 0
4543 2920 0 98
399 255 99 0
3854 582 0 0
3314 861 107 101
1636 2057 102 104
4562 281 103 0
598 3541 0 0
1775 1760 105 0
4174 4408 106 0
4036 4419 0 0
1130 821 109 108
2257 3919 0 0
1836 1754 110 116
2698 3220 0 111
536 3826 114 112
2022 3439 113 0
465 4812 0 0
2298 3473 0 115
4764 770 0 0
3131 3557 120 117
3012 4019 0 118
1415 686 0 119
4844 1618 0 0
2861 22 121 129
2648 165 122 0
4961 3088 128 123
4085 1574 124 0
305 3831 125 0
4180 3821 0 126
3322 2692 127 0
3451 3412 0 0
4859 1733 0 0
3515 4370 130 139
4289 2216 131 136
1851 3665 132 0
4345 4652 133 0
1908 1168 134 0
1473 1529 0 135
2203 1089 0 0
4312 2699 0 137
2186 2660 138 0
954 1611 0 0
648 90 140 147
2877 2325 0 141
2052 4219 0 142
2270 939 144 143
4286 2513 0 0
1204 2688 145 0
2886 714 0 146
4596 110 0 0
2970 2394 152 148
1611 3601 149 151
1196 2462 0 150
1360 4042 0 0
2386 4107 0 0
623 1445 162 153
1165 477 157 154
2191 3956 155 0
3395 4304 0 156
4349 1625 0 0
2917 2851 158 0
3742 2431 0 159
3225 1927 160 0
3922 4570 161 0
1136 476 0 0
4811 178 163 164
2265 621 0 0
1410 333 165 170
2869 1111 167 166
1090 58 0 0
921 2886 168 0
4315 3582 169 0
3304 4024 0 0
3376 2331 173 171
4710 648 0 172
4314 2004 0 0
4110 2797 174 175
4299 2522 0 0
3156 696 179 176
4995 4506 177 0
4155 4065 0 178
1335 1045 0 0
4073 4866 183 180
2989 4711 181 0
2438 3307 182 0
465 3448 0 0
3465 4580 189 184
4131 2998 185 188
1979 2638 0 186
2862 1648 0 187
562 4011 0 0
1202 277 0 0
4039 4025 190 195
2668 4803 0 191
3728 4619 0 192
465 2801 193 0
4911 880 194 0
3526 3909 0 0
4833 682 196 198
2419 4430 197 0
71 2128 0 0
4092 3812 199 203
2905 1405 0 200
3471 3707 0 201
1790 4494 0 202
1168 4524 0 0
2990 1576 210 204
15 2660 205 0
40 2728 208 206
2233 507 207 0
3236 4968 0 0
3195 2653 0 209
2594 41 0 0
4611 4628 214 211
233 3364 0 212
711 301 213 0
3233 312 0 0
291 4079 0 215
1057 4095 216 223
3719 1615 217 222
2058 4056 218 0
2118 2286 221 219
2146 4991 0 220
129 25 0 0
4170 1640 0 0
3546 4576 0 0
40 3080 232 224
3345 2952 231 225
2406 3180 226 0
1587 1762 227 230
4353 4624 228 0
3526 1305 229 0
267 1754 0 0
150 1615 0 0
57 4588 0 0
2867 1489 0 233
3326 317 234 240
4945 726 0 235
3998 1568 0 236
2550 3181 237 0
4172 2899 238 0
3167 2836 239 0
2028 3746 0 0
2836 3721 241 245
4418 706 244 242
4159 2989 243 0
4297 4414 0 0
522 76 0 0
2565 542 246 247
3342 294 0 0
1314 2139 248 252
476 4769 0 249
794 1796 250 0
4823 3813 0 251
2819 4780 0 0
4576 1990 253 261
3046 2353 254 0
705 230 255 0
3849 190 0 256
1827 3441 0 257
182 2962 258 0
2440 2687 259 0
3802 2215 0 260
3177 2485 0 0
831 2868 262 271
3250 4587 269 263
4602 4908 264 268
4537 3992 0 265
3182 4845 266 0
3154 1522 267 0
3759 2345 0 0
1054 4622 0 0
3128 1256 270 0
4951 2990 0 0
1158 1796 272 0
2774 4366 279 273
306 2180 0 274
4309 1710 275 0
1131 1498 276 278
742 220 277 0
1994 1533 0 0
362 2679 0 0
388 4639 280 286
4202 60 284 281
3867 4336 282 0
1058 3357 283 0
1093 1793 0 0
3872 533 0 285
1883 2282 0 0
706 997 287 296
899 845 288 294
3477 1330 289 290
4863 3704 0 0
4879 445 291 293
148 1335 0 292
2870 977 0 0
2572 776 0 0
2182 4857 295 0
3445 1725 0 0
103 4223 297 0
216 3317 299 298
2357 1398 0 0
2610 4020 309 300
863 2353 0 301
4822 1686 305 302
4336 3314 303 0
3129 304 304 0
3217 2468 0 0
2228 3351 306 0
3444 1977 0 307
2766 4319 0 308
4347 4621 0 0
3551 4813 318 310
4671 3769 311 316
2542 1085 313 312
4161 369 0 0
3245 3613 314 0
4805 3325 315 0
3528 2088 0 0
2217 1772 0 317
4001 2548 0 0
1931 357 322 319
326 1101 0 320
2561 916 321 0
3417 2880 0 0
590 1220 325 323
4607 1344 0 324
1115 3311 0 0
1043 4364 332 326
1276 2599 327 0
96 4399 329 328
3831 1352 0 0
1394 3271 0 330
3169 3171 0 331
4341 3719 0 0
2656 3309 333 339
1756 717 0 334
458 1942 335 0
2204 3972 338 336
3965 91 0 337
4983 3107 0 0
3188 852 0 0
761 4 340 341
2961 2983 0 0
150 214 342 344
2957 3867 0 343
2106 4356 0 0
4745 3294 345 351
144 2163 346 0
2625 4023 349 347
4388 152 0 348
3660 2300 0 0
4672 2448 350 0
2829 310 0 0
4354 1606 352 356
1645 3256 0 353
644 1200 0 354
3775 3900 355 0
2324 1602 0 0
826 1205 358 357
634 570 0 0
2626 758 0 359
3349 810 369 360
4232 1154 361 0
1109 1234 362 0
4573 2554 366 363
2466 3443 0 364
1235 4554 0 365
3732 2237 0 0
2301 3988 367 0
73 746 368 0
3466 1187 0 0
666 2976 0 370
1517 1217 373 371
4918 2379 372 0
3616 1490 0 0
4830 3448 0 374
4012 3151 375 0
4823 4219 379 376
3394 1716 0 377
1187 4819 0 378
2902 626 0 0
4953 1913 386 380
983 3238 0 381
2344 460 382 0
4960 3800 383 0
4007 1312 0 384
1818 540 385 0
1409 2426 0 0
2064 77 388 387
457 2757 0 0
3153 2885 389 396
2906 1929 390 395
3202 3694 391 0
3946 319 392 0
3681 692 0 393
4098 4270 0 394
1779 729 0 0
711 1201 0 0
1271 448 397 401
2308 2902 0 398
1425 1514 0 399
1406 1808 0 400
983 4516 0 0
2599 3670 408 402
4991 2495 403 407
3620 3034 0 404
2400 382 405 0
2735 2331 406 0
340 1387 0 0
3541 916 0 0
1733 2163 410 409
3752 875 0 0
3140 134 411 419
1655 1323 418 412
2699 232 414 413
337 4938 0 0
421 187 415 0
3678 3163 0 416
1937 3826 417 0
1262 572 0 0
1891 335 0 0
1855 457 424 420
602 2838 421 0
4483 3680 422 0
4691 2527 0 423
4328 4516 0 0
284 3792 0 425
4751 3090 426 431
874 4225 0 427
4350 815 428 0
3100 3935 0 429
54 1472 0 430
2565 2937 0 0
533 576 432 435
4902 318 433 0
3821 4485 434 0
4698 3917 0 0
3019 2211 437 436
2825 1187 0 0
80 3176 438 440
4037 3345 439 0
4540 1982 0 0
848 3179 445 441
878 2740 0 442
436 1563 443 0
3885 4565 0 444
1720 3651 0 0
3923 3352 451 446
770 4646 0 447
2157 919 0 448
3152 3824 0 449
1420 4400 450 0
886 4570 0 0
3614 6 457 452
3787 4823 453 0
3278 3361 454 0
4060 1081 455 0
3416 4050 0 456
3176 3397 0 0
38 3816 467 458
2066 4226 0 459
3181 1110 460 465
4633 4782 461 0
2992 483 462 0
4235 4378 0 463
1845 464 464 0
494 1601 0 0
1363 3901 466 0
974 789 0 0
1498 4676 472 468
3211 1913 469 471
187 2445 470 0
3895 1968 0 0
2492 2528 0 0
4660 1701 481 473
1421 3014 480 474
4524 432 476 475
973 3641 0 0
1967 840 477 0
1550 3239 478 479
744 3835 0 0
189 420 0 0
4320 304 0 0
4795 564 482 486
2842 726 483 485
2767 4285 0 484
4334 4618 0 0
4561 1619 0 0
1047 68 487 489
880 513 488 0
2284 4811 0 0
4757 3511 490 494
1570 29 493 491
590 3806 492 0
1080 399 0 0
3284 2942 0 0
1042 1139 498 495
77 1649 0 496
3911 3069 0 497
4963 678 0 0
3963 3285 499 503
683 1487 500 0
2414 2800 0 501
4271 2203 0 502
186 4791 0 0
781 4276 504 506
3849 3503 0 505
117 4642 0 0
3789 1167 507 516
894 1022 0 508
1350 1629 513 509
2482 4432 510 0
2032 3401 511 0
1158 4953 512 0
3890 1208 0 0
3891 1474 514 0
800 3443 0 515
2696 4476 0 0
4809 4157 519 517
365 45 0 518
2338 2433 0 0
3945 3265 520 521
930 3617 0 0
2293 527 530 522
4 48 523 529
2319 2600 528 524
1832 3449 525 0
3305 2203 526 0
618 1510 0 527
2263 1196 0 0
3065 498 0 0
4892 2416 0 0
1169 1175 533 531
3077 4362 0 532
2122 1321 0 0
3892 4106 534 541
4062 4760 538 535
3326 4225 0 536
447 114 0 537
1358 4686 0 0
1679 2999 540 539
1496 3836 0 0
2310 1259 0 0
2871 281 542 545
1600 1288 543 0
272 4760 0 544
244 3130 0 0
1276 2904 546 552
4838 3561 0 547
4146 2580 0 548
4478 1450 0 549
3195 4289 550 0
847 302 0 551
4516 2955 0 0
2088 4649 0 553
623 1519 560 554
2639 2228 555 556
810 3266 0 0
1561 868 0 557
214 1745 0 558
467 3089 559 0
1785 2047 0 0
3700 824 561 563
5 1115 562 0
568 4225 0 0
1120 3951 573 564
2479 4946 565 569
2026 4682 566 0
259 1642 567 0
337 1198 568 0
1486 358 0 0
288 1907 570 0
1578 288 571 0
1291 1315 572 0
3832 379 0 0
4749 83 574 577
1953 1384 575 0
3683 3320 576 0
2240 2596 0 0
2975 32 578 580
358 2136 0 579
501 4781 0 0
4019 3968 581 586
961 2421 0 582
4548 1492 0 583
975 1173 584 0
2792 1730 585 0
4073 1665 0 0
90 2689 587 596
3565 573 590 588
3715 1544 0 589
2805 2560 0 0
260 1525 0 591
2565 4444 592 0
4136 1111 593 0
448 4247 0 594
608 3149 0 595
3323 2253 0 0
517 1684 597 601
2464 1467 600 598
3514 2436 599 0
2965 2797 0 0
3998 3659 0 0
4411 1609 608 602
3759 4689 606 603
487 1466 0 604
3762 643 0 605
620 4551 0 0
4244 4337 607 0
2135 2161 0 0
964 384 609 617
4322 1744 610 615
142 3056 0 611
146 4903 0 612
1818 2486 613 0
3936 3611 0 614
1355 3131 0 0
2779 4104 616 0
2433 99 0 0
1501 3972 618 625
3575 4848 619 0
4442 2938 624 620
4445 3893 621 0
468 16 0 622
2159 2939 0 623
1634 2745 0 0
1941 4903 0 0
204 700 626 630
81 3121 627 0
2536 2275 628 0
1572 831 0 629
1424 2877 0 0
513 2448 0 631
1418 1837 632 0
4607 4722 638 633
4063 857 634 0
3836 436 0 635
2876 1291 636 0
3317 4932 637 0
4340 747 0 0
975 2211 642 639
3476 1995 640 0
4929 3964 0 641
4110 2338 0 0
2296 4265 0 643
1055 954 653 644
4498 2998 645 0
1385 930 646 648
187 3163 0 647
3657 2804 0 0
4330 1006 649 0
409 4024 650 651
4653 359 0 0
4591 3775 0 652
4025 3154 0 0
3349 1113 657 654
835 2097 0 655
551 776 656 0
970 1776 0 0
2592 1186 658 663
3315 4039 0 659
4502 483 0 660
1196 3035 0 661
4993 3144 662 0
2817 2797 0 0
3672 3686 664 0
346 4729 668 665
4324 3945 0 666
258 64 667 0
3794 4741 0 0
3993 3487 669 678
4357 3849 670 677
1883 1190 671 674
3450 294 672 0
2456 3578 673 0
1195 700 0 0
1962 4179 675 0
4381 3110 0 676
914 4454 0 0
4114 1313 0 0
779 1356 679 682
3471 2577 680 0
1461 3146 681 0
4655 2660 0 0
4475 3455 683 689
3342 2317 687 684
1246 3625 0 685
4894 3323 0 686
4736 4305 0 0
2294 2359 0 688
4609 274 0 0
1942 2233 690 696
2406 541 691 0
372 4539 692 0
133 1304 693 0
675 4868 694 0
570 74 695 0
1287 1631 0 0
4189 209 701 697
3706 1994 698 0
1945 3749 700 699
3857 1928 0 0
2071 4314 0 0
3175 919 707 702
2713 3682 0 703
2674 4594 0 704
3879 3520 706 705
4969 4776 0 0
1238 3918 0 0
2156 1611 711 708
868 3920 709 0
1324 1010 0 710
2869 655 0 0
1894 4951 717 712
3625 1351 0 713
4917 4994 714 0
2779 4441 715 0
4957 2109 716 0
844 4129 0 0
785 2357 718 0
2782 1025 719 724
245 503 0 720
3537 3749 0 721
2645 2321 722 0
2090 3341 0 723
2588 4149 0 0
951 4526 731 725
2862 4170 726 0
3228 2633 727 0
1831 978 728 0
4049 1402 729 0
3769 2948 730 0
329 851 0 0
1449 3156 732 733
869 1710 0 0
1882 1254 734 741
1375 1343 735 0
602 2367 736 0
2928 2208 0 737
1992 4804 739 738
2090 1018 0 0
940 1225 740 0
1798 1098 0 0
47 604 746 742
375 826 743 0
207 639 0 744
1909 4916 745 0
1876 793 0 0
1124 3491 756 747
3894 4613 748 751
1330 914 749 0
1700 281 0 750
1941 3506 0 0
150 3153 752 0
4786 1561 753 0
4844 3922 754 0
4463 1797 0 755
69 1847 0 0
3258 989 0 757
753 4400 758 761
4991 3889 0 759
1327 2374 0 760
2902 1317 0 0
3368 3872 762 763
4867 1201 0 0
82 896 764 771
1476 3556 0 765
751 2927 767 766
4966 4820 0 0
963 3789 0 768
1225 2112 769 0
585 18 0 770
3439 655 0 0
3710 4960 779 772
3098 4942 773 776
3324 3102 775 774
2627 350 0 0
1256 3055 0 0
3475 4619 777 0
3037 2121 778 0
3493 374 0 0
2055 4726 780 782
1970 3212 781 0
1497 2270 0 0
1540 1925 784 783
2216 139 0 0
516 2062 786 785
4757 2212 0 0
141 4263 787 793
3431 2339 788 0
566 1469 0 789
4686 391 790 0
2955 497 791 0
113 2410 0 792
4604 4656 0 0
3185 1420 794 802
3469 1737 795 798
372 2686 797 796
2404 2450 0 0
2692 104 0 0
455 3003 800 799
2677 4228 0 0
4515 3065 801 0
2498 3960 0 0
4614 2597 803 806
1616 3872 0 804
854 1035 0 805
1297 1042 0 0
2535 283 807 809
3963 1904 808 0
3402 571 0 0
4486 633 810 816
1384 3034 811 0
594 1617 812 0
1619 3967 0 813
4502 3156 814 0
3677 2872 0 815
234 1103 0 0
807 4204 817 826
2527 3847 819 818
2980 97 0 0
241 1335 820 824
443 2086 821 0
2508 4143 822 0
1040 403 0 823
1980 4096 0 0
1723 2196 0 825
1667 3409 0 0
56 58 833 827
2935 4173 828 0
1974 3097 0 829
2506 4034 0 830
3584 2891 831 0
72 2916 832 0
3479 2540 0 0
516 4040 834 839
3525 4916 0 835
4867 497 836 837
3044 3736 0 0
2951 3718 838 0
1253 1745 0 0
766 3434 840 843
4729 2603 842 841
209 4683 0 0
1420 3600 0 0
3429 1124 849 844
77 2539 0 845
2749 4467 846 0
2143 237 847 0
4542 1819 0 848
4107 2155 0 0
4369 3123 850 854
3723 2781 0 851
4293 1309 852 0
673 1256 0 853
4555 1840 0 0
1622 4254 855 856
4496 4839 0 0
755 3641 857 865
782 4263 858 0
3828 396 859 862
4931 1949 860 0
520 1682 861 0
1753 3478 0 0
442 4788 863 0
4236 2733 864 0
3323 3007 0 0
39 88 874 866
1326 4484 0 867
1439 75 871 868
4810 1935 0 869
663 1716 870 0
876 1864 0 0
4642 2349 0 872
842 957 873 0
2580 390 0 0
2393 2654 875 878
770 3360 876 877
4375 2815 0 0
3333 3739 0 0
3154 2842 886 879
2986 4289 883 880
4808 4458 0 881
429 752 882 0
3932 1009 0 0
3154 4388 885 884
1592 1043 0 0
971 3250 0 0
4565 4113 0 887
3277 2238 895 888
1501 519 889 890
2154 3279 0 0
1881 286 891 0
4272 2606 0 892
4539 2091 0 893
1649 4682 894 0
1774 3870 0 0
441 4519 896 0
3312 652 897 901
4795 2282 898 0
111 3965 899 0
2893 2374 900 0
610 4046 0 0
3823 2635 902 0
603 1760 903 912
4512 1186 904 907
1539 1280 0 905
2816 2050 0 906
990 2325 0 0
591 2685 909 908
3371 853 0 0
517 1212 0 910
2326 3224 911 0
4488 4695 0 0
3526 3179 915 913
4154 3262 914 0
1518 4207 0 0
1152 1627 923 916
3000 272 0 917
2971 3957 920 918
1429 3806 919 0
2651 3703 0 0
583 1375 0 921
1999 1167 922 0
3543 4498 0 0
4814 3615 924 926
1063 2205 925 0
514 4176 0 0
490 4905 927 928
3487 210 0 0
3247 3825 934 929
1880 2684 932 930
26 3943 931 0
1259 3042 0 0
1530 2007 0 933
1224 4418 0 0
300 2490 936 935
990 591 0 0
1558 2460 940 937
3422 1318 938 0
1541 3197 939 0
3510 284 0 0
40 3308 944 941
1807 2062 942 0
3987 680 943 0
2023 3686 0 0
4116 253 950 945
2167 2309 947 946
1345 3021 0 0
726 4212 0 948
1393 61 949 0
4757 273 0 0
598 868 951 957
4241 3185 0 952
34 1319 953 954
2693 1688 0 0
1855 2799 955 0
4941 3458 0 956
1309 441 0 0
1796 1254 967 958
4975 429 959 963
1222 4574 0 960
1574 1888 961 0
3327 2416 962 0
1813 1418 0 0
1402 1439 964 0
3660 3953 965 0
3202 3187 966 0
4701 4356 0 0
2053 1749 968 971
226 2912 0 969
484 3908 970 0
4189 4631 0 0
3445 4443 977 972
3646 4004 973 0
2881 176 974 0
3000 448 0 975
3974 623 976 0
436 4096 0 0
3262 1245 985 978
1261 1341 979 0
4854 3733 980 981
1163 3419 0 0
3488 1839 0 982
3696 4186 983 0
2785 795 0 984
2294 2952 0 0
3220 1498 994 986
71 1845 0 987
3573 1838 990 988
891 277 0 989
3407 685 0 0
2734 1562 0 991
2158 1562 992 0
3503 959 993 0
1638 1308 0 0
1154 406 995 1004
4818 2805 0 996
1798 4459 0 997
782 1004 0 998
2728 3479 999 0
2910 716 1000 0
46 1934 1001 0
2860 3502 1002 0
3261 3564 0 1003
2837 3498 0 0
404 859 1005 1009
4957 368 0 1006
3975 4275 0 1007
551 911 0 1008
2821 2983 0 0
1830 1839 1010 1013
4306 4950 1012 1011
1919 1991 0 0
1574 1871 0 0
3900 3997 1014 1023
3700 4218 1021 1015
4906 566 1016 0
403 911 1017 0
2780 3056 0 1018
2112 2315 0 1019
1862 2261 0 1020
4202 4512 0 0
3387 4034 1022 0
2685 3430 0 0
88 401 1033 1024
3832 3905 1028 1025
2086 2473 1026 0
3663 4603 1027 0
428 879 0 0
3922 4243 0 1029
1530 2424 1030 1031
1347 1691 0 0
2479 2758 1032 0
2172 2616 0 0
4876 428 1039 1034
2679 3207 1037 1035
3375 3588 0 1036
3292 4261 0 0
817 1728 1038 0
1367 1649 0 0
1960 2167 1043 1040
3175 3860 0 1041
3958 3994 1042 0
2984 3201 0 0
3608 4318 1048 1044
2962 3841 1045 0
2081 2725 0 1046
2168 2938 1047 0
340 479 0 0
921 1735 1057 1049
1173 2124 0 1050
1426 1585 0 1051
3536 4103 1056 1052
4562 4783 1053 0
2824 3292 0 1054
3685 4036 0 1055
2170 2861 0 0
3650 4168 0 0
1703 2203 1060 1058
2381 3352 1059 0
3846 4719 0 0
2942 3514 1061 1065
3359 3721 0 1062
2656 3123 0 1063
1377 2209 0 1064
459 1250 0 0
4982 135 1066 1067
2178 3081 0 0
1553 1598 1073 1068
2861 3337 1069 0
3631 4253 0 1070
3968 4054 0 1071
3067 3600 0 1072
4946 276 0 0
2152 2746 0 1074
4735 4826 1075 1082
3651 4270 1078 1076
1287 1366 1077 0
1478 2048 0 0
2957 3224 1079 0
1655 1959 1080 0
1352 1913 0 1081
3263 4069 0 0
2341 3069 1083 1087
1227 1345 0 1084
4540 457 0 1085
1454 1563 0 1086
2767 3552 0 0
4837 457 1096 1088
4990 257 1091 1089
2865 3504 1090 0
1509 2133 0 0
1761 2439 0 1092
3660 3980 0 1093
1134 1192 0 1094
982 1913 0 1095
3525 3911 0 0
994 1381 1097 0
208 574 1101 1098
3853 4152 0 1099
413 488 1100 0
4855 359 0 0
1589 2062 1102 1111
4282 4722 0 1103
3543 3736 1110 1104
702 1647 1105 1107
4859 247 1106 0
3415 3497 0 0
87 751 0 1108
1477 2076 1109 0
541 1360 0 0
3635 4316 0 0
4467 4728 1121 1112
2312 2621 1113 1118
2370 3091 0 1114
474 681 0 1115
1967 2595 0 1116
4342 4388 0 1117
1845 2302 0 0
1017 1218 1119 0
1601 1750 1120 0
418 1012 0 0
972 1139 1122 1129
93 231 1123 1127
669 1286 1124 0
2226 2687 0 1125
3581 3930 0 1126
3292 4196 0 0
9 243 0 1128
4115 4331 0 0
3059 3857 1130 1131
1906 2878 0 0
1041 1114 1132 1139
897 1791 0 1133
1037 1580 1134 1135
1228 1682 0 0
1899 2097 1136 0
651 1643 0 1137
2758 3726 0 1138
712 1639 0 0
4540 399 1140 0
2796 3326 1145 1141
4005 4885 0 1142
4754 4895 1143 0
1752 2713 0 1144
2786 3557 0 0
117 843 1146 1152
1503 1546 1147 1148
4548 4605 0 0
57 1001 0 1149
557 806 1150 0
4180 4618 0 1151
2262 2970 0 0
4200 4658 1156 1153
4345 170 1154 0
3151 3360 1155 0
4490 4855 0 0
3378 4118 1157 1161
3741 4424 0 1158
4452 86 1159 1160
1102 1623 0 0
1725 1907 0 0
1448 2353 1165 1162
3968 4763 0 1163
4999 885 1164 0
2077 2714 0 0
4757 285 1167 1166
2720 3346 0 0
2809 2978 1169 1168
3113 3970 0 0
4171 4907 1170 1173
2650 3627 1171 0
4857 623 1172 0
452 1025 0 0
3902 4366 1174 1175
4826 144 0 0
1893 2169 1176 1183
4268 4774 1177 1182
834 1537 1178 0
3941 4241 1179 0
4714 696 1180 0
3845 3873 1181 0
1446 1818 0 0
2937 3586 0 0
2844 3727 0 1184
2958 3321 1185 1188
4606 580 1186 0
4729 575 0 1187
4377 120 0 0
2858 3446 1197 1189
2294 2723 1192 1190
3252 3774 1191 0
2013 2789 0 0
2807 2845 1194 1193
645 1405 0 0
655 1446 0 1195
261 1079 1196 0
1370 2247 0 0
2615 3355 1204 1198
3085 3152 1199 0
3367 3947 0 1200
656 891 0 1201
3961 3973 1202 0
2269 2701 0 1203
904 1536 0 0
125 478 1205 1208
1791 2618 1206 0
1763 1800 0 1207
636 1026 0 0
2503 3193 1209 1213
608 1291 0 1210
3340 3767 0 1211
441 1267 0 1212
2611 2708 0 0
192 522 1214 1218
1078 1214 1215 0
4091 4661 1216 0
1901 2403 0 1217
1492 1851 0 0
2205 3180 1223 1219
944 1833 0 1220
3988 4505 0 1221
4921 491 1222 0
1790 2373 0 0
180 322 1224 1233
4803 722 1232 1225
2684 3269 0 1226
2646 2942 1227 1229
749 1003 1228 0
3576 4415 0 0
1641 1749 1230 0
707 1212 1231 0
3783 4605 0 0
3079 3821 0 0
4159 4889 1235 1234
185 597 0 0
4176 4497 1236 1242
2151 2190 1241 1237
1658 2035 0 1238
1717 1989 0 1239
1772 2180 0 1240
3579 3767 0 0
119 433 0 0
3212 3930 1243 0
4577 278 1244 0
3513 3616 1245 1246
4299 4310 0 0
292 345 1247 1255
1747 1866 0 1248
1710 1856 1250 1249
683 790 0 0
2265 2871 1253 1251
3992 4618 0 1252
4742 166 0 0
2708 3646 0 1254
744 1193 0 0
4116 32 1259 1256
2511 3088 1257 0
2299 2753 0 1258
1095 1197 0 0
3901 4325 1268 1260
1606 2504 1267 1261
2517 3228 0 1262
3090 3910 0 1263
4800 703 1264 1266
1064 1442 0 1265
4503 4947 0 0
2614 2732 0 0
2305 2387 0 0
666 1152 1271 1269
4998 673 1270 0
4960 809 0 0
101 150 1276 1272
4528 4702 1273 0
3351 4212 1274 1275
3702 4325 0 0
3810 3841 0 0
816 895 1278 1277
391 1310 0 0
2956 3195 1287 1279
4068 4264 0 1280
767 1718 1281 0
1571 1998 1282 0
4111 4778 1283 0
2849 3707 0 1284
4514 101 1285 0
928 1677 1286 0
324 1228 0 0
2614 2622 1288 1297
2021 2169 1292 1289
4763 353 1290 1291
737 1051 0 0
871 1121 0 0
3438 3484 1293 0
1802 1815 1295 1294
506 1479 0 0
4265 176 1296 0
2458 2914 0 0
3440 3993 1301 1298
2404 3073 0 1299
4018 4492 0 1300
62 229 0 0
3371 3731 1302 1307
692 1667 1303 0
1775 2424 0 1304
4742 4952 0 1305
4912 883 0 1306
1496 1701 0 0
1116 1277 1312 1308
609 1584 1309 0
4556 4731 0 1310
3524 3602 1311 0
4158 6 0 0
2113 2606 1321 1313
1124 2105 0 1314
373 1305 0 1315
2316 3189 1316 0
2566 3238 1318 1317
670 1041 0 0
3033 3614 1319 0
472 652 1320 0
492 877 0 0
2109 2407 1322 1326
1435 1621 1324 1323
4633 365 0 0
1103 1994 0 1325
2063 2853 0 0
1338 1413 1327 1329
692 1083 0 1328
4421 396 0 0
2057 2434 1334 1330
4419 4916 1331 0
3237 3518 1332 0
675 1075 0 1333
4345 4569 0 0
2425 3131 1335 1340
2002 2931 1336 0
1661 1669 0 1337
1962 2870 0 1338
795 940 1339 0
3399 3681 0 0
4170 4763 1345 1341
2946 3228 0 1342
3557 4200 1343 0
4866 141 0 1344
1365 2258 0 0
23 234 1346 0
4309 4872 1347 1354
3415 3759 0 1348
932 1354 0 1349
1796 2585 0 1350
1374 1869 1351 0
4252 4827 1352 0
3003 3962 0 1353
1839 2408 0 0
159 519 1355 1357
805 1057 0 1356
1225 1418 0 0
2502 2777 1360 1358
3092 3714 1359 0
104 534 0 0
3041 3824 1369 1361
628 1480 1362 1368
1571 2061 0 1363
3881 3944 1364 0
289 948 1365 0
2247 2690 1366 0
839 1626 0 1367
4702 4926 0 0
1910 2804 0 0
1061 1149 1372 1370
3287 3560 1371 0
115 1085 0 0
228 344 1377 1373
3537 4433 1375 1374
3199 3284 0 0
646 940 0 1376
4609 334 0 0
4482 4726 1378 1384
4493 4828 1380 1379
4251 4577 0 0
1234 1504 0 1381
3571 3637 0 1382
1909 1955 1383 0
4288 4546 0 0
4828 4914 1394 1385
2403 2877 0 1386
3060 3616 1390 1387
129 709 0 1388
1244 1805 1389 0
3045 3055 0 0
1383 2110 0 1391
4660 4928 0 1392
3526 3638 1393 0
4832 363 0 0
1836 1917 1395 1400
214 1051 0 1396
4240 4503 0 1397
3167 3441 0 1398
4726 230 0 1399
2722 3208 0 0
2519 2565 1401 1405
3297 3305 1402 1403
4116 4387 0 0
1472 1889 0 1404
4999 576 0 0
3833 4819 1406 1412
4139 4615 1407 1409
635 971 1408 0
2183 2830 0 0
2822 3415 1410 1411
3774 4182 0 0
1792 2515 0 0
914 1873 1417 1413
1675 2629 1414 1416
3556 3806 1415 0
3837 4440 0 0
830 1732 0 0
767 1471 1418 1421
4873 53 0 1419
991 1858 0 1420
2375 3129 0 0
2894 3587 1423 1422
603 1487 0 0
922 987 1424 1431
268 847 1429 1425
1292 1873 1426 0
4070 4459 1427 0
4739 436 0 1428
504 724 0 0
4608 268 1430 0
2126 2961 0 0
4576 4931 1432 1439
4577 136 1433 1438
3062 3144 0 1434
915 1118 1435 0
1262 2230 1436 0
3156 3850 0 1437
3978 4952 0 0
167 1135 0 0
1521 1970 1440 1444
3349 4048 0 1441
315 1163 0 1442
601 1160 1443 0
2662 3022 0 0
1186 2107 1445 1448
845 1131 0 1446
4229 4969 1447 0
1412 1552 0 0
208 904 1453 1449
4501 365 1450 0
464 1186 1451 0
1365 1478 0 1452
4828 440 0 0
3263 3667 1458 1454
1496 2167 0 1455
2272 2566 0 1456
2531 3178 1457 0
4210 4996 0 0
304 686 1463 1459
3546 3672 1460 0
1457 1772 0 1461
4138 4763 1462 0
480 852 0 0
2703 2950 1465 1464
1596 2205 0 0
1916 2724 1474 1466
3762 4277 1467 1472
2053 2867 0 1468
2801 3302 0 1469
4780 610 1470 0
1556 2190 0 1471
4048 4881 0 0
1556 1859 0 1473
2641 3396 0 0
588 1302 0 1475
246 617 1485 1476
2260 2928 1482 1477
2295 2340 0 1478
3254 3553 1479 0
1275 2055 0 1480
1476 2311 1481 0
571 983 0 0
4568 4621 1483 0
173 876 1484 0
1922 2818 0 0
4706 4775 1488 1486
2317 2437 1487 0
3920 4266 0 0
2346 2742 0 1489
2569 3188 1493 1490
4396 40 0 1491
4674 659 0 1492
3787 4574 0 0
3725 4070 1496 1494
3642 4427 0 1495
1431 1698 0 0
952 1476 1506 1497
1891 2261 1498 1505
698 1435 1499 1500
405 1168 0 0
2255 2436 1501 0
2735 3176 0 1502
4867 492 0 1503
2888 3656 0 1504
4653 386 0 0
3656 4097 0 0
3601 4484 1507 1516
2926 2972 1508 0
1166 1494 0 1509
2114 2945 1510 1511
4017 4808 0 0
3699 4518 1512 0
2953 3792 1513 0
602 1021 1514 0
2801 3230 1515 0
4317 4720 0 0
2169 3150 1526 1517
1205 1975 1521 1518
2052 2857 1519 0
3841 4534 1520 0
1339 1933 0 0
4688 4783 1522 1524
2497 2641 0 1523
4210 4965 0 0
4998 722 0 1525
872 949 0 0
2357 2793 1527 1530
2792 3694 0 1528
4333 4582 0 1529
82 344 0 0
1459 2311 1531 1536
174 485 0 1532
3550 4085 1533 0
2171 2251 0 1534
2602 2847 1535 0
2369 3360 0 0
4798 442 1538 1537
865 1748 0 0
2550 3544 1539 1542
4623 215 1540 0
1762 2712 0 1541
2807 3667 0 0
501 1269 1548 1543
717 1351 1547 1544
382 458 0 1545
1691 1800 0 1546
434 1157 0 0
2719 3318 0 0
712 1571 1549 1550
2090 2524 0 0
1724 2180 1556 1551
1362 2321 0 1552
4717 39 0 1553
3609 3759 1554 0
2111 2112 1555 0
4660 425 0 0
706 1536 1557 1564
381 1377 1558 0
1769 2533 0 1559
706 1426 1560 0
595 1474 1561 0
2987 3121 0 1562
4965 121 1563 0
1632 2363 0 0
1487 2000 1565 0
2481 3347 1574 1566
2738 3152 0 1567
3235 3248 0 1568
3081 3693 0 1569
2178 2617 1570 0
413 1234 0 1571
2777 3075 0 1572
2902 3099 0 1573
3228 3728 0 0
1841 1936 1575 1578
711 1463 0 1576
2085 2384 0 1577
4924 710 0 0
2741 3699 1584 1579
1529 1588 1580 0
1473 1611 1581 0
4799 709 0 1582
3021 3741 1583 0
3109 4030 0 0
928 1507 1585 1587
4475 4811 0 1586
4390 37 0 0
415 1213 0 1588
4359 4553 1594 1589
4755 649 1590 1592
798 1391 1591 0
789 1231 0 0
419 1241 1593 0
877 1126 0 0
417 746 1599 1595
2219 2737 0 1596
4920 69 0 1597
1983 2286 0 1598
4132 4337 0 0
4750 553 1600 0
4708 2 1602 1601
1988 2611 0 0
100 626 1603 1608
3133 3432 1604 1607
2972 3017 0 1605
3650 3850 1606 0
199 754 0 0
1658 2511 0 0
2988 3167 1609 1618
1927 2370 1610 1612
3105 3575 1611 0
549 714 0 0
1955 2766 1614 1613
3254 3610 0 0
3447 3772 1615 0
1048 1714 1616 0
4644 89 1617 0
1677 2266 0 0
4070 40 1623 1619
4731 146 0 1620
2109 2396 1622 1621
1498 1677 0 0
1948 2848 0 0
3784 3954 1631 1624
2595 2770 0 1625
4968 4991 1628 1626
445 649 1627 0
4911 623 0 0
1826 2220 1629 1630
2774 3053 0 0
166 167 0 0
4419 4826 1641 1632
4072 33 1633 0
2799 2825 1636 1634
3709 4593 0 1635
4481 4899 0 0
3186 3880 1637 1638
162 489 0 0
781 1561 0 1639
1943 2640 1640 0
405 1337 0 0
2434 2585 1650 1642
3085 3136 1643 0
4105 4792 1644 1646
3310 3562 0 1645
3950 4036 0 0
1794 2641 1647 0
2749 3719 1648 0
3969 4354 0 1649
4953 647 0 0
1423 1826 0 1651
2063 2693 1652 1656
3692 4121 1653 0
4874 750 1654 1655
1779 2519 0 0
309 1167 0 0
164 1045 1663 1657
3580 4301 1662 1658
1610 2070 1659 0
2684 2725 0 1660
3293 3574 1661 0
3710 4240 0 0
2937 3579 0 0
4272 4763 1664 1667
438 475 0 1665
163 556 0 1666
1854 1909 0 0
1214 1776 1668 1675
3754 4411 1674 1669
3034 3132 1670 0
1093 1879 0 1671
2308 2505 1672 0
2911 3141 0 1673
4894 260 0 0
1131 1937 0 0
3695 4471 1676 1683
2033 2488 0 1677
3102 3433 1678 1679
157 476 0 0
3827 4517 1682 1680
2223 2772 1681 0
3158 3512 0 0
2065 2130 0 0
3909 4450 1688 1684
3028 3120 0 1685
1978 2906 1686 0
2387 2476 0 1687
2931 3540 0 0
566 1066 1691 1689
1041 1263 1690 0
880 1273 0 0
1690 2004 1692 1696
1890 2418 1693 0
879 1592 1694 0
4950 230 0 1695
2822 3228 0 0
2660 2990 1697 1706
2656 3506 1704 1698
3520 4104 0 1699
3068 3084 1700 0
762 823 1701 0
587 698 0 1702
869 1843 1703 0
3778 3890 0 0
3353 3411 1705 0
2220 3148 0 0
1914 2904 1707 1708
1413 2077 0 0
3934 4730 1709 0
448 1083 1710 1715
4218 4534 1711 0
3201 4033 1712 1714
1846 2481 0 1713
1563 1916 0 0
4036 4960 0 0
2364 3223 1716 1724
1205 1338 1717 1719
4844 435 0 1718
332 335 0 0
1386 1762 1722 1720
3193 3705 0 1721
2151 2477 0 0
351 1338 0 1723
721 1443 0 0
4647 48 1725 0
4145 4708 1726 1732
1819 2271 1727 1731
3325 4141 1728 0
4123 4852 0 1729
3599 3974 0 1730
1020 1881 0 0
3020 4010 0 0
836 1790 1734 1733
861 1445 0 0
2207 2566 1742 1735
4458 4580 0 1736
1125 1675 0 1737
2322 2848 0 1738
361 836 1739 0
237 741 1740 0
36 301 0 1741
2610 3305 0 0
4184 4518 1743 1747
1081 1103 1746 1744
1822 2312 0 1745
3490 4118 0 0
1128 1692 0 0
4996 212 1755 1748
255 741 1749 1751
567 608 0 1750
3526 3984 0 0
4530 24 0 1752
2717 3658 1753 0
3878 4023 1754 0
4352 4355 0 0
4169 4546 1762 1756
4885 736 0 1757
4596 564 0 1758
1993 2837 1759 0
4293 63 0 1760
2868 2908 1761 0
494 821 0 0
696 1360 1763 0
2564 2799 1764 1771
2358 2591 0 1765
2713 3597 1766 0
1258 1599 1767 0
1250 2237 1768 0
4546 4775 0 1769
2362 3129 0 1770
1146 1663 0 0
3549 4379 1781 1772
1555 2259 1773 1780
4326 148 1774 0
327 581 1775 0
441 1172 0 1776
4182 4529 1778 1777
1978 2939 0 0
845 1567 0 1779
60 153 0 0
1802 2043 0 0
3411 3714 1786 1782
2713 3224 1783 0
1691 1910 0 1784
354 622 0 1785
1150 1630 0 0
385 809 1793 1787
3594 4297 1792 1788
2940 3619 1789 0
3320 3752 0 1790
3857 4619 1791 0
934 1401 0 0
1333 2254 0 0
2198 2417 1797 1794
806 1727 0 1795
4333 4524 1796 0
2834 3242 0 0
877 1104 1803 1798
3165 3334 0 1799
4963 351 1800 0
4359 4819 1801 1802
2074 2181 0 0
4540 296 0 0
1150 1642 1804 1810
4578 4986 0 1805
2218 2930 1806 0
23 57 1808 1807
2843 3195 0 0
1368 2188 0 1809
3114 3172 0 0
4339 4552 1811 1820
2894 3479 0 1812
3822 4692 1813 1817
343 895 0 1814
3573 3710 0 1815
4021 4372 0 1816
4488 4540 0 0
2223 2432 0 1818
1835 2613 0 1819
4204 4481 0 0
3485 3552 1823 1821
181 1025 0 1822
2681 2807 0 0
3456 4411 1824 1826
4320 4500 0 1825
3983 4392 0 0
3444 3850 1827 1833
767 913 0 1828
1182 1559 1829 0
1978 2192 0 1830
4082 4323 1831 0
3918 4234 0 1832
2190 2722 0 0
2140 2991 1834 1839
2510 3423 0 1835
137 163 1836 0
3027 3476 1837 0
4200 4645 1838 0
1376 2164 0 0
2550 3441 1843 1840
4467 4610 0 1841
2172 2875 1842 0
1882 2423 0 0
57 229 1846 1844
4227 4686 1845 0
3117 3697 0 0
2130 3059 0 1847
783 1393 1848 1853
800 1037 1849 0
4665 264 1851 1850
3974 4256 0 0
4919 4977 0 1852
502 1087 0 0
4443 382 1854 0
4082 4552 1862 1855
4363 4797 1856 1860
2915 3618 0 1857
1937 2044 0 1858
1116 1397 0 1859
3018 3791 0 0
3492 4448 0 1861
753 812 0 0
4279 4854 1869 1863
4265 4716 0 1864
4534 348 0 1865
3646 4635 0 1866
1746 2141 0 1867
2412 3226 0 1868
4813 401 0 0
3310 4260 1870 1876
473 485 1871 1874
4017 4223 0 1872
1583 1978 0 1873
2063 2125 0 0
34 556 0 1875
1756 2474 0 0
1401 1883 1877 1880
1876 1903 0 1878
608 1397 1879 0
4075 4944 0 0
4496 416 1886 1881
980 1043 1885 1882
594 824 0 1883
3179 3801 1884 0
3256 3904 0 0
3610 4215 0 0
1509 1993 1887 1888
3047 3767 0 0
2863 3163 1889 1896
1332 2308 1893 1890
2740 3061 0 1891
4063 4190 0 1892
3618 4121 0 0
3824 4188 0 1894
3086 3656 0 1895
3102 3655 0 0
3550 3839 0 1897
921 1284 1898 1900
1983 2674 1899 0
3721 4347 0 0
144 343 1901 1903
1926 2232 0 1902
1108 1692 0 0
2862 3166 0 1904
4212 21 1905 1909
2586 2811 1906 0
3531 4192 1907 0
969 1441 1908 0
4328 4586 0 0
4532 218 1910 1913
4152 4999 0 1911
928 1239 1912 0
4025 4532 0 0
4079 4945 1915 1914
4736 576 0 0
2368 2529 1920 1916
4187 4244 1917 0
3362 3477 1918 1919
3880 4583 0 0
4588 298 0 0
253 879 1930 1921
3257 3482 1926 1922
3462 4148 1925 1923
1748 2092 0 1924
4538 4838 0 0
4640 4753 0 0
2061 2304 1927 0
1923 2226 0 1928
4320 4718 0 1929
1534 2426 0 0
2549 3220 1931 1940
214 1059 1937 1932
2875 3151 1933 0
382 823 0 1934
4968 666 1935 0
1523 1565 1936 0
1210 1978 0 0
303 894 1938 0
3525 4298 1939 0
3847 4608 0 0
1736 2228 1941 1942
2301 3033 0 0
3376 3918 1952 1943
2494 2534 1951 1944
2771 2867 0 1945
588 1245 1946 1949
190 829 1947 0
4173 4425 1948 0
2688 3450 0 0
2147 2735 0 1950
3164 3980 0 0
3851 4606 0 0
2651 3140 1953 1956
2982 3194 1954 0
1664 2585 0 1955
4178 4427 0 0
2874 2884 0 1957
577 1481 1962 1958
3710 3934 1959 0
4649 341 1960 0
418 1005 1961 0
627 812 0 0
3 596 1968 1963
3045 3284 0 1964
576 1003 1965 1966
2472 2907 0 0
3613 3614 0 1967
1690 1884 0 0
3321 3520 1969 1976
3661 4373 1970 0
288 1114 0 1971
3774 3839 1972 0
1601 1639 1973 0
862 1051 0 1974
913 1611 1975 0
333 1110 0 0
1414 2045 1983 1977
778 1477 0 1978
1285 1361 1982 1979
628 1482 0 1980
789 1586 0 1981
2877 3404 0 0
3690 4047 0 0
4690 4977 1991 1984
3379 3925 0 1985
1596 2047 1986 1990
4979 627 1987 1988
553 1065 0 0
532 677 1989 0
4676 4863 0 0
2360 2891 0 0
2433 2601 0 1992
4158 4456 1996 1993
3474 4170 0 1994
27 355 0 1995
2420 2613 0 0
2102 2512 1997 2001
4410 4627 0 1998
4955 408 1999 2000
4858 708 0 0
689 946 0 0
1515 2040 2009 2002
788 1728 0 2003
2781 3565 2004 0
2907 3277 2007 2005
1305 1539 0 2006
4139 4663 0 0
1069 1925 2008 0
4754 192 0 0
2969 3610 2010 2014
2349 3099 0 2011
4580 355 0 2012
2347 2460 0 2013
1232 1287 0 0
2960 3208 2017 2015
2378 2965 0 2016
411 1247 0 0
315 848 2018 2019
4840 789 0 0
2498 3153 2020 2021
4262 4863 0 0
2615 2712 2025 2022
1394 1725 2023 0
481 1204 0 2024
59 805 0 0
753 1252 2026 2034
3364 3496 0 2027
4493 198 2028 2032
4893 4960 2031 2029
4926 791 2030 0
2913 3847 0 0
4066 4851 0 0
4058 4693 0 2033
1779 2591 0 0
1713 1797 2040 2035
734 828 0 2036
2558 3365 0 2037
2957 3078 0 2038
1974 2816 0 2039
4437 436 0 0
2999 3694 2041 2043
2433 2946 0 2042
478 1283 0 0
893 1636 2049 2044
1626 2137 2045 0
3836 4277 2047 2046
4895 455 0 0
3411 4265 2048 0
4964 4979 0 0
1107 2077 2051 2050
2053 2501 0 0
2107 2224 2061 2052
3330 3757 2054 2053
1963 2813 0 0
4262 4367 2055 2056
4002 4272 0 0
24 860 2057 0
913 1499 2058 0
4749 395 0 2059
1294 1991 0 2060
2804 3729 0 0
4419 4497 2062 2070
2225 2630 2067 2063
1348 2204 2064 2065
459 642 0 0
4724 4771 0 2066
1854 1927 0 0
4536 4932 0 2068
2178 2231 0 2069
618 1414 0 0
3746 4608 2071 2079
3007 3781 2078 2072
6 503 0 2073
2618 3047 0 2074
2641 2946 2075 0
1191 1990 0 2076
4907 312 0 2077
2249 2824 0 0
3288 3734 0 0
2117 2789 2089 2080
4887 778 0 2081
2828 3183 2082 2083
4060 4747 0 0
4997 184 2084 0
2942 3460 2088 2085
977 1488 2086 0
4754 4773 0 2087
2861 2964 0 0
3447 3765 0 0
2275 2766 2094 2090
3920 4277 0 2091
2561 2962 2093 2092
1173 1765 0 0
2496 2661 0 0
4986 499 2095 2100
4142 4212 2096 0
1518 2186 2097 0
4205 4683 2098 0
1893 2304 0 2099
2699 3100 0 0
279 1244 2105 2101
4024 4306 2102 0
4191 4367 2103 0
1450 1885 2104 0
4629 4649 0 0
1844 2800 2111 2106
4108 4342 0 2107
1906 2344 2109 2108
2740 2873 0 0
1271 1695 0 2110
3817 4025 0 0
656 1593 2112 2116
1394 1515 2113 0
3519 3718 2114 0
4715 4775 2115 0
968 1504 0 0
1548 2166 2117 2123
4047 4646 0 2118
4560 4651 0 2119
784 1153 2120 0
4591 4689 2122 2121
1053 2029 0 0
2028 2397 0 0
4916 883 2124 2130
1495 1788 0 2125
2263 3086 2127 2126
4988 206 0 0
4546 4828 2128 0
1498 1900 2129 0
904 1711 0 0
749 1663 2137 2131
838 1812 0 2132
1469 1715 2133 2134
4798 786 0 0
3173 3395 0 2135
1862 2414 2136 0
4845 206 0 0
3151 3357 2141 2138
1032 1153 2139 0
734 1434 2140 0
3982 4092 0 0
3814 4458 0 2142
403 1403 2146 2143
3228 3462 2144 0
1926 2669 2145 0
4674 536 0 0
1996 2874 2156 2147
4349 4801 2148 2149
4762 4922 0 0
3678 4624 2154 2150
3822 4774 2151 0
4460 285 2152 0
487 646 0 2153
1041 1617 0 0
4344 4818 2155 0
2689 2854 0 0
802 972 2157 2160
1974 2107 2158 0
4735 136 0 2159
1823 2326 0 0
1487 1872 2168 2161
4556 4912 0 2162
3158 3477 2165 2163
2875 3468 0 2164
4260 244 0 0
4502 206 0 2166
1716 2542 2167 0
2219 3063 0 0
4510 436 2169 2178
1683 1895 2170 0
2205 2850 0 2171
1875 2420 0 2172
3970 4107 2173 0
1974 2481 2174 0
1839 2500 2176 2175
4633 4858 0 0
3108 3523 0 2177
3390 3710 0 0
4349 4882 2179 2186
4402 9 0 2180
1034 1688 2184 2181
4670 438 0 2182
1462 2081 2183 0
2274 2426 0 0
1473 1879 0 2185
213 728 0 0
606 1383 2187 2193
1086 1696 2188 2191
310 759 2189 0
1559 1813 2190 0
915 936 0 0
836 958 2192 0
2765 3231 0 0
1784 2540 0 2194
2504 3481 2195 2197
4017 4373 2196 0
3452 4103 0 0
2935 3775 2198 0
92 1055 2199 2204
3673 4088 2201 2200
2888 3469 0 0
1832 2453 2202 0
2899 3305 2203 0
129 679 0 0
2374 2770 2205 2212
15 613 2207 2206
4339 4682 0 0
1559 1823 0 2208
1970 2915 2209 0
3115 4049 2210 0
2392 2962 2211 0
3224 3281 0 0
3338 4336 2218 2213
816 1481 2214 2216
4983 474 2215 0
4840 719 0 0
3100 3921 0 2217
2490 2891 0 0
1965 2497 2222 2219
1797 2635 2220 0
3402 3908 0 2221
3392 3427 0 0
495 1452 2229 2223
1795 2408 0 2224
1828 2704 0 2225
1038 1133 0 2226
4059 4915 2227 0
4471 4981 2228 0
4597 165 0 0
777 964 2230 2238
2629 3318 2231 0
2720 3169 2232 0
3083 3584 2235 2233
1510 1975 2234 0
619 935 0 0
3880 4786 0 2236
3587 4276 2237 0
3209 3933 0 0
3112 3463 2241 2239
1318 1565 0 2240
2370 3125 0 0
345 1328 0 2242
451 1062 2243 2250
615 1554 2247 2244
2356 2827 2245 0
1506 2128 2246 0
0 815 0 0
4319 4468 0 2248
703 1013 0 2249
313 468 0 0
3157 3771 2260 2251
3956 4190 2252 0
3936 4035 0 2253
515 1149 2254 2257
981 1921 2255 0
4370 4969 2256 0
2532 3227 0 0
4285 4827 2259 2258
2559 3099 0 0
1335 2254 0 0
3031 3237 2261 2269
4588 4742 2262 2265
479 1460 2263 0
1047 1866 2264 0
647 662 0 0
3220 4076 2266 2267
1107 1315 0 0
4816 773 0 2268
929 1896 0 0
2236 2705 2270 2271
1071 1907 0 0
191 1179 2274 2272
2818 3169 0 2273
2176 2467 0 0
1975 2945 2275 2278
3135 3979 0 2276
3703 4441 2277 0
4653 4891 0 0
2731 3493 2288 2279
2680 3171 2280 0
780 1172 2281 2284
2600 2984 0 2282
4045 4321 0 2283
3845 4409 0 0
2999 3069 2285 2287
4422 91 0 2286
3524 3603 0 0
4843 4931 0 0
1501 2192 2289 0
1860 2507 2290 2299
1924 2922 2291 2293
3872 4400 0 2292
378 1031 0 0
4167 4698 0 2294
3786 4448 2298 2295
2448 2924 2296 0
3556 3622 2297 0
412 1006 0 0
4916 909 0 0
3897 4792 2308 2300
2913 3176 2301 2307
952 1826 0 2302
2542 3412 0 2303
616 1305 2304 0
1099 1791 0 2305
233 835 2306 0
349 1156 0 0
2817 3725 0 0
3594 4136 2309 2311
530 1491 0 2310
3790 4135 0 0
2897 2944 2321 2312
3665 4333 2314 2313
3617 4161 0 0
655 814 0 2315
254 700 2316 0
3159 4105 2320 2317
2747 3278 0 2318
4684 4788 2319 0
1469 2405 0 0
1710 1887 0 0
4789 137 2322 2330
2298 2879 2323 2325
1002 1738 2324 0
1310 1923 0 0
2020 2980 2328 2326
2414 2586 2327 0
4490 14 0 0
259 473 0 2329
4173 4501 0 0
2790 3061 2336 2331
1523 1820 0 2332
625 1152 0 2333
4094 4151 2334 0
3678 4051 2335 0
2458 3087 0 0
726 1008 2338 2337
1482 2295 0 0
2131 3027 2339 2346
1219 1638 2340 2345
2239 2554 2341 0
3399 4327 2342 2344
683 881 0 2343
179 294 0 0
3088 3512 0 0
1810 2285 0 0
1026 2010 2347 2353
1161 1577 2348 0
1855 2654 2349 2351
1040 1877 2350 0
2909 3803 0 0
2759 3679 0 2352
2425 2577 0 0
3751 4179 2361 2354
2193 2450 0 2355
572 827 2356 0
627 801 2357 2358
3826 4826 0 0
4748 4851 0 2359
557 1473 0 2360
4138 4309 0 0
2007 2560 2365 2362
409 596 0 2363
134 256 0 2364
3330 3891 0 0
2876 3400 2372 2366
2927 3809 2367 0
4445 4989 2368 0
4609 155 2369 0
3492 3855 2370 0
3539 4170 0 2371
1854 2440 0 0
2548 3349 2373 2379
4821 407 2374 2375
504 840 0 0
3447 4053 2376 0
3032 3830 2377 0
4149 15 0 2378
1181 1339 0 0
4540 396 2383 2380
2537 2695 0 2381
3287 4032 2382 0
1583 1760 0 0
4867 4994 2390 2384
2501 2733 2389 2385
1313 2137 0 2386
1753 2131 2387 0
1096 1277 2388 0
1777 2354 0 0
3441 3501 0 0
3698 4361 2400 2391
1801 2788 2392 0
3106 3603 2393 0
538 1224 0 2394
1694 2033 2395 0
346 524 2396 0
1364 2144 2397 0
619 1014 2398 0
906 990 0 2399
497 1444 0 0
318 841 2401 2403
2823 3739 2402 0
4243 4566 0 0
4394 4554 2404 2405
675 1107 0 0
1957 2260 0 2406
4815 206 2415 2407
1963 2244 2408 2411
4112 4885 0 2409
2792 3348 2410 0
3754 4156 0 0
601 1369 2414 2412
3180 3577 0 2413
1862 2431 0 0
977 1043 0 0
2055 2156 2416 2424
1330 1444 2417 0
1805 1892 2418 2420
2130 3043 0 2419
2781 3544 0 0
376 749 2421 0
601 1531 2422 0
3185 3862 2423 0
2894 3119 0 0
675 1580 2425 2430
446 1435 0 2426
843 1020 2427 0
263 688 0 2428
3048 3569 2429 0
2595 2767 0 0
117 632 2431 2435
2302 3107 0 2432
291 696 2434 2433
1099 1779 0 0
53 649 0 0
2760 3109 2436 2442
3242 3963 2437 0
2717 3012 2438 0
3887 4034 0 2439
1001 1283 2441 2440
4778 31 0 0
116 885 0 0
304 426 2444 2443
902 1205 0 0
3048 4022 2447 2445
4807 347 0 2446
3941 4228 0 0
477 639 2451 2448
4120 4532 2449 0
1722 2107 0 2450
4004 4217 0 0
2187 3051 2455 2452
2640 3443 0 2453
4697 4949 2454 0
2537 2889 0 0
116 1082 2463 2456
1989 2711 2457 0
1467 1579 2458 0
2721 2949 2462 2459
3141 3581 0 2460
948 1378 2461 0
2252 2765 0 0
1713 2576 0 0
3996 4394 2470 2464
3385 4081 2465 2466
1232 1784 0 0
167 929 0 2467
2158 3064 0 2468
4107 4902 0 2469
2246 2408 0 0
1511 1516 2474 2471
2591 3266 2473 2472
2469 3460 0 0
986 1796 0 0
566 1374 2477 2475
1189 1650 0 2476
588 1389 0 0
1385 1819 2486 2478
4458 412 0 2479
3924 4011 0 2480
2367 2495 2481 2483
927 965 2482 0
3119 3597 0 0
4113 4309 2484 0
2833 3250 2485 0
467 1052 0 0
1898 2411 2487 2488
1314 1476 0 0
3200 3556 2489 2490
225 311 0 0
3888 4829 2500 2491
2492 2906 0 2492
273 350 2493 2495
2910 3063 2494 0
4143 4808 0 0
2267 3193 0 2496
4401 4990 2497 0
1135 2106 2498 0
1683 2665 0 2499
4149 4186 0 0
300 1002 2501 2507
1760 1881 2506 2502
3841 4053 2503 0
2350 3185 2504 0
3808 3930 2505 0
608 1277 0 0
1102 1433 0 0
3900 4295 2508 2513
4186 4518 2509 0
1459 2175 2510 0
912 1706 0 2511
499 998 0 2512
999 1572 0 0
3278 3492 2514 2523
4619 447 2515 2520
121 744 0 2516
3931 4156 2517 0
822 1392 2518 0
188 554 0 2519
410 1328 0 0
4988 660 0 2521
1456 2247 2522 0
4616 4762 0 0
1164 1855 2527 2524
4343 4756 0 2525
2609 2821 2526 0
1197 2036 0 0
2859 3833 2528 2533
4961 315 0 2529
1614 2215 0 2530
1159 1422 0 2531
1301 1565 0 2532
1623 1729 0 0
3764 4535 2534 2538
1555 1955 2535 2537
1023 1314 0 2536
1365 1531 0 0
3312 3732 0 0
3599 4546 2548 2539
2956 3827 2540 2545
4521 234 2542 2541
583 1048 0 0
2095 2551 2543 0
4876 514 0 2544
3744 4260 0 0
3510 3976 2546 0
2832 3528 2547 0
10 403 0 0
1614 2392 2556 2549
154 919 0 2550
1735 2472 2551 0
1667 1852 2552 0
330 1175 0 2553
1784 2044 0 2554
2754 3511 2555 0
4493 188 0 0
3087 3558 2557 2559
4669 399 0 2558
1796 2256 0 0
3621 4057 2560 2567
2506 2923 2563 2561
1398 2048 2562 0
1637 2402 0 0
1054 1080 2564 2566
4570 322 2565 0
2520 2617 0 0
1751 1872 0 0
1992 2945 0 2568
3866 4357 2570 2569
2952 3702 0 0
1377 1906 2571 0
3566 4073 2572 0
4569 504 2573 2580
915 1756 0 2574
1454 1585 0 2575
2325 2453 2576 0
3170 3205 2577 0
1422 2151 2578 2579
2622 3591 0 0
4931 766 0 0
1090 1638 2585 2581
966 1778 2582 0
4043 4876 2583 0
3125 3192 2584 0
3080 3514 0 0
4657 29 2586 2592
4108 4482 2589 2587
4039 4810 0 2588
2463 2897 0 0
2130 2190 0 2590
1621 2530 2591 0
2527 2657 0 0
3661 4479 2601 2593
3119 3366 2597 2594
963 996 2596 2595
2737 3581 0 0
1303 1838 0 0
1069 1766 0 2598
2811 2819 2599 0
1002 1121 0 2600
1241 2091 0 0
4265 4533 2604 2602
179 511 0 2603
4112 4951 0 0
953 1791 2608 2605
3481 4405 2606 0
2911 3610 2607 0
3936 4146 0 0
3132 3496 2609 2611
1752 2539 2610 0
13 860 0 0
3270 3466 2612 2617
3983 4607 2613 0
4348 4850 0 2614
3672 4150 2615 0
3104 3389 0 2616
2095 3017 0 0
4275 4434 2618 2627
647 1554 2619 0
418 1296 0 2620
3344 3445 2621 0
1080 1553 2626 2622
878 905 2623 0
2554 2810 2624 2625
2688 3667 0 0
2865 3000 0 0
2178 2404 0 0
268 425 2628 0
4260 4531 2629 2637
1380 1401 2630 2634
2649 3189 0 2631
3670 3834 0 2632
393 539 2633 0
4820 248 0 0
4743 739 2635 0
2572 3053 2636 0
2939 3890 0 0
3207 3386 2641 2638
257 1145 0 2639
4036 4311 0 2640
3840 4190 0 0
4771 348 2651 2642
3045 3727 2643 2646
1178 1519 2644 2645
2733 3210 0 0
35 47 0 0
2182 2831 0 2647
4644 4817 2648 0
3527 3625 0 2649
29 298 2650 0
1699 1889 0 0
1198 2022 2652 2654
4866 293 2653 0
1791 2112 0 0
248 1215 2656 2655
798 1426 0 0
3981 4155 0 2657
780 1686 2658 2664
1307 1427 0 2659
1968 2221 0 2660
67 388 0 2661
483 687 2662 0
184 837 0 2663
1146 1530 0 0
713 1612 2665 2674
2463 2767 2667 2666
1628 1869 0 0
96 1067 2668 0
2150 3031 2669 2671
2879 3028 0 2670
3764 4342 0 0
3368 3931 0 2672
3741 3967 0 2673
1566 1984 0 0
4565 8 2681 2675
2919 3899 2676 0
4500 4927 0 2677
2419 2784 0 2678
381 781 0 2679
1065 1518 2680 0
288 964 0 0
369 1336 2686 2682
648 782 0 2683
2531 3100 2684 0
3782 3991 2685 0
351 996 0 0
2236 2500 2695 2687
1931 2843 0 2688
4978 804 0 2689
4025 4865 2690 2691
1924 2567 0 0
877 913 2692 0
754 1485 2693 2694
1419 1881 0 0
1975 2338 0 0
463 1387 2696 0
3291 4000 2697 2703
708 828 2698 0
3873 4349 0 2699
2302 3226 2700 0
4202 4822 2701 0
2359 2889 2702 0
4048 4778 0 0
4374 305 2704 2709
683 1290 2705 0
3763 4473 2706 0
3559 4272 2707 0
3356 4103 0 2708
4836 550 0 0
4004 4972 2710 2713
1117 1826 0 2711
2230 2923 2712 0
4946 929 0 0
2262 3161 2715 2714
3711 4282 0 0
33 955 2716 2725
4354 4987 2717 2720
4264 59 0 2718
4816 191 2719 0
1697 2620 0 0
72 815 2721 0
3622 4384 2722 2724
1343 1378 2723 0
1260 1590 0 0
179 578 0 0
3924 4552 2732 2726
1472 2007 2730 2727
3718 4029 2728 0
4814 4911 2729 0
1113 1291 0 0
4864 283 2731 0
4932 40 0 0
4366 4910 0 2733
3273 3675 2734 2743
501 1492 2738 2735
3204 3589 0 2736
3242 4198 0 2737
2921 2926 0 0
2874 3334 0 2739
3987 4340 0 2740
4485 376 0 2741
877 1493 2742 0
2302 2934 0 0
581 728 2744 2746
1765 1960 2745 0
2332 2431 0 0
3326 4275 2752 2747
4448 58 2751 2748
1255 1984 2749 0
2386 3199 2750 0
2725 2791 0 0
3072 3933 0 0
3528 4342 2753 2758
4500 4683 2756 2754
3138 4131 2755 0
211 483 0 0
780 1617 2757 0
2263 2947 0 0
1113 2065 2763 2759
3349 3806 0 2760
2657 3623 2761 0
2536 3008 2762 0
2512 2992 0 0
964 1640 2764 0
3796 4673 2772 2765
763 1225 2766 0
154 707 0 2767
1012 1563 2768 2770
2442 3334 2769 0
3431 3438 0 0
2374 3178 2771 0
963 1625 0 0
71 268 2780 2773
544 1026 0 2774
216 591 2777 2775
4501 4886 2776 0
2777 3186 0 0
1795 2242 0 2778
1118 1683 0 2779
984 1425 0 0
3469 3921 2781 2784
2757 3040 2782 0
700 727 2783 0
4848 623 0 0
2376 2454 2786 2785
4035 4498 0 0
3335 3859 2787 2789
4227 4912 2788 0
4719 426 0 0
1706 2170 2795 2790
1580 1826 2791 2792
101 991 0 0
4926 4994 0 2793
655 728 2794 0
200 347 0 0
2836 3230 2801 2796
3171 4167 2798 2797
4223 4475 0 0
921 1218 2799 2800
2469 2905 0 0
787 895 0 0
3615 4116 2806 2802
1795 2509 0 2803
1916 2071 2804 0
858 1810 0 2805
4628 452 0 0
3180 3480 2807 2815
4734 92 2808 0
551 1350 2814 2809
259 1232 0 2810
4527 4625 2811 0
1201 1576 2812 0
1613 2212 0 2813
929 1172 0 0
3603 4164 0 0
1 97 2816 2822
3242 3969 0 2817
2907 3253 0 2818
4972 528 2819 2820
4996 237 0 0
3082 3605 2821 0
2526 3246 0 0
4967 168 2823 2831
4591 346 2829 2824
2580 3351 2825 0
743 1180 2826 0
2794 3316 2827 0
3054 3934 2828 0
2699 3359 0 0
2444 2914 2830 0
3073 3790 0 0
4798 463 0 2832
1253 2011 2836 2833
568 990 0 2834
873 877 2835 0
4629 324 0 0
3878 4738 2846 2837
1041 1625 2838 2845
3632 3942 0 2839
1488 2426 0 2840
1173 1868 2841 0
3532 4091 2842 0
2001 2149 0 2843
3075 3296 0 2844
1901 2257 0 0
4942 525 0 0
1171 1992 2855 2847
1507 2147 2854 2848
3156 3189 2853 2849
4564 4989 2851 2850
4611 477 0 0
2727 3419 0 2852
2023 2971 0 0
3988 4038 0 0
604 1054 0 0
2969 3316 2856 2858
2778 3374 0 2857
1121 1525 0 0
29 428 2865 2859
3240 4142 2860 2862
4411 120 2861 0
761 1725 0 0
1818 1977 2863 0
4905 613 2864 0
3640 4409 0 0
913 1467 2866 0
352 533 2872 2867
2144 2906 0 2868
3523 4069 0 2869
2823 2844 2870 0
149 682 2871 0
4091 4168 0 0
1676 1717 2879 2873
2702 2706 2874 2875
2461 3088 0 0
4582 288 2877 2876
422 943 0 0
3652 3922 2878 0
1381 2258 0 0
519 1358 2880 2889
95 516 2881 2883
2455 3434 0 2882
1042 1655 0 0
1210 1225 2884 2888
4452 4946 0 2885
3594 4498 2886 0
50 290 0 2887
980 1790 0 0
730 1640 0 0
235 898 2890 2894
1233 2114 0 2891
4956 798 2893 2892
1757 2429 0 0
608 1500 0 0
3244 3594 2898 2895
3532 3723 2896 0
4979 504 0 2897
2972 3574 0 0
4088 4146 0 2899
3724 4176 2909 2900
4465 409 2901 2906
2349 2425 2903 2902
1931 2341 0 0
2751 2863 2904 0
1860 2023 2905 0
3449 3637 0 0
2873 3241 2907 0
3162 3800 2908 0
2792 2841 0 0
2739 3699 2910 2911
319 1202 0 0
419 928 2912 2918
1972 2901 2913 2916
1722 2554 2915 2914
4130 4935 0 0
782 975 0 0
171 996 0 2917
2025 2674 0 0
2632 3139 2919 2920
3297 4201 0 0
698 1467 2921 2927
1535 2356 2922 2925
3373 3597 0 2923
1176 1414 0 2924
3120 3508 0 0
2791 3127 0 2926
3630 4569 0 0
4065 4954 2928 2934
416 674 2929 0
3840 4188 0 2930
4521 4894 0 2931
1056 1302 2932 0
2920 3065 0 2933
4957 4964 0 0
538 1534 2941 2935
2675 3437 2937 2936
581 588 0 0
4221 4597 0 2938
4798 80 0 2939
3679 3888 2940 0
1172 2141 0 0
1939 2096 2946 2942
3730 4640 2943 0
3240 3323 2944 0
4529 4744 2945 0
3582 3846 0 0
2668 2806 2947 2952
235 437 0 2948
3442 3664 0 2949
4961 462 0 2950
1264 1995 2951 0
1606 1916 0 0
1668 1673 2953 2960
2931 3265 2957 2954
907 1208 2955 0
2646 3119 0 2956
1948 2565 0 0
1576 2335 0 2958
4410 295 0 2959
2655 3314 0 0
1638 1687 2965 2961
548 1510 2962 0
99 807 2963 0
3814 4589 2964 0
40 658 0 0
1262 2251 2966 2968
2658 2925 0 2967
2785 3148 0 0
3583 4483 2970 2969
1986 2201 0 0
868 1837 2971 2979
3573 4337 2972 2974
4288 4755 0 2973
108 1090 0 0
3583 3693 0 2975
1078 1686 2977 2976
1087 1406 0 0
1355 1455 0 2978
2870 3490 0 0
1601 2164 2980 2983
1427 1471 0 2981
4027 4088 2982 0
3920 4001 0 0
3757 4312 2991 2984
3311 4218 2985 2987
1928 2434 0 2986
1210 1577 0 0
2620 3399 0 2988
4737 704 0 2989
2233 3171 0 2990
447 747 0 0
2685 3192 2992 2994
4325 4454 2993 0
194 726 0 0
1974 2544 0 2995
917 1668 3004 2996
969 1421 2999 2997
2008 2822 0 2998
259 306 0 0
520 924 3000 3002
1418 2204 0 3001
1136 1873 0 0
2107 2681 3003 0
4876 138 0 0
3893 4002 3005 3006
286 1224 0 0
148 704 3007 3008
1373 1657 0 0
2391 3054 3009 3016
4905 756 0 3010
4410 4822 3015 3011
3801 3979 3012 0
3796 3903 0 3013
781 1092 3014 0
4050 4086 0 0
84 867 0 0
426 1268 3018 3017
3327 3657 0 0
25 319 3019 3023
1436 1513 3021 3020
4998 196 0 0
852 1187 0 3022
1477 2157 0 0
1725 2248 3024 3031
2741 3623 3025 0
4273 4961 0 3026
2650 2654 3027 0
749 787 3028 0
1451 1803 3029 0
3219 3341 0 3030
1381 1693 0 0
4800 251 3032 0
4423 4648 3033 3037
526 1348 3034 0
1964 2659 3035 3036
2860 3603 0 0
2836 2918 0 0
3561 4242 3038 3047
2754 3385 3045 3039
4333 261 3040 3044
1887 2176 3042 3041
3496 4373 0 0
1270 1327 0 3043
2449 3322 0 0
3119 3427 0 0
2256 2342 0 3046
36 568 0 0
2556 3078 3048 3053
1871 2201 3049 0
1454 2099 0 3050
3034 3140 3051 0
2476 2841 3052 0
1589 2508 0 0
4527 4559 3054 3061
1828 2197 3055 0
2622 2873 0 3056
2630 2866 3057 0
824 1344 3058 0
511 1027 3059 0
3109 3457 0 3060
342 747 0 0
2054 2528 3065 3062
4816 167 3063 0
833 1827 0 3064
4628 558 0 0
1718 2221 3074 3066
645 659 3067 0
4557 493 3068 0
4563 4978 3072 3069
613 1561 3070 0
2962 3137 0 3071
4414 4617 0 0
1073 1693 0 3073
3689 4611 0 0
4068 4783 3082 3075
3290 4073 0 3076
2306 2695 3077 0
957 1324 3078 0
4384 202 0 3079
566 1251 3081 3080
4269 4776 0 0
2399 2770 0 0
852 992 3083 3092
4126 4923 0 3084
597 950 3090 3085
4756 712 3086 0
828 1692 0 3087
2063 2840 0 3088
80 424 0 3089
2761 2956 0 0
1237 1925 0 3091
4559 4641 0 0
3730 4046 3093 3097
1427 1704 0 3094
2124 2263 0 3095
2003 2604 3096 0
3122 3582 0 0
3567 3993 3098 3103
1599 2193 0 3099
583 1230 0 3100
2051 2113 3101 0
4354 211 3102 0
98 438 0 0
3520 4445 0 3104
3867 4795 3112 3105
818 933 3106 3107
3482 3877 0 0
4708 441 3110 3108
4743 527 0 3109
330 1085 0 0
1421 1945 0 3111
2904 3702 0 0
3235 4129 3113 3117
4072 4189 3114 0
1518 1937 0 3115
1720 2325 3116 0
2230 2642 0 0
4169 4588 3118 3127
3212 3720 3119 3125
2490 3369 0 3120
2123 3024 3121 3124
763 1260 0 3122
1388 2111 0 3123
3074 3257 0 0
535 1474 0 0
1073 1628 3126 0
2761 3029 0 0
1286 2276 0 3128
4705 464 3136 3129
2289 3146 3130 3133
442 558 3132 3131
4450 56 0 0
1796 2618 0 0
2825 3507 3134 0
4435 4866 0 3135
979 1273 0 0
6 644 3137 3141
4084 4746 3138 0
4722 4746 0 3139
2856 3250 3140 0
3468 3472 0 0
1056 1523 3142 3148
882 1318 3143 0
315 323 0 3144
3163 3252 0 3145
459 796 0 3146
2538 3121 0 3147
4460 167 0 0
879 1432 3149 3158
1496 2382 3151 3150
670 1003 0 0
53 464 3156 3152
382 905 0 3153
3277 3408 0 3154
2652 3158 3155 0
4806 322 0 0
3261 4241 0 3157
384 868 0 0
2279 2458 3159 3165
241 276 3161 3160
1409 2333 0 0
260 704 3162 0
2446 2857 0 3163
2718 3570 0 3164
15 894 0 0
2112 2655 3166 3169
1590 1957 0 3167
4359 4950 3168 0
235 256 0 0
2471 3165 3172 3170
1234 1612 3171 0
1588 1874 0 0
2275 3221 3173 3174
4223 93 0 0
3921 4338 3175 3179
1184 1792 0 3176
4196 4579 3178 3177
1294 1399 0 0
4527 4879 0 0
1200 1305 3180 3189
3042 3193 3181 0
719 1619 3183 3182
2401 2549 0 0
2730 3346 3184 0
4659 334 3186 3185
1393 2272 0 0
1997 2468 3187 0
1250 1809 0 3188
292 818 0 0
2272 3129 3190 3196
3654 4117 3191 0
494 645 3192 0
266 396 3193 0
520 737 0 3194
116 507 3195 0
3707 3821 0 0
90 123 3201 3197
128 838 3199 3198
9 461 0 0
4813 363 3200 0
1584 1621 0 0
4299 251 3208 3202
4579 196 0 3203
1585 1666 0 3204
1434 2091 0 3205
104 516 0 3206
3040 3060 0 3207
181 1157 0 0
253 394 3218 3209
842 1486 3210 3215
4988 122 3211 3214
1806 1988 3212 0
4054 20 3213 0
2864 3789 0 0
909 1124 0 0
3904 4019 3216 0
161 900 3217 0
4438 117 0 0
1927 2663 3219 0
2272 3218 3220 3224
2716 2765 0 3221
184 729 0 3222
4926 718 0 3223
4548 526 0 0
668 1373 3225 3230
2869 2927 0 3226
4194 82 3229 3227
2817 3783 3228 0
470 939 0 0
3089 3394 0 0
4901 507 3233 3231
187 872 3232 0
2375 2565 0 0
1128 1926 3239 3234
3678 4195 3235 3237
1703 2306 0 3236
1155 1652 0 0
1609 1839 0 3238
2569 3444 0 0
4531 4937 3244 3240
2960 3844 0 3241
4376 171 3242 0
1019 1669 3243 0
1892 2366 0 0
2235 2841 3245 3246
1034 1307 0 0
650 1298 3249 3247
1550 2236 0 3248
2032 2677 0 0
2211 2294 3250 3253
1362 1634 3251 0
847 1467 0 3252
3637 4507 0 0
3322 3966 3261 3254
4888 182 3255 0
4435 368 3256 0
56 649 0 3257
1507 1737 3258 0
233 583 0 3259
128 730 0 3260
3595 4349 0 0
731 794 3263 3262
122 488 0 0
818 1014 3264 3269
1118 2023 3265 0
3295 4037 3267 3266
3673 3680 0 0
327 1316 0 3268
3468 3750 0 0
4955 4958 3275 3270
10 1010 3271 3272
2963 3775 0 0
3403 4152 0 3273
2574 2818 3274 0
4179 4486 0 0
3491 4321 3276 3280
3328 3391 3277 0
3892 4765 0 3278
4880 54 0 3279
4054 4470 0 0
3784 4328 3281 0
394 651 0 3282
2269 2929 0 3283
2590 3571 3287 3284
839 1299 0 3285
1613 1871 0 3286
506 1380 0 0
3539 4193 3291 3288
2284 2406 0 3289
418 1335 0 3290
1209 1283 0 0
3616 4445 3292 0
3858 4162 3293 3296
4678 86 3294 0
1417 1836 0 3295
498 1395 0 0
2958 3178 3305 3297
4998 609 3298 0
1254 1348 3299 0
1375 1669 3303 3300
4463 4603 0 3301
3463 3562 3302 0
3749 3775 0 0
3515 4237 0 3304
4560 47 0 0
2942 3775 3306 3313
3796 4390 3307 0
1060 1612 0 3308
3423 4137 3309 0
4136 4708 3312 3310
2582 3488 3311 0
4390 4703 0 0
4273 174 0 0
546 1301 0 3314
1746 2616 0 3315
479 1453 3317 3316
66 205 0 0
201 917 3325 3318
2181 2839 3324 3319
2604 2699 0 3320
3977 4446 3321 0
4338 186 3322 0
162 901 0 3323
4025 4401 0 0
4577 496 0 0
2842 3150 3326 3335
3928 3997 3327 3334
379 601 3328 0
1408 1969 0 3329
222 1136 0 3330
3387 4325 3331 0
3232 3422 0 3332
4474 58 0 3333
2403 2905 0 0
2233 3203 0 0
452 962 3336 3342
2518 2753 0 3337
4742 4759 3338 3341
2781 3394 3339 0
1909 2167 3340 0
1911 2461 0 0
2788 3318 0 0
3838 4409 3349 3343
944 945 3344 0
939 1501 3346 3345
4698 4978 0 0
4528 4780 3347 0
2489 2951 3348 0
4766 4913 0 0
4765 422 3358 3350
937 1257 3351 0
421 1244 3352 0
3519 4248 3354 3353
2531 2969 0 0
1828 2773 0 3355
2915 2964 3356 0
4673 225 3357 0
903 1555 0 0
3808 4044 3362 3359
261 479 3360 0
730 1698 3361 0
55 835 0 0
4402 254 3363 0
2930 3895 3364 3365
535 580 0 0
4688 500 3368 3366
669 899 3367 0
1751 1993 0 0
4844 587 3369 3370
3247 3652 0 0
4648 4806 3374 3371
1784 2500 0 3372
3464 3644 0 3373
4650 477 0 0
1279 1328 3375 3376
4867 356 0 0
2230 3223 3382 3377
2716 3564 3378 0
4535 311 0 3379
180 873 3380 0
147 952 3381 0
987 1860 0 0
1102 1554 3386 3383
1384 1711 3384 0
3414 4260 3385 0
269 988 0 0
2768 3372 3387 3392
1374 1952 0 3388
4826 60 0 3389
1365 2308 3390 0
3154 3843 3391 0
1296 1381 0 0
4781 4876 3393 3397
3289 3707 3394 3395
3625 4084 0 0
4797 4857 0 3396
4140 4175 0 0
4711 189 3398 3407
147 739 3399 3401
1738 2031 0 3400
804 1721 0 0
4138 54 3402 0
4540 4872 0 3403
4603 4911 3405 3404
649 1243 0 0
2632 2792 3406 0
2817 3117 0 0
958 1358 3408 3413
1122 1931 0 3409
4271 4434 3412 3410
3735 3761 3411 0
583 1114 0 0
473 1057 0 0
4138 4910 3414 3422
2948 3440 3415 3418
228 1170 0 3416
4814 4963 3417 0
55 858 0 0
4132 4681 3420 3419
209 211 0 0
4301 4986 0 3421
4028 4865 0 0
2644 3294 0 3423
3156 3796 3424 3431
2826 3810 3425 0
1204 1927 0 3426
1330 1633 3428 3427
3634 3860 0 0
2451 3133 3429 0
4438 73 0 3430
3233 4152 0 0
2446 3406 3435 3432
2021 2529 0 3433
2685 2842 3434 0
1784 2175 0 0
2808 3612 3440 3436
2324 3262 3437 0
4776 615 3438 0
3660 3864 0 3439
3011 3217 0 0
1470 1713 3441 3442
3282 3292 0 0
1992 2496 3444 3443
2620 3541 0 0
2904 3476 3452 3445
1250 1397 3450 3446
267 301 3447 3448
2161 2549 0 0
3399 3443 0 3449
3923 4414 0 0
4369 60 3451 0
3150 3432 0 0
3432 3601 3454 3453
452 755 0 0
2895 3785 3455 3462
705 1019 3456 0
199 257 3461 3457
3881 4553 0 3458
1307 1851 3459 0
463 902 0 3460
138 941 0 0
3262 4225 0 0
1017 1245 3472 3463
3204 3589 3464 3468
526 1411 3466 3465
386 973 0 0
2534 2742 3467 0
317 904 0 0
2344 2779 3469 0
1224 1555 0 3470
2255 2513 0 3471
1768 2067 0 0
2948 3857 3473 0
1783 2107 3474 3475
1274 1302 0 0
4674 168 3479 3476
4345 4818 3477 0
3883 4056 0 3478
155 208 0 0
1983 1984 3489 3480
4377 4774 3481 3484
2144 2573 0 3482
4095 4957 3483 0
2292 3052 0 0
3716 4355 3487 3485
437 1432 3486 0
1004 1330 0 0
3208 3595 3488 0
1166 1523 0 0
3886 4509 3497 3490
2477 3203 3491 3492
4333 4785 0 0
651 1408 3493 0
4975 574 0 3494
4649 334 3495 0
3274 4140 3496 0
1529 2095 0 0
279 554 3506 3498
4701 4971 3501 3499
2340 2765 0 3500
4093 4786 0 0
4138 4315 0 3502
1988 2025 0 3503
207 1127 0 3504
4539 44 0 3505
4509 4934 0 0
3677 4010 3507 3509
4185 4915 3508 0
1010 1386 0 0
3124 3230 0 3510
2884 3721 3511 3520
1254 1755 0 3512
4373 4757 3513 0
2630 2746 3514 0
3582 4325 0 3515
1491 2121 3519 3516
4953 847 0 3517
543 962 3518 0
4473 4736 0 0
527 1122 0 0
4173 4711 0 3521
1492 1814 3522 3527
2753 2995 3523 0
2148 3083 0 3524
140 732 0 3525
322 1080 0 3526
4403 4711 0 0
2522 3068 3534 3528
3477 4166 3529 3530
278 725 0 0
4028 13 0 3531
2259 2730 0 3532
1018 1259 3533 0
4948 22 0 0
362 1167 3543 3535
3943 4635 3536 0
4219 4866 3537 3539
851 1797 0 3538
2585 2589 0 0
2432 2925 3541 3540
3644 4395 0 0
727 1617 3542 0
3534 3897 0 0
718 943 3550 3544
3593 3692 3547 3545
3293 4026 0 3546
4391 4555 0 0
1019 1718 0 3548
1000 1118 3549 0
2394 3088 0 0
4863 253 3551 3559
4159 4610 3552 0
2069 2709 0 3553
4075 4971 3554 3555
1461 2328 0 0
2829 3543 3557 3556
1111 1316 0 0
2685 2725 3558 0
1838 2799 0 0
2442 2628 3560 3563
633 1406 0 3561
1061 1235 3562 0
4373 214 0 0
3460 4415 3564 3569
2385 3302 3565 3568
2640 2975 3566 0
4881 788 3567 0
951 1574 0 0
2948 3281 0 0
2779 3753 3579 3570
3678 3685 3571 3574
2673 2936 0 3572
2799 3719 0 3573
1299 2081 0 0
681 1135 0 3575
2814 3706 0 3576
3126 4078 3577 0
1293 1302 3578 0
1384 1423 0 0
3316 4012 3580 3584
1655 1766 0 3581
1670 1995 3582 0
1503 1977 0 3583
1200 1353 0 0
2015 2870 3592 3585
1563 2117 3587 3586
4755 284 0 0
4758 682 3588 3591
1946 2820 3589 0
4505 166 3590 0
337 763 0 0
2899 3363 0 0
1511 1930 3593 3594
3717 4629 0 0
4119 4830 3595 3599
3509 3540 0 3596
2585 3300 0 3597
3301 3492 0 3598
3929 4534 0 0
2793 3130 3606 3600
3422 4299 3601 0
3740 4185 0 3602
3108 3804 0 3603
651 1020 3604 0
1043 1398 0 3605
3824 4781 0 0
3117 3435 3607 3613
1872 2478 0 3608
2364 2402 0 3609
4886 247 3610 0
994 1961 3611 0
950 1377 0 3612
775 833 0 0
1283 1482 3614 3620
1895 2867 3615 3618
3682 3969 3616 0
97 784 0 3617
924 1114 0 0
1081 1318 3619 0
912 1302 0 0
4271 0 3622 3621
2471 2925 0 0
582 919 3623 3624
3566 3708 0 0
2605 3286 3634 3625
3111 3380 3626 0
1650 2499 3627 0
3024 3491 3628 3632
2234 3013 3629 3630
2202 2853 0 0
1834 2311 3631 0
2035 2342 0 0
4905 4951 3633 0
357 732 0 0
611 649 3637 3635
4342 168 3636 0
3176 4086 0 0
678 885 3645 3638
578 1125 0 3639
2691 3243 3640 0
571 872 3641 0
4944 764 3642 0
3085 3946 0 3643
2713 3567 0 3644
3976 4502 0 0
2449 3269 3646 3647
368 786 0 0
3165 3682 3657 3648
1525 2085 3649 3651
479 1261 3650 0
3289 3974 0 0
1499 1746 0 3652
116 702 3653 0
845 1782 0 3654
4667 143 3656 3655
721 1620 0 0
4189 4350 0 0
1273 1439 3667 3658
3181 3310 3662 3659
4099 4744 3660 0
2547 2878 0 3661
2665 3378 0 0
1635 1654 0 3663
1655 2579 3664 3665
3893 4813 0 0
4600 68 3666 0
107 493 0 0
1185 1684 3668 3677
694 1217 0 3669
3612 3784 3670 3674
4753 334 3671 0
1831 2431 0 3672
3491 3560 3673 0
1955 2222 0 0
1985 2768 3675 0
4757 309 3676 0
243 942 0 0
2544 2620 3678 3680
307 1041 0 3679
4449 338 0 0
3457 3508 3681 3687
3802 4491 3682 3686
1241 1356 3683 0
2671 2990 0 3684
979 1014 3685 0
844 1020 0 0
3210 3688 0 0
4445 4940 3688 3690
54 432 3689 0
2941 3919 0 0
2506 3313 3691 3695
1536 1871 0 3692
3198 4179 0 3693
496 651 0 3694
4766 4875 0 0
852 1280 3696 3705
2546 3277 3697 0
2684 3193 0 3698
2684 3390 3699 3703
3814 4144 3700 0
1165 1446 3701 0
4 417 3702 0
3016 3261 0 0
4092 4796 3704 0
2212 2731 0 0
1255 2219 3706 3712
2023 2206 3707 0
1882 2828 3708 0
3838 4447 0 3709
552 1255 0 3710
158 613 3711 0
3686 4059 0 0
1854 2133 3720 3713
1446 1870 3714 3715
2851 3306 0 0
581 1091 3716 0
1786 2448 0 3717
3900 4055 0 3718
2425 2781 3719 0
3659 3734 0 0
4183 4652 3721 3726
1561 2186 3722 0
3952 4705 3723 0
2773 3693 3724 0
402 658 0 3725
3481 3921 0 0
682 1159 3730 3727
1785 2229 0 3728
3303 3631 3729 0
3464 3897 0 0
910 1494 3734 3731
1364 2317 0 3732
3037 3694 0 3733
2765 3102 0 0
4288 4802 3735 3736
626 1594 0 0
1535 2281 3746 3737
348 677 3743 3738
2933 3290 3739 0
240 1154 0 3740
1258 1699 0 3741
4385 4975 3742 0
3714 3752 0 0
2436 2684 0 3744
3877 3930 3745 0
1451 2260 0 0
4269 4516 3754 3747
4491 4599 3748 3752
3627 4453 3749 3751
1766 2238 0 3750
2930 3442 0 0
3161 4095 0 0
3074 3258 3753 0
46 761 0 0
1846 2071 3755 0
2140 2308 3756 3765
1599 2595 3761 3757
1138 2019 0 3758
1351 1817 3760 3759
2712 3690 0 0
4614 556 0 0
2086 2646 0 3762
3105 3860 0 3763
114 193 0 3764
1926 2663 0 0
3647 4383 3766 3775
665 1109 3767 0
2049 2391 3773 3768
2546 3472 3769 3771
322 947 3770 0
4044 4331 0 0
4503 4849 0 3772
200 962 0 0
4723 4731 0 3774
2664 2913 0 0
2323 3037 3776 3777
140 935 0 0
4497 4623 3778 3786
4825 710 3779 3785
4674 228 3780 3781
2116 2923 0 0
3168 3513 3782 0
4996 957 3784 3783
2280 2496 0 0
1526 2187 0 0
1845 2550 0 0
3694 4556 3790 3787
4843 307 3788 0
4357 4551 3789 0
4901 73 0 0
2925 3497 3798 3791
2679 3335 3797 3792
2094 2283 0 3793
3821 4112 0 3794
421 1225 3795 0
4738 78 0 3796
3512 4507 0 0
2794 3044 0 0
1883 2127 3801 3799
1336 1500 3800 0
2814 2970 0 0
3272 3772 3806 3802
1916 2651 0 3803
2303 2424 0 3804
2030 2554 3805 0
4478 4787 0 0
4918 696 3807 0
3084 3672 3816 3808
1452 2231 3815 3809
1136 1870 3810 0
4253 4397 0 3811
2754 2889 0 3812
1647 1916 0 3813
331 704 0 3814
4238 4573 0 0
3457 3906 0 0
3394 3813 3822 3817
276 1174 3818 3820
3415 3799 0 3819
2036 2842 0 0
4763 755 0 3821
984 1611 0 0
3852 3991 3823 3824
2304 3253 0 0
1959 2492 3831 3825
2116 2293 3826 0
4954 651 0 3827
2331 2548 3828 0
771 1753 3829 0
885 1557 3830 0
4502 7 0 0
4641 562 3833 3832
4779 622 0 0
1232 1451 3834 3841
1413 2329 3835 3836
1080 1976 0 0
4445 436 3837 0
4866 632 3838 3839
3861 4021 0 0
1341 1874 0 3840
4718 4914 0 0
889 1731 3842 3846
4650 602 0 3843
4756 511 3844 0
130 623 0 3845
1448 1756 0 0
1874 2292 3847 3852
1898 2444 0 3848
2600 3194 3849 0
1149 1203 3850 0
3384 3816 0 3851
4053 4169 0 0
795 1411 3854 3853
477 1418 0 0
2923 3123 3855 0
4026 4276 3863 3856
1649 2472 0 3857
3061 3983 0 3858
4208 4996 3860 3859
3637 4442 0 0
327 1033 3861 0
834 1011 3862 0
1026 1693 0 0
4939 888 3869 3864
1889 2740 3865 0
1169 1366 3866 0
1736 2630 3867 0
3274 4055 0 3868
1173 1289 0 0
3799 4064 3870 3873
4766 4849 0 3871
4599 4732 3872 0
4736 54 0 0
2418 2762 3881 3874
4809 127 3876 3875
1422 1660 0 0
951 1557 3880 3877
3269 3484 3878 0
1694 1769 0 3879
2060 2862 0 0
1111 1282 0 0
4606 316 3891 3882
291 552 3883 0
1384 2010 0 3884
364 806 3886 3885
4058 4484 0 0
4060 4390 3887 3888
1356 2153 0 0
1844 1902 0 3889
2335 2645 0 3890
3798 4610 0 0
559 1143 3897 3892
3676 4396 3893 0
3856 4413 0 3894
2607 2697 3895 0
2438 2870 3896 0
4352 4708 0 0
243 405 3898 3903
2747 2864 0 3899
3341 3543 0 3900
2551 3249 0 3901
134 678 3902 0
3247 3331 0 0
2122 2174 3905 3904
4076 4878 0 0
2476 2694 0 3906
2768 3704 3907 3908
729 1450 0 0
1269 2157 3909 3912
939 1015 0 3910
2620 3477 3911 0
1256 2081 0 0
4134 4187 3919 3913
41 897 3914 0
695 1438 0 3915
2539 3025 0 3916
1038 1498 3917 0
4769 548 3918 0
2942 3199 0 0
4376 360 3920 0
4232 4550 3921 3926
209 718 3922 0
2174 2760 0 3923
731 1381 3924 0
4330 4593 0 3925
1039 1724 0 0
4517 4964 3936 3927
3698 3709 3928 3935
3792 4478 0 3929
14 80 0 3930
3775 3889 3931 3933
2777 3279 3932 0
73 994 0 0
3197 3455 3934 0
521 1371 0 0
2830 2936 0 0
2880 3335 3937 3945
2151 2742 3938 0
1377 1425 3943 3939
2005 2264 0 3940
2579 2583 0 3941
4730 4991 0 3942
4386 14 0 0
356 1035 0 3944
4775 535 0 0
4420 4986 3953 3946
276 410 3947 0
3672 4138 3949 3948
256 304 0 0
928 1007 3950 0
185 1047 0 3951
2540 2822 0 3952
1189 1792 0 0
2365 3205 3954 3963
487 563 3955 3956
2472 2492 0 0
2025 2912 0 3957
1710 2597 3959 3958
1492 1820 0 0
4463 332 3960 3961
2649 3435 0 0
4746 615 3962 0
4020 4888 0 0
4086 4960 3964 3968
364 717 3965 0
21 165 0 3966
4437 122 3967 0
1931 2659 0 0
605 1306 3973 3969
1587 2027 3970 0
2386 2968 3971 3972
459 751 0 0
3739 4203 0 0
323 541 3974 3978
1322 1726 3975 0
2618 3127 0 3976
816 1708 3977 0
3424 3951 0 0
2009 2316 3988 3979
1813 1994 3983 3980
2820 3249 0 3981
577 599 3982 0
3421 4292 0 0
4234 4550 3984 0
3458 4452 0 3985
4890 128 0 3986
3473 3877 0 3987
3822 4611 0 0
145 745 3993 3989
2903 3476 3990 0
972 1147 0 3991
2173 2283 0 3992
2140 2355 0 0
2887 3411 3995 3994
3346 4253 0 0
4300 4960 4003 3996
48 459 3997 0
2702 3023 3998 4002
801 1774 0 3999
2809 3310 4000 0
36 80 4001 0
3824 3947 0 0
3109 3189 0 0
353 694 4004 4008
2315 3249 0 4005
1980 2525 4006 4007
1467 1821 0 0
1960 2802 0 0
771 1509 4011 4009
3270 3618 4010 0
3808 4325 0 0
3523 3690 4013 4012
4409 388 0 0
2443 2595 4014 4021
1849 2015 4020 4015
3721 4581 4017 4016
4897 619 0 0
3999 4718 4018 4019
460 997 0 0
332 1001 0 0
314 1269 0 0
4889 887 4022 4026
117 465 0 4023
747 1202 0 4024
1935 2388 0 4025
3765 4291 0 0
2906 3353 4027 0
2339 2857 4028 0
4742 636 4037 4029
2736 2797 0 4030
3406 3961 4031 4033
1208 1298 0 4032
563 1007 0 0
2719 2873 4034 0
3944 4880 4035 0
1552 1628 4036 0
4805 730 0 0
1798 2794 4042 4038
3076 3801 4039 4041
7 597 4040 0
727 1392 0 0
2276 2528 0 0
1824 2228 4047 4043
4547 124 4045 4044
2999 3458 0 0
981 1147 4046 0
2567 3274 0 0
4920 4924 4048 4056
2537 2940 4049 4051
2070 2826 4050 0
3544 3604 0 0
44 568 4052 0
4564 4987 4054 4053
580 687 0 0
1367 1884 0 4055
2627 2865 0 0
1427 1952 4057 4059
4412 168 0 4058
3378 4163 0 0
3411 3970 4060 4069
2892 3646 4066 4061
931 1183 4062 4063
2525 3107 0 0
920 1461 0 4064
2396 2802 0 4065
3006 3130 0 0
4501 426 0 4067
4672 227 4068 0
3775 4109 0 0
3226 3860 4070 4076
1015 1932 0 4071
1496 2009 0 4072
2307 3268 4073 0
716 1490 0 4074
1736 2424 0 4075
499 1372 0 0
4677 152 4083 4077
865 1008 4078 0
310 914 4079 0
273 797 4080 0
3002 3272 4081 0
2142 2505 4082 0
1517 2456 0 0
525 1360 4090 4084
2159 2251 0 4085
3424 3578 0 4086
1690 1734 4087 0
1732 2145 4088 0
2648 3325 0 4089
508 520 0 0
2611 2979 4091 0
3132 3876 4092 4097
2067 2858 4093 0
4663 293 4094 0
596 954 4095 0
1745 2569 4096 0
2157 2278 0 0
4078 4856 4098 4106
3826 4801 4099 4105
4513 195 0 4100
1259 1699 0 4101
4990 201 0 4102
1842 2788 0 4103
4401 4925 4104 0
721 947 0 0
212 1121 0 0
4290 4300 4113 4107
3413 4158 0 4108
2421 2674 4109 0
1957 2736 0 4110
4406 4761 4111 0
1874 2380 4112 0
3732 4133 0 0
4894 372 0 4114
4651 179 4118 4115
30 262 0 4116
3027 3461 0 4117
3564 3649 0 0
4663 31 4123 4119
502 586 0 4120
806 1741 4121 0
1381 1557 4122 0
1413 1905 0 0
2782 2893 4124 4127
4171 4361 0 4125
3324 4176 4126 0
4244 47 0 0
4836 822 4128 4134
1471 2333 4129 0
1079 1321 4131 4130
3760 3855 0 0
2228 2739 0 4132
3879 4786 4133 0
4723 283 0 0
3063 3508 4135 4140
2987 3905 4136 0
768 1749 4137 0
2733 3227 4138 0
4629 253 4139 0
1327 1752 0 0
1910 2615 4141 0
2579 2965 4142 4149
3775 3846 0 4143
4933 429 4144 0
2295 2325 4145 0
1416 2069 0 4146
2682 3476 0 4147
721 1150 0 4148
3128 3897 0 0
3162 4085 4150 4155
1308 1621 4151 0
2857 3826 4153 4152
4349 128 0 0
4471 4750 0 4154
1752 2126 0 0
2441 2831 4157 4156
421 1403 0 0
1242 2127 4158 4164
3678 3900 0 4159
3167 3858 4160 0
2779 2830 4161 0
4281 4775 4162 0
4704 4915 0 4163
1199 1915 0 0
901 1380 4165 4174
3514 4178 4166 4172
4005 4202 4167 0
2119 2190 4168 0
2591 2952 0 4169
4496 4947 0 4170
2080 2484 4171 0
2563 2626 0 0
1120 1637 0 4173
3945 4838 0 0
3153 3401 4184 4175
2425 3006 4176 0
1603 2143 0 4177
2923 3745 4180 4178
3586 3676 0 4179
2333 2855 0 0
30 600 4181 0
1009 1086 0 4182
3186 3274 4183 0
2181 2355 0 0
717 1484 4186 4185
4233 4434 0 0
2141 2449 4192 4187
2853 3241 4189 4188
1023 1142 0 0
2681 2834 4190 0
2344 2878 0 4191
531 1055 0 0
3111 3841 4193 4195
2540 3201 4194 0
2272 2373 0 0
4811 395 4202 4196
3947 4535 0 4197
1633 1756 4198 0
819 1653 4200 4199
1467 1514 0 0
648 1534 0 4201
3819 3974 0 0
3741 4347 0 4203
1983 2644 4204 4209
2082 2453 0 4205
3025 3171 0 4206
2275 2737 4207 0
2733 2734 0 4208
4632 260 0 0
4558 97 4210 4215
811 1193 0 4211
1898 2423 0 4212
1301 2225 4214 4213
4137 4706 0 0
2929 3445 0 0
3274 4156 4218 4216
3359 4204 4217 0
4397 372 0 0
2186 2930 4219 4227
3346 3412 4220 0
3546 3947 4221 0
2913 3537 4224 4222
1803 1846 4223 0
4496 4643 0 0
4092 4646 0 4225
3769 4488 0 4226
2146 2839 0 0
2864 3651 4235 4228
1403 2150 0 4229
2401 2554 4230 0
2363 2735 0 4231
2720 3175 4232 0
4545 469 4234 4233
3744 4038 0 0
1171 1271 0 0
205 575 4236 4241
1422 2376 0 4237
1977 2284 4239 4238
3239 4217 0 0
3299 4215 0 4240
3414 3554 0 0
1595 2334 4247 4242
3149 3405 0 4243
567 1567 4244 0
261 797 4245 0
994 1339 4246 0
1561 2134 0 0
4927 124 4255 4248
3425 3533 0 4249
3410 3658 0 4250
4520 265 4251 0
2776 3774 4253 4252
366 1147 0 0
794 981 4254 0
2671 3340 0 0
270 417 4257 4256
2755 3086 0 0
4182 4979 4258 4261
4940 165 0 4259
1511 2124 0 4260
3003 3854 0 0
4266 4620 4265 4262
667 879 0 4263
551 908 4264 0
4620 4848 0 0
357 1065 4274 4266
1465 1609 4267 4270
3851 4809 4268 0
3403 3581 0 4269
411 635 0 0
4428 335 0 4271
3577 4376 4272 0
1804 2650 4273 0
657 1095 0 0
2696 3375 4283 4275
1726 2456 4276 0
3942 4202 0 4277
907 1567 0 4278
4354 4669 4281 4279
2886 3726 4280 0
4772 736 0 0
1544 1828 4282 0
1111 2103 0 0
879 1257 4288 4284
940 1462 0 4285
2884 2997 0 4286
1701 2650 0 4287
2589 2774 0 0
722 1440 0 4289
748 1618 4293 4290
3288 3915 4292 4291
2310 2813 0 0
437 617 0 0
2909 3620 4295 4294
4589 190 0 0
1646 2545 4297 4296
3848 4317 0 0
1164 1250 4307 4298
1057 1434 4299 4301
2659 2701 0 4300
57 325 0 0
77 900 0 4302
1522 2499 0 4303
1009 1282 4304 0
2372 2430 0 4305
4655 4996 0 4306
4188 4960 0 0
1118 1393 4309 4308
3088 3890 0 0
910 1601 4316 4310
3812 4530 4311 4315
2358 3271 4312 0
3488 4230 0 4313
3943 4674 4314 0
471 1019 0 0
2455 3004 0 0
410 754 4321 4317
3983 4505 4318 4319
1739 2308 0 0
1253 2099 0 4320
3203 3957 0 0
2859 2925 4322 4323
2332 2774 0 0
1886 2862 4332 4324
4791 421 4325 4330
1776 1831 4326 0
279 986 4327 0
3446 4055 4328 0
2372 3235 4329 0
2787 2822 0 0
1290 1809 4331 0
4603 4759 0 0
1183 2014 4333 4339
177 595 0 4334
3849 4382 4335 0
3978 4324 4338 4336
3845 4619 0 4337
1503 2269 0 0
3777 4510 0 0
1183 2067 4348 4340
1147 1628 4341 4346
738 966 4345 4342
2375 3214 0 4343
4495 4865 4344 0
4373 293 0 0
2767 3621 0 0
921 1550 4347 0
1424 2128 0 0
1217 1264 4349 4355
2003 2922 0 4350
2114 2949 4351 0
4238 33 4352 0
4460 323 0 4353
251 612 4354 0
3226 4056 0 0
4975 679 4358 4356
2691 3173 4357 0
3372 3742 0 0
243 1022 4364 4359
2104 2501 0 4360
938 1020 0 4361
4963 4974 4362 0
4068 4279 0 4363
4893 811 0 0
231 858 4374 4365
3277 3981 0 4366
4792 629 4367 4368
2691 3565 0 0
1559 2403 4370 4369
4240 4587 0 0
791 1707 4373 4371
4016 4204 0 4372
23 560 0 0
2015 2928 0 0
4435 320 4383 4375
41 587 0 4376
403 695 0 4377
3160 3227 0 4378
2667 3430 4379 0
634 1051 4380 0
3289 3569 0 4381
1808 1999 4382 0
331 1230 0 0
4928 775 4391 4384
710 1027 4385 4390
4956 840 4386 0
3472 4272 4387 4388
970 1713 0 0
1575 2206 4389 0
4194 4451 0 0
2864 3079 0 0
594 619 4401 4392
3809 4152 0 4393
1549 1635 4397 4394
3782 4490 0 4395
4679 543 0 4396
584 848 0 0
3171 3933 4400 4398
2393 2628 0 4399
1070 1936 0 0
4370 101 0 0
3953 4125 4402 4408
3678 4198 4403 4407
1115 1246 4404 0
1876 2167 4405 0
13 318 4406 0
200 416 0 0
2252 2414 0 0
2258 2827 4418 4409
2626 3262 4413 4410
1518 1916 0 4411
421 1303 0 4412
355 501 0 0
4894 4967 4414 4416
3892 3955 4415 0
1708 2142 0 0
4394 4702 4417 0
1303 1913 0 0
4223 4501 4419 4422
1837 2835 4420 0
3069 3658 4421 0
4104 4803 0 0
645 678 4424 4423
4125 4529 0 0
2200 2517 4425 4431
2815 3300 4426 0
2874 3756 4427 0
4707 83 4429 4428
3330 3832 0 0
2018 2304 0 4430
851 1074 0 0
2497 3442 4437 4432
3774 3825 4433 0
1324 1731 4434 4436
1230 1664 0 4435
4167 4512 0 0
1506 1952 0 0
4875 688 4447 4438
4406 4911 4439 4444
3696 4017 4440 4441
146 458 0 0
4613 54 0 4442
3906 4505 4443 0
4577 251 0 0
4573 4866 0 4445
4709 4933 4446 0
3950 3967 0 0
320 461 4449 4448
2670 3011 0 0
3146 3813 4458 4450
2448 2490 4454 4451
2377 2669 4452 0
1435 2224 0 4453
4191 4719 0 0
3452 4084 0 4455
4258 4321 4456 0
1729 2485 4457 0
2619 2898 0 0
3847 4836 4464 4459
2823 3279 0 4460
1036 1986 4462 4461
4961 783 0 0
4622 533 4463 0
4006 4125 0 0
2875 3679 4465 4471
2032 2870 0 4466
4598 4686 4467 0
1555 1866 4468 0
2641 3499 4469 0
459 918 4470 0
93 436 0 0
524 1499 4480 4472
2924 3388 4473 4479
209 721 4474 0
4695 276 4476 4475
3310 4064 0 0
616 1137 0 4477
3349 3494 0 4478
242 538 0 0
973 1836 0 0
4676 51 4490 4481
3934 4733 4488 4482
3953 4205 4483 0
974 1735 0 4484
1067 2040 4485 0
671 1399 0 4486
2715 2976 0 4487
3967 4879 0 0
1251 1279 4489 0
3871 4795 0 0
1564 2466 4493 4491
4773 260 0 4492
1616 2215 0 0
2274 2339 4494 4503
138 167 4495 4498
2692 3168 0 4496
3169 3472 0 4497
3580 3748 0 0
1288 1892 0 4499
3489 3613 0 4500
2849 3848 0 4501
4804 225 0 4502
109 279 0 0
3890 4350 4504 4505
1334 1455 0 0
94 593 4506 4514
2270 3142 4507 4513
540 1236 0 4508
3284 3835 4509 0
486 676 4510 0
4862 451 0 4511
227 411 0 4512
2570 3485 0 0
1171 1770 0 0
1588 2270 4515 4521
604 1066 0 4516
4939 514 4519 4517
921 1053 0 4518
1068 1386 0 0
3998 4479 0 4520
2389 2811 0 0
4076 4337 4522 4526
2995 3102 4523 4524
763 768 0 0
4397 222 0 4525
451 1314 0 0
4495 183 4527 4535
2818 3379 4528 0
3512 4059 0 4529
2594 3543 0 4530
627 808 0 4531
1120 1384 4532 0
1522 1944 4533 0
3590 4312 0 4534
4726 72 0 0
3057 3321 4536 4539
521 980 4537 0
2308 2973 0 4538
2845 3765 0 0
3299 3993 4548 4540
1026 1440 4541 4547
2808 3206 4542 0
659 1089 4543 4544
3290 3826 0 0
3385 3768 0 4545
1353 2163 4546 0
3391 3885 0 0
2420 3253 0 0
4549 120 4558 4549
211 701 4550 4555
4533 122 0 4551
2197 3110 4552 0
4945 481 4553 0
1683 2659 4554 0
2467 2482 0 0
2355 2750 0 4556
3707 4560 4557 0
302 679 0 0
324 940 4559 0
1890 2583 4561 4560
4647 31 0 0
2929 3510 4567 4562
119 291 0 4563
1480 2075 0 4564
2388 2754 4565 0
137 908 0 4566
4217 4761 0 0
1065 2021 4568 4575
1229 1267 4574 4569
170 596 4570 4573
4677 235 4571 0
1323 1646 4572 0
4456 4982 0 0
1811 1932 0 0
2562 3303 0 0
498 1466 4583 4576
3746 4335 4577 4580
4344 4672 4578 0
388 619 4579 0
2572 2968 0 0
1111 1270 4581 0
1110 1746 0 4582
2976 3913 0 0
4309 4814 4590 4584
3181 3842 4585 0
546 993 4586 0
1947 2058 4587 0
3059 3946 4588 4589
3874 4700 0 0
3793 4479 0 0
1291 1984 4594 4591
1530 1946 4592 0
4488 4534 4593 0
1144 1529 0 0
3148 3459 4596 4595
4840 206 0 0
783 934 0 4597
1948 2075 4606 4598
1964 2086 0 4599
1234 1257 4600 4601
4546 4885 0 0
4362 4641 0 4602
4454 151 4603 0
4004 4316 4604 4605
4791 14 0 0
535 1166 0 0
241 298 4615 4607
1051 1497 0 4608
1091 1511 0 4609
4000 4361 4613 4610
3385 3670 4611 0
325 380 4612 0
2067 2920 0 0
3355 4141 4614 0
3900 4047 0 0
3719 4350 0 4616
4131 4525 4617 4621
1347 1940 0 4618
485 753 4619 0
725 896 0 4620
2809 3545 0 0
726 1212 4624 4622
2795 3675 4623 0
124 710 0 0
4186 4336 4625 4633
3865 4161 4628 4626
4986 170 4627 0
466 1369 0 0
971 988 4629 4632
1185 1614 0 4630
1760 2514 4631 0
660 1461 0 0
3448 4369 0 0
2923 3794 4638 4634
2856 3793 0 4635
2902 3833 4636 0
1296 2218 0 4637
68 117 0 0
3969 4803 4639 4646
4341 4825 0 4640
2045 2497 4641 0
3642 3912 4642 0
3000 3201 0 4643
3183 3583 4644 0
2215 2995 4645 0
3912 4218 0 0
2920 3537 4649 4647
1169 1526 0 4648
362 1155 0 0
1996 2019 4655 4650
864 1607 4652 4651
151 862 0 0
4026 4449 0 4653
2659 2748 4654 0
3092 3916 0 0
1999 2443 4656 4658
709 1100 4657 0
3059 3157 0 0
369 1359 4659 4667
3565 4021 0 4660
4576 93 4661 0
4815 287 0 4662
4821 621 4663 0
4550 4793 0 4664
1791 2751 4665 0
4173 4407 0 4666
2860 3283 0 0
2689 3135 4673 4668
3769 4191 4669 0
1091 1969 0 4670
3483 4092 4671 0
104 922 4672 0
873 1679 0 0
900 1466 4680 4674
3967 4336 4675 0
2771 3340 0 4676
3181 3401 0 4677
3118 3532 0 4678
3486 4083 0 4679
4508 4566 0 0
2961 3649 4681 4688
535 726 4682 0
4364 4771 4683 4687
259 684 4684 0
2132 2547 0 4685
2162 2354 4686 0
222 939 0 0
1954 2567 0 0
3513 3898 4690 4689
4061 4789 0 0
2681 3531 4696 4691
4001 4122 4692 0
862 1751 4693 0
3518 4179 4694 0
4531 229 4695 0
4058 4509 0 0
1200 1753 4697 4703
3384 3400 4700 4698
4608 361 4699 0
2413 2541 0 0
2419 3094 0 4701
2930 3704 0 4702
2165 2466 0 0
2196 3154 4712 4704
1965 2790 0 4705
1327 1936 0 4706
1151 1254 4707 0
4703 320 4708 4711
4227 4832 0 4709
4765 474 0 4710
1748 2234 0 0
3193 3455 0 0
1730 1867 4713 4715
282 685 4714 0
592 1341 0 0
3895 3978 0 4716
3407 3960 4717 4721
3025 3131 4720 4718
337 545 4719 0
2839 2940 0 0
3686 4050 0 0
3841 4578 4722 4724
4962 692 4723 0
1445 1589 0 0
165 389 4727 4725
4325 4883 0 4726
218 492 0 0
1215 1362 4733 4728
1881 2755 4729 0
2180 2662 4730 0
3373 4214 4731 0
3098 3804 4732 0
2926 3639 0 0
3562 4268 4742 4734
3056 3270 4735 4738
890 1764 0 4736
2763 3392 4737 0
3907 4050 0 0
1521 1547 4739 0
1612 2060 4740 0
155 1067 4741 0
1422 1597 0 0
4676 4977 4743 4749
950 1832 4747 4744
932 1440 4745 0
3742 4393 4746 0
4006 4181 0 0
2748 3280 4748 0
4346 4942 0 0
4642 4937 4751 4750
1348 1603 0 0
932 1697 4752 4755
2724 3669 4753 4754
846 907 0 0
1004 1220 0 0
1235 1858 4756 4762
1213 1668 4757 0
1158 1191 4760 4758
4386 4889 4759 0
757 1656 0 0
2691 2712 4761 0
2937 3215 0 0
2131 2417 4768 4763
4008 4994 0 4764
91 812 4765 4766
1371 1699 0 0
2717 3217 4767 0
4504 117 0 0
425 451 4776 4769
3376 4137 0 4770
3995 4446 4775 4771
4994 880 4772 0
4819 159 4773 0
1879 2524 4774 0
2132 2572 0 0
2644 2857 0 0
902 1685 4777 4782
3484 3489 0 4778
3397 3804 4779 0
2027 2103 4780 0
4343 263 4781 0
2564 2867 0 0
4001 4741 0 4783
27 406 4789 4784
963 1554 4785 4787
4811 295 0 4786
3311 3354 0 0
2570 2607 0 4788
3398 3837 0 0
1048 1465 4790 4798
4003 4676 4791 4796
4844 805 4792 4795
662 1600 4793 0
2407 2845 0 4794
1562 1795 0 0
2775 3473 0 0
3176 3210 4797 0
4333 4479 0 0
3114 3346 4799 4805
1615 2222 4804 4800
912 1352 4801 0
3998 4972 4802 0
543 1312 0 4803
3233 3301 0 0
3429 4062 0 0
3705 4038 4810 4806
2502 3423 4807 0
2540 3171 4808 0
2194 2830 0 4809
3834 4757 0 0
2212 3064 4811 4816
1938 2038 4812 0
2661 3411 0 4813
2190 3017 0 4814
3439 3830 0 4815
2155 2188 0 0
1314 1464 4821 4817
538 1480 4818 0
803 1599 0 4819
785 1035 4820 0
4696 577 0 0
1371 1718 4822 4830
349 646 4825 4823
2676 2811 0 4824
2418 2833 0 0
4790 4864 0 4826
51 331 0 4827
3663 4312 4828 0
2926 3226 0 4829
4008 4288 0 0
3704 4033 4837 4831
7 448 4832 4836
4561 4705 4833 4834
1046 1188 0 0
4203 4959 0 4835
3018 3067 0 0
375 1063 0 0
693 1070 4847 4838
1873 2249 4841 4839
3140 3572 0 4840
143 961 0 0
4938 182 0 4842
3837 4067 4843 0
867 1701 0 4844
924 1385 4845 0
4482 427 4846 0
3990 4308 0 0
3467 3969 4848 4856
4931 786 0 4849
122 1110 4850 4852
448 889 0 4851
3730 4241 0 0
3427 4295 0 4853
3471 4320 4854 0
3568 4462 0 4855
877 1785 0 0
1343 2277 4865 4857
1710 2462 4858 4859
100 209 0 0
464 496 4860 4863
4485 4573 4861 0
3844 4844 4862 0
920 1247 0 0
4952 4962 4864 0
226 787 0 0
198 439 4875 4866
593 933 4874 4867
4019 4288 4868 4871
2155 2706 4869 0
2641 3098 0 4870
988 1807 0 0
1069 1598 0 4872
4420 118 4873 0
1594 2018 0 0
775 1725 0 0
4964 164 0 4876
2515 3328 4885 4877
3014 3602 4878 4882
518 769 4879 4880
2349 2992 0 0
669 989 0 4881
2826 3383 0 0
4342 4674 4883 0
2148 2527 0 4884
3983 4624 0 0
2899 3765 4890 4886
220 1196 4887 0
1542 2158 4888 0
4941 4995 0 4889
1615 2201 0 0
4214 4230 4893 4891
1282 1471 4892 0
4134 4714 0 0
4929 589 4894 4903
2392 3306 4897 4895
4018 4916 0 4896
3117 3849 0 0
2135 2535 4898 4902
4575 104 4899 0
1981 2229 0 4900
3159 3511 4901 0
4822 529 0 0
2353 3005 0 0
4712 625 4904 4908
3067 3093 4905 0
899 1434 4906 0
2353 3084 0 4907
4031 4229 0 0
3116 3762 4909 4916
1988 2589 0 4910
4046 4347 4912 4911
4544 238 0 0
560 571 0 4913
3388 3589 4914 0
1813 2249 0 4915
4959 829 0 0
4340 322 4921 4917
3105 3759 0 4918
2401 3232 0 4919
289 1268 0 4920
4365 84 0 0
4649 488 4927 4922
3545 3760 4923 4926
3964 4278 0 4924
4247 4825 0 4925
711 1242 0 0
89 716 0 0
2821 3358 4928 4937
4448 4527 4929 4936
2537 2899 4930 4932
3527 3779 4931 0
3464 4123 0 0
829 1199 4933 0
2380 2957 4934 0
4758 647 4935 0
1163 1427 0 0
4874 350 0 0
3942 4744 4940 4938
1957 2938 4939 0
2394 3372 0 0
2526 3246 4943 4941
1202 1579 4942 0
1672 2636 0 0
3435 3484 4944 4953
3052 3827 4945 4946
4311 4632 0 0
2597 2703 0 4947
4066 4914 0 4948
994 1663 4949 0
1056 1445 4950 4952
2615 3282 0 4951
1917 2251 0 0
3469 3959 0 0
1083 1778 4954 0
4653 4657 4963 4955
4128 110 4962 4956
977 1242 4957 4960
926 1427 4959 4958
2932 3317 0 0
1569 2312 0 0
4300 4944 0 4961
4316 4803 0 0
4135 4419 0 0
3269 3826 4965 4964
4555 4825 0 0
1532 1966 4966 4972
3477 3642 4967 4968
1919 2797 0 0
2883 3146 0 4969
3633 3697 0 4970
802 1222 4971 0
263 1037 0 0
2369 2781 4981 4973
930 1463 4974 4976
4075 4427 4975 0
1056 1771 0 0
3761 4606 0 4977
3162 3398 4978 4980
1022 1562 4979 0
3927 3953 0 0
161 646 0 0
3912 4776 4989 4982
4246 4323 4983 0
2578 2746 0 4984
1110 1955 0 4985
3487 4138 0 4986
3219 3281 4987 0
3997 4151 4988 0
948 1390 0 0
4966 40 4997 4990
655 915 0 4991
4718 4899 4993 4992
714 796 0 0
3688 4439 0 4994
1137 1922 0 4995
2546 3160 4996 0
835 1398 0 0
188 682 4998 0
4660 4689 0 4999
3669 4033 5000 0
2709 2769 0 0
