100 100
63 74 3 2
98 44 0 0
52 83 4 10
57 4 0 5
64 38 7 6
67 12 0 0
93 16 8 0
39 0 9 0
1 27 0 0
79 82 11 13
15 27 0 12
96 22 0 0
60 74 17 14
38 62 15 16
19 97 0 0
86 22 0 0
1 92 18 25
46 18 19 22
6 58 20 21
57 19 0 0
78 59 0 0
72 62 0 23
97 40 24 0
94 5 0 0
99 27 26 33
61 67 27 32
73 20 28 0
70 12 29 31
42 1 0 30
29 15 0 0
91 23 0 0
67 43 0 0
72 86 34 37
67 11 0 35
5 65 0 36
22 42 0 0
77 56 46 38
22 19 39 40
90 84 0 0
82 25 0 41
55 14 0 42
92 44 43 45
44 56 0 44
90 62 0 0
26 59 0 0
54 16 47 55
85 68 48 52
82 35 0 49
36 87 50 0
45 63 51 0
45 83 0 0
8 39 53 0
98 67 0 54
49 63 0 0
20 66 56 60
28 4 0 57
36 81 58 59
9 20 0 0
13 84 0 0
63 96 0 61
0 12 62 69
92 15 66 63
24 60 0 64
74 10 65 0
6 79 0 0
96 94 68 67
78 72 0 0
23 0 0 0
0 62 70 77
10 66 0 71
60 84 0 72
58 51 75 73
10 6 0 74
91 99 0 0
83 82 0 76
85 28 0 0
46 81 78 86
79 42 81 79
28 71 80 0
32 44 0 0
45 55 82 0
5 13 83 0
44 4 84 0
8 24 85 0
35 60 0 0
76 21 95 87
93 86 92 88
93 34 89 90
55 18 0 0
21 10 0 91
92 4 0 0
90 1 0 93
32 84 94 0
69 82 0 0
18 14 0 96
5 17 97 0
6 51 98 100
0 87 0 99
62 28 0 0
27 98 0 0
