100 100 100
46 7 7 7 7 7 7 7 46 7 46 46 46 7 46 7 46 46 46 46 46 46 46 7 46 7 46 46 46 7 46 46 7 7 7 46 46 7 46 46 46 46 46 46 46 7 7 46 7 7 83 18 83 83 46 83 30 18 83 18 18 7 83 30 18 83 7 83 83 46 83 7 30 46 7 83 7 18 7 30 18 30 30 46 7 7 83 30 7 46 83 30 46 46 18 7 83 7 18 46 
38 41
94 98
72 72
46 47
51 60
8 19
54 58
54 59
46 49
43 45
79 79
51 51
34 34
72 75
95 97
63 99
43 62
52 53
63 63
21 21
85 86
21 33
3 3
72 88
76 84
8 8
21 23
12 14
38 38
50 50
95 95
39 40
48 48
85 85
66 66
26 26
46 46
39 39
5 5
90 90
55 57
16 17
76 76
5 6
4 7
78 78
27 31
12 12
94 94
2 2
1 1
81 81
56 56
43 43
9 9
35 35
76 77
28 29
66 68
35 37
10 11
64 65
43 44
21 22
4 4
24 24
36 36
24 25
52 52
1 100
85 87
27 30
54 54
4 20
32 32
72 73
34 42
78 83
16 16
64 64
79 82
50 61
70 89
55 55
95 96
10 10
92 92
64 69
8 18
90 93
72 74
66 67
79 80
71 71
28 28
13 13
91 91
27 27
70 70
12 15
16 27
17 24
18 15
19 85
20 28
21 56
22 75
23 33
24 8
25 67
3 30
4 30
5 83
6 83
7 46
8 7
9 18
10 83
11 18
12 18
37 7
38 83
39 30
40 30
41 18
42 30
43 30
44 18
45 46
46 7
7 83
8 46
9 30
10 30
11 18
12 46
13 83
14 30
15 30
16 7
54 67
55 82
56 8
57 24
58 75
59 31
60 22
61 53
62 83
63 28
19 55
20 62
21 50
22 32
23 97
24 9
25 4
26 7
27 75
28 80
73 73
74 14
75 65
76 94
77 77
78 10
79 49
80 53
81 21
82 23
67 40
68 46
69 24
70 94
71 18
72 26
73 31
74 34
75 9
76 52
76 1
77 59
78 56
79 61
80 4
81 53
82 33
83 60
84 18
85 39
7 33
8 73
9 94
10 96
11 31
12 13
13 92
14 37
15 40
16 94
