1000 169
0 0 0 0 0 0 0 0 0 0 0 0 0 0 0 0 0 0 0 0 0 0 0 0 0 0 0 0 0 0 0 0 0 0 0 0 0 0 0 0 0 0 0 0 0 0 0 0 145 121 0 0 0 0 0 0 0 0 0 0 0 0 0 0 0 0 0 0 0 0 0 0 0 65 0 0 0 0 0 0 0 0 0 0 0 0 0 0 0 0 0 0 0 0 0 0 0 0 0 0 0 0 0 0 0 0 0 0 0 0 0 0 0 0 0 0 0 0 0 0 0 0 0 96 0 0 0 0 0 0 0 0 0 0 0 0 0 0 0 0 0 0 0 0 0 0 0 0 0 0 0 0 0 0 0 0 0 0 0 0 0 0 0 0 0 0 137 0 0 0 0 0 0 0 0 0 0 0 0 0 0 0 0 0 0 0 0 0 0 0 0 0 0 0 0 0 0 0 0 0 0 0 0 0 0 0 0 0 8 0 0 0 0 0 0 0 0 0 0 0 0 0 0 0 0 0 0 0 0 0 0 0 0 0 0 0 0 0 0 0 0 0 0 0 0 71 0 0 0 0 0 0 0 0 0 0 0 0 0 0 0 0 0 0 0 0 0 0 0 0 0 0 0 0 0 0 0 0 0 0 0 0 0 0 0 137 0 0 0 0 0 0 0 0 0 0 0 0 0 0 0 0 0 0 0 0 0 0 0 0 0 0 0 0 0 0 0 0 0 0 0 0 0 0 0 0 0 0 0 0 0 0 0 0 0 0 0 0 0 0 0 0 0 0 0 0 0 0 0 0 0 0 0 0 0 0 0 0 0 0 0 0 0 0 114 0 0 0 0 0 0 0 0 0 0 0 0 0 0 0 0 0 0 0 0 0 0 0 0 0 0 0 0 0 0 0 0 0 0 0 0 0 0 0 0 0 0 0 0 0 0 0 0 0 0 0 0 0 65 0 0 0 0 0 0 0 0 0 0 0 0 0 0 0 0 0 0 0 0 0 0 0 0 0 0 0 0 0 0 0 0 0 0 0 0 0 0 0 0 0 0 0 0 96 0 0 0 0 0 0 0 0 0 148 0 0 0 0 0 0 0 0 0 0 0 0 0 0 0 0 0 0 0 0 0 0 0 0 0 0 0 0 0 0 0 0 0 0 0 0 0 0 0 0 0 0 0 101 0 0 0 0 0 0 0 0 0 0 0 0 0 0 0 11 0 0 0 0 0 0 0 0 0 0 0 0 0 0 0 0 0 0 0 0 0 0 0 0 0 0 0 0 0 0 0 0 0 0 0 0 0 0 0 0 0 0 0 0 137 0 0 0 0 0 0 0 0 0 0 0 0 0 0 0 0 0 0 0 0 0 0 0 0 0 0 0 0 0 0 0 0 0 0 0 0 0 0 122 0 0 0 0 0 0 0 0 0 0 0 0 40 0 0 84 0 0 0 0 0 0 0 0 0 0 0 0 0 0 0 0 0 0 0 0 0 0 103 0 0 0 0 0 0 0 0 0 0 0 0 0 0 0 0 0 0 0 0 0 0 0 0 0 0 0 0 0 0 0 0 0 92 0 0 0 0 0 0 0 0 0 0 0 0 0 0 0 0 0 0 0 0 0 0 0 0 0 0 0 0 0 0 0 0 0 0 0 0 0 0 0 0 0 0 0 0 0 0 0 0 0 0 0 0 0 0 0 0 0 0 0 0 0 0 0 0 0 0 0 0 0 0 0 0 0 0 0 0 0 0 0 0 0 0 0 0 0 0 0 0 0 0 0 0 0 0 0 53 0 0 0 0 0 0 0 0 0 0 0 0 0 0 0 0 0 0 0 0 0 0 0 0 0 0 0 0 0 0 0 0 0 0 0 0 0 0 0 0 0 0 0 0 0 0 0 0 0 0 0 0 0 0 0 0 0 0 0 0 0 0 0 0 0 0 0 64 0 0 25 0 0 0 0 0 0 0 0 0 0 0 0 89 0 0 0 0 123 0 0 0 0 0 0 0 0 0 0 0 0 0 0 0 0 0 0 0 0 0 0 0 0 0 0 0 0 0 0 0 0 9 0 0 0 0 0 0 0 70 0 0 0 0 0 59 0 0 0 0 0 0 57 0 0 0 0 0 0 0 0 0 61 0 0 0 0 0 0 0 0 0 25 0 0 0 0 0 0 0 0 0 0 0 0 0 0 0 0 0 0 0 0 0 0 0 0 0 0 0 0 0 0 0 0 0 0 0 0 0 0 0 0 0 0 0 0 0 0 0 0 0 0
242 208
989 791
949 557
276 5
241 221
990 125
869 949
640 648
93 507
488 257
162 863
705 949
760 707
404 425
949 242
51 278
746 117
771 222
406 27
441 364
437 287
823 927
926 544
350 575
744 285
218 875
188 211
949 633
156 949
778 949
550 492
748 949
768 394
949 50
494 100
949 379
121 457
598 949
715 298
88 740
937 284
949 284
859 997
879 959
949 307
949 615
420 903
699 916
610 949
143 574
328 928
852 528
123 602
182 949
573 949
791 326
379 979
301 949
447 817
893 784
35 228
760 291
949 634
630 926
519 185
79 949
889 949
949 675
949 160
428 650
832 285
782 465
949 268
354 949
401 648
151 795
947 438
508 422
474 564
881 865
304 370
105 519
949 986
630 661
32 445
243 949
433 761
945 949
781 949
948 879
112 76
949 262
27 894
581 641
939 87
54 150
279 8
314 949
925 949
974 411
540 949
949 448
651 13
757 35
848 815
934 949
913 995
269 928
949 336
847 758
482 701
565 6
202 4
424 673
662 953
30 574
470 141
858 831
387 401
512 593
70 676
949 392
658 572
949 534
303 418
62 924
103 949
806 493
949 611
949 323
949 141
949 58
942 949
97 979
551 728
477 597
949 696
56 448
46 362
971 949
949 946
646 934
235 315
949 850
154 525
588 702
95 167
908 758
237 55
838 236
418 636
949 732
883 685
632 902
511 73
54 617
175 525
77 345
136 949
721 965
949 132
92 222
652 949
457 202
850 710
11 94
949 747
192 475
32 949
55 132
171 969
17 755
949 532
366 949
980 323
621 441
80 651
962 888
262 142
511 319
846 19
53 750
526 773
71 465
546 768
708 322
483 140
562 518
320 356
189 113
949 930
320 949
417 719
165 69
311 344
709 949
225 368
662 949
949 520
7 949
285 949
451 69
909 293
651 904
427 644
535 514
760 440
949 19
528 949
974 142
949 339
274 614
543 270
173 949
116 513
949 360
950 622
737 278
298 4
789 23
660 481
96 132
505 296
37 609
960 322
220 756
992 712
172 150
860 163
371 198
390 395
442 289
335 98
556 322
111 318
949 555
824 39
451 545
553 397
446 747
634 824
809 214
550 949
288 723
210 864
949 85
322 734
949 964
676 949
266 891
949 249
794 501
949 951
351 619
906 754
487 949
150 229
523 778
261 147
164 918
237 398
321 949
195 573
949 893
62 134
584 49
191 935
821 390
704 914
217 949
78 8
414 393
158 31
652 239
100 949
949 580
200 765
509 733
355 450
949 63
482 455
611 515
329 585
949 817
915 300
949 612
949 259
578 949
434 316
949 575
850 681
949 369
949 435
305 262
956 141
691 642
949 359
251 949
731 527
83 949
978 689
254 379
693 581
742 710
177 186
949 595
881 949
608 949
941 718
425 672
192 679
507 229
109 949
484 949
541 949
43 578
949 637
690 939
854 439
415 419
768 247
774 879
949 352
877 307
803 660
424 616
583 949
91 949
64 135
212 335
949 45
131 874
723 969
458 414
858 145
29 949
949 985
12 997
108 931
973 812
204 949
726 67
876 879
949 419
729 949
365 721
18 495
115 57
806 949
647 629
756 822
819 469
949 566
202 273
949 265
443 722
643 140
257 698
659 428
758 190
716 687
949 807
101 949
46 659
263 53
972 47
949 432
766 222
313 727
233 949
282 84
45 374
260 201
997 457
174 15
283 949
96 25
940 951
438 800
449 326
122 635
324 665
429 270
535 949
770 140
843 479
601 797
703 319
73 851
440 949
246 5
339 862
949 917
949 586
34 783
949 952
636 949
454 779
491 253
703 829
911 908
12 510
164 949
237 621
968 949
174 680
739 949
60 226
949 260
142 669
400 949
133 122
834 949
913 378
814 949
434 697
44 184
701 671
949 224
949 372
162 533
250 976
645 949
720 40
732 245
938 717
949 326
949 660
764 292
33 893
355 675
765 949
982 354
14 949
910 195
282 412
373 949
498 850
574 780
820 286
914 462
580 10
34 54
949 825
949 393
471 351
569 817
147 733
814 216
203 938
681 219
949 544
32 713
694 610
36 985
799 319
949 565
949 927
332 949
949 460
380 367
272 949
474 186
825 844
805 722
271 106
864 895
118 875
753 610
397 717
421 562
580 588
282 61
504 417
949 769
353 457
949 562
365 587
892 949
146 949
521 49
501 949
415 589
786 949
727 949
137 853
981 949
949 506
744 299
738 874
949 84
856 150
126 330
361 949
459 717
999 949
949 736
641 792
89 431
23 657
218 505
949 840
792 906
408 949
634 104
462 963
686 949
451 857
106 654
721 579
997 295
949 367
309 264
912 60
933 536
300 907
949 209
726 534
579 957
422 965
384 949
984 486
382 531
901 976
3 516
358 204
129 561
761 949
75 737
949 626
949 60
816 949
409 353
706 513
616 949
816 340
183 571
153 949
604 748
35 396
548 322
903 221
14 808
244 637
991 882
410 900
567 725
249 670
177 51
613 402
432 695
444 366
442 974
429 215
821 110
793 461
949 116
819 949
949 954
342 778
949 627
879 949
649 923
949 112
157 436
570 766
1 715
434 949
101 337
377 272
999 812
183 949
116 839
889 277
42 909
15 655
177 258
905 500
978 2
577 237
463 833
403 564
949 59
600 881
949 325
928 724
128 31
949 527
949 896
253 949
837 777
951 746
82 949
949 757
86 949
602 609
898 949
561 94
853 144
173 149
567 655
995 645
798 976
615 294
628 327
169 328
949 905
949 2
455 192
949 835
197 957
84 464
115 176
426 206
793 878
628 522
72 311
889 38
221 26
538 840
949 683
311 949
454 589
211 953
576 504
749 949
550 465
26 278
722 5
582 903
230 506
20 467
644 975
802 920
490 204
309 949
787 460
476 462
949 315
479 23
531 949
735 932
547 938
547 703
456 573
270 167
232 86
48 475
530 674
887 949
720 949
949 312
840 922
408 130
949 21
104 524
949 426
274 727
744 306
564 868
827 180
223 221
915 535
949 120
943 949
618 949
559 493
674 124
993 14
203 899
623 949
1000 949
949 140
692 292
866 904
557 161
682 949
113 949
600 423
263 467
542 949
863 548
196 841
613 475
744 560
949 994
414 668
745 949
478 840
349 884
844 310
17 763
66 639
990 367
693 256
576 949
168 375
238 935
404 153
949 663
343 107
5 420
949 809
749 941
497 949
621 389
591 550
843 919
607 949
763 949
703 658
255 955
104 678
563 627
891 949
949 620
496 345
632 626
834 499
145 781
399 920
462 970
526 552
517 462
167 1
472 859
807 828
828 66
987 311
727 998
270 961
924 657
818 503
949 331
889 139
743 605
341 949
174 78
949 890
653 949
649 52
519 985
455 516
275 949
949 9
796 949
338 347
463 949
222 227
722 271
525 170
938 772
548 511
768 949
383 692
407 949
996 776
527 238
255 949
136 267
949 853
618 462
537 539
867 721
949 371
677 285
148 675
622 272
949 554
949 64
802 949
585 773
949 27
951 346
187 449
80 365
21 18
949 88
757 962
231 949
216 194
351 332
248 413
949 44
284 596
949 468
667 514
28 429
326 376
386 688
991 949
864 602
949 664
685 949
949 42
838 954
997 31
54 290
90 548
949 581
682 810
949 818
281 513
318 231
949 24
592 566
179 785
493 871
836 288
573 932
954 41
714 231
480 949
590 424
817 983
102 854
949 880
416 767
949 286
936 799
112 849
594 927
854 397
124 348
949 193
22 196
698 821
904 505
207 14
763 699
159 565
923 609
336 785
223 801
318 733
624 688
680 28
921 325
741 949
793 147
22 52
666 720
175 949
94 317
218 988
576 122
728 298
949 166
603 574
438 451
949 466
401 286
620 751
322 263
752 525
889 790
949 874
250 338
711 749
107 949
714 138
622 804
240 484
557 700
855 381
861 40
886 573
762 145
703 593
851 391
370 708
854 280
939 440
960 842
336 692
4 68
381 949
368 127
949 958
653 180
441 864
155 904
683 486
429 788
529 949
879 539
629 751
453 420
949 837
949 933
599 949
315 375
949 730
949 324
385 245
114 949
583 81
373 931
950 897
222 949
46 129
625 915
949 775
77 949
949 213
868 992
949 308
196 795
63 624
949 405
949 199
329 115
654 870
847 585
792 16
530 949
327 949
126 150
439 712
631 949
357 777
949 976
212 12
756 875
949 248
911 302
430 567
777 873
949 521
410 449
427 731
98 783
317 508
781 388
949 205
949 716
826 818
949 928
656 789
166 606
949 74
150 875
848 949
452 514
84 977
952 485
776 949
549 663
304 613
697 477
436 949
714 929
691 107
949 287
351 601
167 152
234 949
333 927
949 811
701 908
949 438
949 568
780 527
212 489
690 558
872 384
949 944
884 257
257 813
426 684
972 949
146 297
99 987
725 178
860 616
383 363
181 696
821 949
966 824
119 164
967 203
334 317
845 761
252 270
795 725
885 51
23 949
949 473
949 127
767 812
605 80
759 595
949 288
830 949
749 65
715 638
89 949
514 502
428 329
