1000 844791182
662696958 0 0 0 508955962 0 588488899 0 303180777 0 0 0 0 0 0 0 689141291 0 0 0 0 0 0 0 0 0 316521371 0 553417967 146880925 0 0 0 0 0 0 0 0 0 0 0 0 190972997 647933056 0 0 0 0 0 0 0 0 0 474826087 0 0 0 0 0 0 0 0 0 0 0 0 0 0 0 0 348802103 529744591 0 0 0 165327623 0 0 92468132 0 231899466 0 641648636 0 0 415136383 0 755762110 0 0 0 0 0 839725009 0 0 0 112431828 44145265 465658465 0 0 0 0 0 0 0 0 0 0 0 0 0 0 0 0 0 0 0 616005561 0 0 842942703 0 0 0 0 0 0 0 0 0 0 565637283 0 0 0 0 554641856 0 549727116 0 0 0 88411562 0 0 762973916 0 0 0 0 0 0 745327580 0 0 0 0 0 0 0 0 0 0 512203412 220426694 0 838332805 185719496 511717000 0 0 0 0 549374082 178809483 0 0 0 0 0 640248697 0 0 0 0 0 0 0 0 0 0 427705030 0 0 0 0 0 179897247 0 0 0 0 68020587 0 0 0 0 0 0 0 0 0 0 0 0 17723850 785079448 0 0 437006648 0 0 0 0 0 0 0 0 0 0 593289891 0 0 0 0 0 0 0 261173564 0 0 0 0 89303782 0 82713577 0 0 0 0 0 0 0 0 0 0 0 0 0 0 0 500927878 0 0 0 0 79658522 375753116 0 434760013 225798950 0 0 0 0 0 0 0 0 0 317752817 0 0 0 804431345 0 0 372280213 0 0 0 0 0 499460732 43755581 0 0 0 0 0 0 0 0 0 0 0 278419777 565137525 0 0 0 139456546 0 0 0 0 0 0 0 0 0 0 0 240633791 0 0 399410277 0 0 0 0 0 0 0 0 0 0 0 0 0 263254193 0 0 0 0 0 27597448 0 0 0 0 0 0 185590440 0 0 0 0 0 0 0 0 3964451 669840535 0 0 0 67215266 0 0 0 0 402405495 0 653279196 0 735896075 0 0 0 0 0 0 0 0 0 0 0 0 371636927 0 0 0 0 0 0 0 0 0 0 0 0 0 0 0 0 0 0 0 0 375584581 0 0 0 0 0 0 0 0 0 0 0 534705297 0 110638534 146731361 0 0 0 0 0 0 0 0 0 0 0 286571089 0 704106182 375835580 0 746186579 0 0 0 0 0 0 0 0 0 0 0 0 0 0 0 0 0 0 0 0 0 0 295529734 0 0 0 0 775895313 0 0 0 555009246 689504379 0 0 0 0 0 0 0 0 0 0 0 0 0 0 0 0 0 819984325 0 0 0 0 0 560092346 0 0 0 0 200625222 831158168 704851652 0 0 0 519747061 0 0 568385793 104829710 0 0 0 0 0 0 0 0 0 0 273095500 0 0 0 0 0 0 226855659 0 0 0 0 0 0 638956632 578389242 0 406223695 0 0 0 0 0 0 0 0 0 0 0 0 0 0 0 89436232 0 0 0 0 758991163 740676613 0 0 0 0 0 754639440 0 0 0 0 0 0 0 364279898 0 0 0 0 0 0 567357738 0 0 0 0 0 788347726 0 0 36495457 274234366 0 0 0 0 0 0 0 0 0 0 0 0 0 0 0 0 0 0 0 0 0 0 0 466845998 0 0 0 788446488 0 0 0 0 0 0 283053339 0 0 0 0 0 347067028 0 0 0 0 818172817 0 0 255395107 0 0 0 0 0 0 0 0 0 650841623 0 0 0 187616257 0 0 0 0 101172084 0 0 0 0 0 0 0 0 0 0 29246169 0 0 691039843 85232006 0 0 0 0 0 0 643555258 0 0 0 0 0 0 161178709 0 0 0 0 0 0 0 0 606174713 706766667 0 0 0 0 0 0 0 0 0 683235450 671244221 752759802 149369443 0 0 0 0 0 0 0 0 0 784481709 0 0 0 0 0 0 274806541 0 0 0 0 0 0 0 0 0 0 383616875 0 0 224410188 0 0 0 0 0 0 0 205921521 0 0 0 0 0 0 0 0 0 0 0 132910573 0 0 0 0 0 0 0 0 0 0 0 0 21421260 0 0 0 0 159717107 0 823946177 0 0 86872037 0 0 0 511632504 0 0 0 212025133 0 0 103290824 0 0 0 0 0 0 671392664 0 0 5084174 0 0 0 539328614 0 0 0 0 0 0 0 491752216 0 0 0 0 0 0 80412636 0 0 0 0 0 403103478 244916437 0 0 452762018 0 76608568 191084992 0 0 0 0 0 0 0 0 0 0 0 0 0 0 458313058 0 0 0 0 0 160518484 0 0 0 0 0 0 0 0 812494148 0 0 0 0 0 0 0 0 0 0 0 28103896 0 0 0 0 136566758 0 0 0 762665667 0 342093858 299105076 0 632569087 0 0 0 0 0 0 0 0 0 0 0 0 0 0 0 819957619 0 0 766734572 0 0 0 0 0 0 0 278728650 0 0 0 0 0 0 320876262 0 0 435981738 0 0 0 0 0 0 0 609169677 0 0 0 0 800771265 0 0 0 0 0 0 0 824701672 0 0 0 0 0 0 0 0 255772829 0 0 0 0 468380831 0 0 0 0 0 709152794 55310528 667096394 819714164 0 0 431928982 0 0 0 45011355 0 0 0 766658173 0 0 0 0 0 192111478 490284677
109 287
287 143
796 691
821 848
358 287
493 844
586 667
967 455
458 35
20 692
113 287
758 537
339 618
287 781
792 207
565 130
967 973
788 125
287 462
151 50
236 395
699 901
541 552
998 40
287 581
672 287
964 541
602 203
287 954
330 277
294 979
683 238
912 310
344 287
800 473
339 955
287 280
583 793
454 670
287 753
43 287
717 407
543 287
663 684
201 478
449 287
650 444
786 287
277 316
158 287
57 899
559 942
386 487
652 287
46 977
47 207
319 732
565 37
115 220
11 287
46 832
683 163
699 177
287 633
752 287
287 32
496 614
287 665
654 7
440 287
187 179
992 540
570 641
321 416
444 28
609 876
890 280
532 843
359 656
197 873
799 62
420 214
682 287
398 287
614 806
287 160
374 513
913 718
828 536
246 149
418 269
957 132
287 4
633 823
542 653
180 257
274 170
161 287
287 897
633 360
145 287
287 142
822 843
421 511
864 511
749 287
900 40
198 307
277 474
287 788
357 1000
257 598
102 120
863 558
74 169
186 897
527 448
605 343
222 440
339 779
248 455
263 287
710 284
182 415
376 89
343 745
572 682
336 383
287 493
133 903
917 716
226 287
287 768
375 417
257 206
287 978
287 517
56 791
879 696
157 86
982 567
847 346
141 194
827 386
31 864
459 287
724 698
89 287
287 857
175 252
898 287
697 287
770 489
751 738
203 312
765 995
201 708
406 625
630 369
121 311
287 408
727 91
287 138
287 48
738 615
287 639
601 396
287 242
447 445
646 75
395 741
407 108
356 6
81 239
591 454
794 100
407 30
287 765
58 157
187 740
124 715
287 107
287 669
811 990
90 287
814 519
812 689
287 475
541 950
922 461
825 287
550 543
689 287
51 287
943 983
877 287
527 638
287 843
551 244
413 287
148 565
287 129
231 48
549 551
971 968
11 956
839 884
443 851
88 700
287 203
287 958
287 854
191 321
287 214
325 43
824 563
308 358
590 908
693 241
394 97
426 661
720 704
287 419
287 617
705 757
661 613
514 573
655 287
877 297
562 630
50 921
627 484
801 276
434 287
999 762
989 208
664 283
253 476
594 287
373 385
171 899
838 955
483 649
701 615
357 200
441 287
772 858
287 117
116 862
642 872
915 161
145 320
885 287
90 994
205 385
21 485
291 848
287 41
249 19
266 435
77 287
588 369
617 87
396 522
250 882
810 287
902 287
873 321
17 384
880 287
944 253
397 287
174 287
728 558
962 287
160 771
918 38
606 339
197 837
982 774
80 306
725 921
127 287
390 831
102 168
287 123
952 427
878 84
110 665
233 263
287 770
102 355
976 731
424 341
653 240
725 450
181 907
888 287
925 417
526 875
466 629
599 941
306 574
140 512
904 266
720 643
256 977
573 287
814 341
937 617
57 185
549 300
611 959
169 95
118 969
947 89
287 860
617 196
569 856
222 817
583 892
82 352
62 207
287 342
207 675
967 229
433 159
185 287
802 694
76 278
411 982
287 501
830 553
897 883
287 132
974 414
287 988
654 380
25 287
362 287
287 273
566 287
756 23
287 245
182 287
596 528
467 425
865 516
287 535
128 163
725 809
306 862
521 704
497 287
609 500
607 707
577 418
210 778
241 287
199 611
895 27
911 975
228 182
799 918
742 849
844 495
212 113
660 397
622 760
227 287
289 287
287 34
200 920
183 961
593 500
491 749
934 60
951 768
24 353
287 249
568 109
780 287
287 785
287 674
507 413
470 287
996 661
212 192
99 650
704 557
348 287
229 865
174 642
984 287
194 734
7 946
367 74
494 477
893 575
361 861
193 745
855 29
272 58
842 287
287 71
287 53
933 287
133 666
75 363
28 338
35 768
691 287
352 52
191 275
287 706
287 39
939 131
519 596
553 374
115 106
657 730
104 600
287 756
867 287
44 316
287 818
176 790
484 287
45 287
971 515
73 59
322 287
363 287
948 243
460 608
707 287
347 784
287 486
757 399
545 868
287 657
65 531
347 64
287 634
797 287
379 490
287 74
138 839
333 244
3 101
688 698
927 157
499 869
139 287
802 848
562 986
971 287
10 553
92 93
138 628
447 795
983 538
848 525
287 907
635 287
349 215
230 287
287 690
209 440
26 287
934 287
966 112
819 688
835 637
287 468
381 54
777 529
154 189
919 287
542 266
287 451
287 636
324 391
135 318
594 640
287 20
22 965
25 989
612 910
691 911
535 96
190 137
116 729
920 659
963 287
611 93
791 287
908 806
709 635
492 287
847 838
287 256
679 597
287 33
786 68
751 644
715 553
287 359
287 861
906 482
719 98
974 671
328 113
886 955
763 675
727 133
223 134
662 287
554 102
738 372
634 928
217 203
287 599
287 304
287 146
658 891
536 239
287 114
776 889
244 16
649 287
287 194
986 521
987 287
955 392
98 406
255 287
287 807
523 772
122 243
66 952
685 630
759 972
382 916
49 287
829 287
970 729
142 426
216 441
381 883
70 587
287 365
157 405
934 354
767 158
565 243
202 247
46 299
288 687
131 647
287 247
524 107
306 85
107 210
370 766
551 519
686 234
511 287
388 179
97 287
396 744
454 270
763 2
364 974
339 943
175 176
622 486
287 201
298 823
905 287
14 324
4 371
586 620
754 153
237 287
287 136
262 421
679 706
437 369
931 419
577 702
631 849
761 39
287 232
879 989
287 6
287 239
743 151
213 924
547 103
787 287
159 8
598 203
777 287
287 736
645 672
88 651
440 286
287 851
516 944
49 439
409 999
287 841
21 287
436 648
900 285
953 287
643 463
287 402
645 836
418 279
446 5
912 813
287 570
321 287
287 999
287 100
8 482
575 129
76 425
287 195
13 123
335 287
908 541
287 687
101 799
571 746
292 287
404 80
603 789
698 678
372 623
729 450
453 287
664 432
287 215
856 287
207 305
193 431
267 326
595 765
891 287
632 730
166 287
545 270
183 32
224 702
32 213
287 510
207 801
764 936
501 721
282 922
287 102
564 390
428 45
287 544
549 423
287 482
287 840
287 467
274 287
363 387
33 261
157 287
173 291
287 24
287 960
219 848
287 969
603 1000
693 732
959 454
846 84
856 465
853 689
468 505
287 61
251 287
182 676
803 287
336 317
268 589
303 287
742 33
773 301
313 287
287 966
626 287
619 570
229 644
238 555
855 524
530 287
290 346
157 782
930 287
20 334
271 264
752 972
83 659
287 148
287 438
914 251
894 417
621 374
798 102
287 250
460 368
352 155
985 164
624 287
287 370
126 70
504 191
358 218
412 287
506 998
316 538
69 115
750 169
309 862
932 797
878 144
344 858
374 824
758 287
287 149
838 816
438 533
412 42
498 287
111 132
264 287
310 410
610 482
338 172
938 375
162 287
539 168
287 870
256 403
629 639
59 103
993 860
776 184
585 287
287 929
926 28
769 869
543 711
129 815
9 287
687 576
625 430
630 93
952 287
663 935
331 443
658 846
281 176
296 421
287 494
508 124
121 287
525 739
137 287
949 820
518 268
335 981
671 596
982 738
219 814
579 287
558 912
429 838
439 726
710 662
727 287
287 804
345 978
595 783
287 741
552 3
805 292
411 605
417 172
980 152
103 377
287 686
287 457
875 287
364 512
287 384
79 470
162 323
82 671
999 916
287 609
12 465
998 287
378 985
531 287
89 942
874 34
710 748
481 129
393 560
230 67
411 548
584 749
260 422
714 287
287 896
563 862
241 407
546 680
695 100
963 401
800 287
40 826
287 540
27 703
901 287
842 677
103 724
131 859
897 673
580 901
869 329
917 781
757 103
662 165
446 725
704 314
287 456
408 808
781 733
154 287
287 55
287 258
153 897
287 976
351 287
211 416
287 378
757 922
991 938
205 107
663 230
140 577
681 957
688 173
534 493
287 833
506 332
74 464
472 138
287 452
487 979
417 556
15 370
793 287
287 940
509 676
287 653
276 944
979 857
283 235
287 78
558 603
24 612
324 48
390 398
416 479
98 287
287 965
572 36
720 105
318 287
887 845
934 520
830 604
333 167
287 913
287 326
323 104
119 870
491 561
997 287
334 587
287 447
888 337
301 48
130 94
198 287
922 290
720 287
287 223
178 517
866 570
421 722
265 779
689 156
389 460
499 291
655 945
983 188
302 287
131 287
287 448
871 848
287 115
655 18
393 997
582 327
350 688
287 152
287 775
204 287
631 442
303 592
923 572
452 784
225 287
852 316
875 150
179 287
287 713
315 582
147 287
344 949
446 912
639 366
385 260
88 207
169 72
610 850
578 287
668 577
940 293
735 94
480 287
1 287
926 270
287 990
287 471
163 938
922 63
834 788
434 27
729 737
755 792
295 534
785 259
215 620
396 287
922 469
712 100
776 287
530 518
852 508
423 340
315 806
283 287
616 134
431 418
845 287
747 918
460 287
630 221
723 287
62 835
881 417
369 490
176 287
287 336
936 287
648 287
128 582
380 287
546 492
173 503
571 911
66 254
909 219
400 780
502 237
81 488
