1000 475
0 0 0 0 73 0 0 0 0 0 273 0 0 472 82 0 0 0 0 414 0 0 55 0 0 0 0 0 225 396 0 0 0 199 0 366 0 0 189 250 37 0 0 0 0 0 309 0 0 0 0 0 0 0 0 0 108 0 0 0 0 0 0 0 0 0 0 0 0 0 232 0 184 0 0 0 0 0 0 0 0 0 0 191 0 382 0 0 0 0 0 0 0 257 439 0 0 28 0 0 0 0 0 349 0 0 0 0 0 0 0 0 319 0 0 0 0 0 0 0 0 0 0 0 0 0 0 0 129 0 0 0 0 0 0 259 0 0 0 0 0 0 39 0 0 0 0 0 0 0 0 0 0 0 0 0 0 0 0 0 0 0 0 198 0 0 0 0 0 332 113 0 0 216 0 0 0 0 0 0 401 0 0 0 0 0 0 0 0 0 0 0 0 151 0 0 0 0 0 0 0 377 0 0 0 0 0 0 337 0 0 0 296 0 0 0 0 0 0 0 0 182 0 0 0 0 0 0 0 0 0 0 0 0 471 0 0 0 0 0 0 0 0 222 0 0 0 96 0 0 0 0 0 0 0 0 0 0 161 0 0 0 0 0 0 0 0 0 0 0 343 290 0 0 0 0 0 316 0 0 134 0 0 0 250 0 0 0 0 25 0 0 0 0 0 305 0 0 0 0 0 0 0 0 0 0 0 0 0 0 0 0 376 0 324 0 13 405 378 0 0 0 0 280 0 0 0 0 377 0 0 0 0 0 0 0 248 453 268 353 0 0 0 0 0 0 0 0 0 0 0 40 0 0 163 0 46 0 0 0 439 0 0 0 0 0 363 0 274 0 0 283 0 0 0 0 17 286 0 0 0 197 0 92 0 0 46 469 0 0 0 0 0 0 0 0 0 0 0 0 0 0 0 0 0 0 0 0 0 0 0 0 45 0 0 0 0 0 0 0 0 0 0 0 0 475 331 0 382 0 0 0 0 0 0 0 71 248 69 0 0 285 0 254 211 0 0 0 0 0 0 0 0 0 0 0 0 0 0 0 0 251 0 0 0 0 0 0 0 405 0 0 0 394 0 0 0 0 0 0 0 0 0 0 0 0 0 0 0 0 0 0 265 0 0 0 203 0 0 0 0 363 0 349 0 96 0 0 0 0 0 0 0 0 0 0 0 0 0 0 0 303 324 0 354 0 430 0 0 179 0 225 0 119 126 0 0 0 393 0 0 0 0 0 23 0 0 0 0 0 440 0 0 0 59 0 0 0 0 0 0 0 0 0 0 0 0 0 0 339 0 1 0 125 0 0 9 0 0 0 0 0 0 320 0 0 0 0 0 0 0 0 0 150 0 0 0 0 0 0 0 52 0 0 0 0 0 0 0 0 0 0 222 0 0 53 0 0 0 251 23 471 0 0 0 105 0 165 0 0 0 0 0 0 0 0 0 0 0 0 0 0 0 0 0 0 0 0 0 454 0 0 0 0 0 0 0 0 382 0 0 0 0 136 0 0 0 0 0 0 0 0 256 0 0 0 0 0 0 0 0 0 0 0 0 459 267 0 0 0 0 0 0 0 324 0 0 0 0 0 0 0 0 0 0 0 0 0 0 0 289 0 0 0 152 167 357 0 0 0 303 0 0 0 0 0 0 0 0 0 0 0 0 0 0 0 0 0 0 0 0 0 0 0 0 0 0 0 0 390 0 200 0 0 0 427 163 0 429 283 260 0 299 0 0 0 0 0 0 0 0 0 0 0 0 0 0 0 200 0 0 301 442 0 0 429 0 0 0 0 0 0 0 0 0 0 0 0 0 0 0 0 0 0 0 0 0 0 0 0 0 0 0 0 0 0 0 0 0 414 0 0 0 0 0 0 215 0 0 0 0 0 0 0 434 0 0 0 175 385 0 385 0 194 0 0 446 0 0 0 429 0 229 204 0 0 0 227 0 0 393 0 0 0 0 0 0 0 208 0 0 0 0 0 0 0 0 0 0 0 0 397 0 0 0 0 0 0 406 0 428 0 0 0 0 0 0 0 0 0 132 0 0 0 61 319 0 0 0 139 0 0 85 0 0 0 0 0 0 0 0 365 0 0 0 0 0 0 0 0 224 0 0 373 0 438 0 0 348 0 311 88 0 0 0 0 0 0 0 329 0 0 0 0 0 0 55 0 0 0 0 0 0 0 0 0 0 0 0 0 7 0 0 0 144 0 0 0 0 0 353 0 0 0 0 0 0 0 0 0 315 0 0 0 0 0 0 20 0 0
938 705
902 97
79 7
933 818
936 501
88 553
353 705
767 459
885 805
520 153
948 319
513 81
111 171
157 738
25 705
719 795
835 923
867 492
632 677
190 248
989 384
792 451
351 104
565 517
741 129
287 705
208 705
412 648
12 724
36 66
512 786
570 705
5 152
628 65
836 780
556 807
706 283
138 382
824 705
447 951
878 829
943 231
705 255
493 705
661 286
918 587
705 889
139 705
705 676
268 398
705 704
190 705
492 587
705 839
648 861
797 705
400 705
672 431
705 808
956 705
705 942
450 705
192 939
872 460
959 104
91 531
694 334
705 306
705 519
911 743
26 230
435 705
705 763
310 590
887 554
507 733
473 960
276 489
187 705
78 629
705 451
705 323
320 585
421 315
71 111
399 108
798 451
345 107
252 705
700 309
705 740
142 19
780 705
90 519
495 732
281 887
31 39
705 389
865 705
302 159
900 922
621 554
32 382
705 296
447 695
414 984
715 705
854 367
458 301
705 219
447 171
705 131
289 618
705 13
946 734
282 944
357 755
705 42
387 315
739 179
267 471
705 38
918 690
901 50
262 640
964 954
431 705
117 734
133 687
497 231
887 654
748 674
433 539
808 892
226 705
250 377
342 27
147 303
787 545
140 705
360 429
494 705
473 361
75 420
200 70
705 328
968 705
871 705
936 100
292 851
483 705
305 500
124 476
858 705
819 488
705 886
340 855
95 450
408 603
409 650
705 341
573 407
644 50
705 118
536 685
363 984
43 705
599 29
563 505
547 163
827 705
705 934
830 255
559 1
688 705
607 489
257 624
47 705
705 321
274 666
793 705
761 705
541 584
345 616
24 439
712 18
720 388
4 893
718 662
966 981
874 693
734 270
705 992
705 699
231 360
748 455
710 783
339 241
26 814
705 397
999 963
171 623
161 705
834 705
351 728
784 896
437 615
705 752
668 117
705 84
141 409
590 832
737 705
120 82
807 122
277 925
180 705
763 525
791 705
534 110
527 705
20 652
528 574
562 793
44 705
617 705
354 805
752 58
973 987
454 477
990 657
83 819
705 644
555 398
955 705
783 705
83 516
705 74
112 962
284 912
639 838
903 850
223 615
633 948
145 705
696 705
399 730
630 349
705 212
816 499
376 74
705 774
361 675
80 378
705 904
705 701
766 637
117 669
705 946
840 832
348 645
844 237
705 698
96 280
150 881
437 726
604 720
407 673
847 609
794 873
121 193
379 425
705 146
594 705
278 177
285 428
171 72
709 77
705 723
168 132
439 557
964 365
95 101
511 374
459 439
643 491
975 705
705 542
277 514
432 574
105 97
64 490
634 564
583 720
536 934
753 637
681 961
411 937
622 760
705 36
332 186
21 681
111 486
705 153
680 578
618 119
705 174
705 908
478 979
237 625
406 977
211 36
227 439
500 178
267 705
58 787
98 705
856 620
545 568
582 204
41 221
425 811
579 515
914 73
224 863
313 762
518 457
618 898
969 68
705 523
492 56
705 543
604 587
904 945
423 911
471 484
870 705
705 881
622 952
705 541
820 510
526 42
30 897
506 17
888 355
189 704
596 705
705 829
810 705
912 370
705 572
698 890
705 290
343 899
139 947
775 67
643 78
385 705
869 182
853 110
705 796
167 705
399 273
953 586
128 783
517 882
879 69
5 410
937 365
54 524
748 142
542 403
855 643
312 705
629 825
758 761
674 629
708 840
549 705
19 316
967 628
25 781
251 297
705 88
305 517
136 949
103 931
472 717
705 966
767 550
367 705
94 183
138 503
660 458
718 159
929 480
372 711
456 939
141 633
196 446
606 323
903 809
732 705
508 390
803 50
469 631
273 57
663 400
705 242
498 387
771 299
623 441
940 705
814 236
202 461
367 671
462 329
925 147
318 524
2 111
871 22
362 705
510 447
55 375
916 202
817 705
424 954
222 530
129 705
293 705
480 705
120 888
831 666
770 804
164 705
666 386
631 513
477 4
773 109
37 297
850 868
778 956
195 690
598 615
819 969
705 504
705 852
239 291
498 503
261 93
87 188
862 406
705 20
344 545
542 722
705 163
697 21
578 651
721 778
330 705
859 390
705 343
583 972
727 705
532 43
705 436
428 705
705 243
593 708
822 883
96 398
705 283
104 998
815 346
363 962
611 333
909 328
310 497
980 430
629 233
610 413
674 61
396 444
705 581
653 134
482 706
705 844
504 335
705 63
705 419
182 516
407 705
590 965
160 739
190 707
705 405
999 705
789 253
656 705
321 490
756 221
645 705
917 705
705 55
466 432
633 123
144 870
950 891
982 27
948 745
705 686
805 713
591 968
204 702
837 465
601 266
664 601
684 81
656 812
588 856
352 692
1 705
705 949
221 705
705 987
705 524
116 210
523 240
705 60
986 726
844 245
75 705
401 782
876 234
815 703
345 392
371 654
988 705
912 647
372 497
705 944
218 522
742 907
81 601
861 349
624 705
259 705
705 475
28 705
516 470
837 705
705 448
750 635
888 705
705 324
705 445
155 705
137 322
137 875
358 705
705 6
702 705
705 911
744 705
821 551
338 175
903 705
391 705
422 567
699 842
396 28
595 726
162 354
705 263
402 705
550 269
426 705
427 817
537 903
116 401
433 456
905 763
745 421
683 705
583 742
42 540
765 492
116 307
850 165
658 967
853 864
577 886
206 143
806 102
485 757
771 158
34 705
469 986
771 705
229 705
1000 137
180 134
474 142
709 705
453 705
337 163
398 799
769 170
774 272
923 705
418 705
665 705
435 641
773 458
712 841
307 725
404 960
27 744
746 828
655 705
119 548
970 171
874 705
481 493
670 705
127 633
193 969
928 572
656 751
576 849
839 398
198 114
705 181
705 866
856 49
936 705
531 863
766 910
15 723
33 867
894 11
329 645
446 921
249 789
731 979
988 368
775 199
879 149
517 626
521 442
311 83
373 705
126 717
232 559
646 705
135 705
401 478
231 595
705 489
705 679
91 70
877 846
246 115
705 919
506 705
592 705
303 816
705 202
870 546
36 638
415 533
51 15
594 843
971 680
97 705
509 793
246 251
68 159
453 848
860 822
895 786
552 772
974 245
434 278
705 203
505 443
667 948
869 222
760 705
236 779
648 705
705 980
705 239
605 9
988 661
89 819
35 581
749 705
705 294
666 897
830 289
65 264
104 510
449 594
705 659
352 133
796 884
338 786
705 635
329 833
602 705
933 48
427 714
681 359
705 113
537 932
156 72
614 750
638 172
191 705
736 366
544 427
492 159
959 900
821 377
610 705
316 457
958 479
855 823
201 705
832 275
220 139
862 976
705 894
106 219
160 180
235 349
587 52
880 139
436 10
576 847
325 374
705 912
72 846
705 477
268 256
185 705
705 487
176 997
380 547
697 517
739 463
705 262
79 382
665 395
468 705
705 906
175 705
86 705
394 705
436 317
566 605
722 378
278 705
564 705
838 705
352 264
100 16
137 628
10 102
657 603
705 246
184 234
785 763
946 600
201 288
467 306
214 503
859 745
438 608
788 904
99 59
642 205
476 705
915 897
930 586
176 705
8 705
705 265
503 3
985 835
705 186
531 705
705 23
53 48
234 206
845 715
466 417
768 621
978 705
93 13
571 68
246 62
356 624
705 962
746 705
689 120
331 396
705 713
705 141
505 946
298 27
705 170
705 941
712 816
967 708
705 361
666 705
438 46
225 34
764 422
705 110
958 628
589 378
344 957
705 994
815 705
716 299
996 181
357 953
125 145
529 201
374 933
401 705
705 327
898 558
579 418
649 997
950 705
374 757
705 45
289 183
747 705
511 92
858 209
934 393
213 452
599 705
986 927
800 705
705 432
433 705
941 258
208 422
166 705
538 720
846 81
705 217
612 626
300 121
613 658
995 542
158 910
905 794
709 619
818 500
632 618
705 535
857 705
364 336
719 705
438 862
194 705
36 522
837 691
729 601
705 717
773 705
920 705
329 636
705 308
705 369
759 216
459 316
389 215
383 705
739 313
634 254
804 704
705 953
373 733
560 523
381 483
76 793
705 627
924 324
148 340
381 347
551 807
923 569
143 907
935 627
847 186
496 814
399 476
597 870
975 460
47 802
48 148
754 724
533 705
271 851
724 13
841 642
424 277
47 700
776 101
683 856
611 619
713 154
561 790
705 896
862 705
314 175
351 551
705 295
99 583
705 605
705 384
735 323
801 519
446 841
366 66
446 143
580 705
651 705
425 705
789 705
705 983
149 705
350 194
279 476
834 151
705 521
197 789
87 335
345 194
375 247
575 110
292 966
705 114
363 585
705 694
137 339
705 738
621 352
822 40
705 26
920 213
926 705
238 147
39 705
27 207
520 826
132 705
440 706
705 678
705 416
246 657
532 993
635 813
14 149
550 79
377 937
359 654
130 705
705 552
502 675
705 914
111 85
173 705
213 464
682 705
418 777
877 103
143 883
742 228
375 260
561 207
410 705
243 244
146 304
67 705
34 169
641 991
364 65
612 326
216 987
99 913
