1000 378828596
0 0 0 0 0 0 0 0 0 0 0 0 0 0 0 0 0 0 0 0 120347889 0 0 0 0 0 0 0 0 0 0 0 0 0 0 0 0 0 0 0 0 0 0 0 0 0 0 0 0 0 0 0 0 0 0 0 0 0 0 222876014 0 0 0 0 0 0 0 0 0 0 0 0 0 0 0 0 0 0 0 0 0 0 0 0 0 0 0 0 0 0 0 0 0 0 0 340021839 0 0 0 0 0 0 0 0 0 0 0 0 0 0 0 0 0 0 0 0 0 0 0 0 0 0 0 0 0 0 0 0 0 0 0 0 0 0 0 0 0 0 0 125091642 0 0 0 0 0 0 0 0 0 0 0 103560224 0 0 0 0 0 0 0 0 0 0 0 0 0 0 0 67766178 0 0 0 0 0 0 0 0 0 0 0 0 0 15130092 0 0 0 0 0 0 0 0 0 0 0 0 0 0 0 0 0 0 0 0 0 0 0 0 0 0 0 0 0 0 0 0 0 0 0 0 0 0 301659362 74691833 0 0 0 0 0 0 0 0 0 0 191565696 0 0 0 0 0 0 0 0 0 0 0 330927520 0 0 0 0 0 0 0 0 0 0 0 0 0 0 0 0 0 0 0 0 0 0 0 0 0 0 0 0 245171425 0 0 0 0 0 0 0 0 0 0 0 0 0 0 0 0 0 0 0 0 0 0 0 0 0 0 0 0 0 0 0 0 0 0 0 0 0 0 0 0 0 0 0 0 0 0 0 0 0 0 0 0 0 0 0 248205513 0 0 0 0 0 0 0 0 0 0 0 0 0 0 0 0 0 0 0 0 0 0 0 0 0 0 0 0 0 0 0 0 0 0 0 0 0 0 0 0 0 0 0 0 0 0 0 0 0 0 0 0 0 316978368 0 0 0 0 0 0 0 0 0 0 0 0 0 0 0 0 0 0 0 0 0 0 0 0 0 0 0 0 0 0 0 0 0 0 0 0 0 0 0 0 0 0 0 0 0 0 0 0 0 0 0 0 0 0 0 0 0 0 0 0 0 0 0 0 0 0 0 0 0 0 0 0 0 0 0 0 0 0 0 0 0 0 0 0 0 0 0 0 0 0 0 0 0 0 0 0 66840216 0 0 0 0 0 0 0 0 0 0 0 0 0 0 0 0 0 0 0 0 0 0 0 0 0 0 0 0 0 0 0 0 0 0 0 0 0 0 0 0 0 0 0 0 0 0 0 0 0 81256028 0 0 0 0 0 0 0 0 0 0 0 0 0 0 0 0 0 0 0 0 0 0 0 0 0 0 0 0 0 0 0 0 0 0 0 351538332 0 0 0 0 0 0 0 0 0 0 0 0 0 0 0 223384470 0 0 0 0 0 0 0 0 0 0 276529166 0 0 0 0 0 0 0 0 0 0 0 192815713 0 0 0 0 0 124224177 0 0 0 0 0 0 0 0 0 0 0 0 0 0 0 0 0 0 0 0 0 0 0 0 0 0 0 0 0 0 0 0 0 0 0 0 0 0 0 0 0 0 0 0 0 0 0 0 0 0 0 0 0 0 0 0 0 0 0 0 0 0 0 0 0 0 0 0 0 0 0 0 0 0 0 0 0 0 0 0 0 0 0 0 0 0 0 0 0 0 0 0 0 0 0 0 0 0 0 0 0 0 0 0 0 0 0 0 0 0 0 0 0 0 0 0 0 0 0 0 0 0 0 0 0 0 0 0 0 0 0 0 0 0 0 0 0 0 0 0 0 0 180419713 0 0 0 341855508 0 0 0 0 0 0 0 316171032 0 0 0 0 0 0 0 0 0 0 0 0 0 0 0 0 0 0 0 0 0 0 0 0 0 0 0 0 0 0 0 0 0 0 0 0 0 0 0 0 0 0 0 0 0 0 0 0 0 0 0 0 0 0 0 0 0 0 0 0 0 0 0 0 0 0 0 0 0 0 0 0 0 0 0 0 0 0 0 0 0 230821950 0 0 0 0 0 0 0 0 294290513 0 0 0 0 0 0 0 0 0 0 0 0 0 0 0 0 0 0 0 0 0 0 0 0 0 0 0 0 0 0 0 0 0 0 0 0 0 0 0 0 0 0 0 0 169990257 0 0 0 0 0 0 0 0 0 0 0 0 0 0 212710784 0 0 0 0 0 0 0 0 0 0 0 0 0 0 0 82947707 0 0 0 0 0 0 0 0 0 0 0 0 0 0 0 0 0 0 0 0 0 0 0 0 0 0 0 0 0 0 0 0 164694733 0 0 0 0 0 0 0 0 0 0 0 0 0 0 0 0 0 0 0 0 0 0 0 0 0 0 0 0 0 0 0 0 0
569 421
595 839
324 548
650 88
450 181
751 643
640 701
471 223
358 923
47 148
952 209
276 258
670 435
746 499
958 435
38 19
560 380
242 66
803 768
714 886
435 118
241 590
447 152
313 102
136 572
220 532
912 14
520 242
458 263
435 269
213 435
87 576
63 382
511 908
974 172
311 276
338 175
580 692
270 746
5 597
283 503
110 263
435 865
295 366
851 204
855 435
416 361
521 161
12 471
37 435
833 665
435 996
18 10
435 228
211 74
52 72
723 539
834 865
840 276
435 250
349 867
986 719
290 398
83 961
865 156
448 385
598 449
435 323
11 435
212 454
435 353
798 233
859 108
435 192
697 71
794 769
435 836
548 435
197 50
698 435
633 374
787 784
504 60
279 643
876 92
487 475
845 199
439 930
162 94
681 729
949 688
435 395
435 335
798 479
596 435
766 435
435 209
891 435
618 848
376 435
576 602
164 86
944 428
415 712
435 396
435 533
327 254
164 670
800 289
435 863
577 888
726 435
616 227
645 664
173 325
878 97
435 615
864 276
518 944
743 963
644 854
910 482
570 435
421 998
473 910
636 461
897 1
455 385
405 435
284 16
735 639
435 948
743 753
546 820
643 723
181 435
632 370
905 409
117 916
435 408
282 383
123 627
464 671
997 750
402 214
435 911
557 951
413 294
435 308
381 797
788 828
435 856
35 435
900 435
975 816
416 207
709 343
591 527
435 779
652 622
435 546
435 268
977 435
992 941
796 740
279 131
302 682
513 289
114 699
992 283
339 341
435 595
313 435
462 356
699 933
581 444
435 185
558 288
435 146
255 11
981 504
964 394
781 777
426 10
953 431
216 625
538 848
496 693
647 435
373 435
201 435
432 171
330 37
7 243
435 1000
911 281
857 795
106 435
132 917
69 713
208 744
513 628
684 763
352 4
263 378
435 745
38 665
348 144
116 670
958 862
609 435
160 935
435 6
884 253
398 914
652 794
435 906
399 535
435 259
690 700
227 739
435 752
664 895
34 771
511 783
663 630
991 435
728 295
812 435
695 757
302 300
240 435
44 993
984 435
817 106
587 713
21 660
548 789
563 435
139 244
435 940
435 795
904 537
658 468
435 385
297 435
758 174
435 976
32 284
406 901
970 887
955 972
875 435
61 68
694 750
442 366
435 226
301 435
516 430
775 561
585 712
409 194
673 821
343 435
478 38
685 236
827 419
461 435
251 89
562 108
778 435
137 913
317 629
538 314
18 368
949 190
435 539
520 831
566 623
551 317
673 549
942 379
627 655
141 702
640 23
435 267
187 369
669 972
125 1
581 604
660 656
219 742
814 99
195 295
435 957
978 151
642 59
317 874
569 183
777 558
724 325
178 435
42 805
880 604
435 492
737 438
481 588
520 846
492 541
433 118
367 69
128 626
943 312
727 435
858 435
380 22
319 714
435 515
508 780
435 898
10 881
435 995
142 715
500 259
359 856
722 237
435 962
158 435
843 856
435 169
766 931
435 17
322 103
435 847
435 578
458 387
133 435
644 435
676 435
669 397
630 845
652 505
252 507
435 101
485 962
122 453
545 816
648 530
676 684
785 285
257 494
649 190
63 474
85 30
612 38
538 743
205 693
804 693
697 573
348 435
98 476
435 579
433 849
399 435
435 468
435 254
435 90
435 428
248 837
342 918
2 338
819 309
319 400
686 707
435 204
246 435
395 280
435 341
409 329
689 806
646 184
733 377
70 990
435 770
410 472
234 820
435 904
472 147
732 841
3 284
337 621
809 384
15 4
54 113
582 435
498 638
754 937
403 608
973 435
438 883
435 51
366 318
934 134
776 962
163 474
748 755
230 610
309 501
392 449
680 93
443 178
983 244
432 271
237 119
244 403
892 435
449 420
378 626
18 135
435 606
559 677
479 526
324 696
468 491
107 202
648 553
788 806
177 717
289 340
324 678
435 637
922 168
964 897
921 435
105 659
879 744
435 345
818 435
932 21
155 519
435 275
315 466
630 435
328 471
336 435
42 738
516 435
435 597
720 665
53 365
306 780
754 999
910 435
435 784
413 372
802 435
595 379
553 552
196 536
248 670
435 107
367 237
935 932
435 567
960 911
683 602
41 532
435 631
331 296
602 435
994 435
201 531
540 497
108 686
435 33
966 269
841 435
57 903
483 785
916 799
705 120
832 435
413 331
865 81
435 695
968 435
938 869
287 877
965 31
835 435
435 919
579 619
781 375
435 403
15 761
435 417
114 446
702 55
799 321
76 325
605 299
861 435
540 813
37 404
192 641
105 748
143 462
370 941
938 27
435 975
338 643
249 972
708 694
435 99
317 196
435 109
848 925
964 824
394 135
435 103
502 779
580 435
739 761
183 650
92 542
534 263
435 217
435 171
149 117
668 231
422 933
347 36
69 777
731 435
916 465
855 894
446 529
114 813
298 309
773 435
559 56
866 77
899 785
189 568
520 21
586 444
643 774
124 720
888 996
186 197
435 945
793 295
299 402
651 976
851 274
435 887
435 464
435 956
67 435
601 435
96 303
48 435
435 108
764 636
222 164
221 435
400 750
447 834
435 775
435 293
852 435
435 72
572 435
435 810
37 386
836 216
435 556
489 344
435 390
603 617
718 655
333 615
469 213
435 252
465 71
445 435
238 126
519 356
305 838
435 762
435 771
435 717
159 435
701 214
435 62
741 435
971 297
674 732
700 92
435 382
979 435
126 890
809 435
506 435
145 351
426 261
688 20
374 457
985 815
252 842
265 873
463 376
546 796
954 390
700 881
425 435
760 763
228 967
75 90
437 730
435 129
946 727
435 871
368 634
245 170
326 928
454 435
235 435
435 645
829 435
571 435
435 477
112 435
302 712
600 435
435 729
349 943
308 398
646 435
288 893
310 53
61 273
574 435
794 748
14 435
759 691
807 435
629 224
460 905
435 188
435 262
147 166
385 28
435 419
12 356
896 435
627 240
200 584
564 440
385 150
211 639
509 197
52 885
558 472
256 157
667 386
435 93
435 607
807 555
938 721
666 868
435 564
490 949
276 980
166 193
588 435
679 435
915 550
929 613
933 604
734 405
389 435
459 435
435 479
621 435
104 811
913 435
372 761
856 703
583 435
657 490
161 591
78 354
900 286
982 268
631 203
435 486
435 575
484 111
603 435
944 266
551 364
539 993
276 859
704 888
366 415
872 581
435 317
160 626
391 31
762 467
730 435
922 787
154 435
435 974
435 346
435 278
435 653
905 380
396 988
512 662
379 495
796 316
699 13
413 8
366 786
875 719
435 363
435 903
429 739
259 58
729 749
100 534
310 733
818 844
668 758
620 507
435 46
866 371
848 589
307 615
121 634
403 801
189 888
291 863
522 435
897 882
29 747
915 126
284 115
608 104
378 138
40 764
523 435
918 188
26 246
435 524
666 284
9 744
64 435
435 277
492 782
435 229
511 478
296 98
388 621
435 498
525 950
251 435
245 888
927 411
16 166
416 396
435 614
780 435
803 688
510 823
466 221
792 830
283 113
205 574
435 407
559 646
948 525
590 282
435 456
785 910
218 435
197 435
147 206
484 571
400 325
435 97
59 435
435 30
126 498
418 108
758 435
475 575
498 45
614 635
688 514
790 547
393 338
435 470
442 848
924 435
435 60
376 715
73 435
833 41
493 435
783 659
685 435
554 552
571 593
570 494
909 726
435 736
947 565
210 778
435 80
624 78
637 867
435 790
435 480
95 435
289 435
557 706
435 96
435 710
435 140
780 744
675 678
662 749
435 61
853 621
17 767
576 822
435 424
10 77
272 771
435 934
711 435
217 754
973 232
435 788
435 624
492 772
273 7
452 519
972 435
672 209
435 716
431 295
439 363
883 396
947 553
355 978
626 49
987 917
717 860
127 166
394 29
355 11
369 165
939 181
362 745
585 581
765 435
435 183
435 961
973 94
153 435
435 869
739 799
230 435
825 107
382 357
939 219
166 253
623 414
454 412
435 191
54 304
334 424
435 344
488 927
602 808
48 84
933 367
332 831
705 10
43 673
815 435
445 256
599 764
115 640
688 176
562 79
435 661
734 182
39 150
670 990
941 633
239 668
969 435
275 167
198 286
435 927
21 830
132 435
713 179
959 601
965 435
356 449
435 441
551 260
544 785
989 339
929 240
435 756
434 435
605 648
949 189
25 490
532 264
209 687
435 247
200 399
9 91
738 936
543 870
951 435
897 242
710 591
263 573
36 334
947 53
460 279
350 435
155 304
98 420
42 435
401 951
238 791
926 435
457 505
435 215
750 435
889 783
519 725
528 634
826 435
360 785
148 435
292 109
453 435
435 611
406 644
107 759
435 381
258 517
423 923
305 726
287 252
510 435
69 320
423 435
65 726
592 828
435 82
442 436
902 764
819 574
702 505
310 409
876 618
543 802
1 451
810 850
225 435
36 427
654 405
24 601
62 145
17 594
282 435
623 435
435 130
609 180
265 98
326 513
920 115
907 435
435 74
43 558
499 99
435 369
