1000 607216964
0 0 562509351 0 0 0 0 0 0 434777088 0 0 0 0 0 0 0 0 585967266 0 0 0 232863100 0 0 0 0 0 0 0 0 0 0 0 0 0 0 0 0 0 0 0 0 424588392 0 0 519898479 0 0 0 0 0 0 5942111 0 0 0 0 0 52839565 456485789 0 0 0 0 0 0 0 0 0 0 0 0 0 12610635 0 0 0 407424251 0 0 0 0 0 0 0 0 0 0 0 0 0 0 0 0 0 41819386 0 0 0 0 0 602249413 0 0 0 0 0 0 0 0 0 298992406 0 0 0 47680705 206226625 0 0 0 0 0 0 0 0 0 0 0 0 0 0 0 0 0 0 0 0 0 472975232 82701126 0 0 0 0 0 122002279 0 0 0 0 73163948 0 0 0 0 0 0 548024258 0 112031490 0 0 0 0 0 0 0 0 0 0 0 0 0 0 0 0 0 0 0 540358300 0 380714505 139545676 0 145009341 522629769 0 0 0 0 0 125600688 0 0 0 0 470085549 0 0 470766725 0 490831811 0 0 327261351 0 0 0 0 0 0 0 0 583000442 423350897 0 30431573 0 0 124345368 467050155 0 73240435 316791285 0 356173154 0 355417738 0 0 476834391 0 0 0 0 82739595 0 0 0 0 0 0 0 0 0 0 0 0 0 0 0 0 0 0 0 0 0 0 0 0 0 211854319 0 336870635 0 0 0 0 0 0 524564626 0 0 103037830 0 498359540 0 416912134 0 0 0 0 0 240443539 0 0 0 0 0 0 0 572758149 0 0 0 0 326810567 0 30655727 0 506431298 0 0 0 0 0 0 0 0 0 494751068 0 0 0 0 0 0 0 0 0 0 301449388 0 0 0 0 0 0 0 0 0 0 0 0 0 0 0 0 0 74166854 119905788 0 0 0 0 0 0 0 0 53941463 0 598360297 0 0 478938578 0 0 301451892 0 353354894 0 0 488475789 0 0 0 0 0 0 158980821 0 0 0 0 0 0 0 0 0 0 0 0 0 70766628 0 111779183 0 0 156070342 0 0 0 73091616 0 0 0 0 0 0 0 106616744 0 0 0 0 0 0 0 0 0 0 271663918 0 0 0 0 0 0 497233511 432594005 0 0 0 0 0 0 0 0 0 0 0 0 0 587153557 0 0 0 126059051 0 0 0 0 0 0 0 0 508525543 0 99317154 0 0 435517650 50599444 0 0 0 0 0 0 427972650 0 30202759 0 0 0 0 0 541443231 0 416717089 0 0 0 0 0 0 0 0 0 365264179 0 31877679 129732062 0 0 0 0 0 39694828 590189983 0 354007294 0 0 0 118270666 0 0 0 115288572 0 0 0 222887290 0 246468974 447537855 0 0 0 0 489955386 0 0 0 0 0 341377000 0 0 0 272007788 0 0 0 0 0 0 0 0 0 0 0 0 0 0 0 0 0 0 0 0 0 0 0 0 0 0 0 0 0 0 0 0 0 0 0 0 103935987 0 0 0 64654790 0 0 0 263759831 0 0 334660295 0 0 0 0 0 0 0 0 0 0 0 0 0 0 49042226 0 401124913 0 0 0 0 0 0 0 0 0 0 0 0 0 0 0 588723763 0 0 0 0 0 0 0 0 0 105288622 0 0 123523648 0 0 498821954 0 0 0 394572756 0 508461608 0 0 0 0 0 0 0 0 193434028 0 0 0 0 0 0 0 0 555920130 0 0 0 0 176148902 0 0 0 600493686 278139105 0 223263301 0 0 0 0 0 0 0 0 280343728 0 0 123554991 0 17294295 0 0 0 0 0 0 0 0 0 0 0 0 0 577494999 170557531 0 0 0 323088190 0 0 0 0 0 0 0 0 304106696 0 8172133 0 77799102 189041392 0 0 0 0 0 455371164 0 354969603 0 0 0 0 0 0 0 0 0 0 0 0 0 0 386112393 0 0 0 0 0 0 77043166 0 0 0 0 0 384492287 0 0 0 111636715 358242400 0 0 0 0 0 0 0 0 0 0 522094170 0 275426089 0 0 0 0 0 0 0 0 0 0 0 0 0 0 0 0 0 0 36522142 0 0 0 0 0 0 0 0 0 0 577454020 0 0 507801115 0 0 0 0 351200651 0 0 0 502745567 0 0 0 358677635 0 0 0 0 0 0 0 0 0 0 276357712 0 0 0 0 0 27437787 0 0 0 0 135748403 0 0 0 0 0 0 483765568 0 0 0 592705597 0 0 0 0 0 0 0 354681990 188415682 15729557 0 0 0 0 0 0 0 0 0 0 0 0 0 373517852 0 0 0 593990941 0 0 0 0 0 0 0 143210898 17720203 0 0 0 0 0 0 344718640 0 0 0 0 0 67407964 136558603 0 0 573551960 0 0 0 264971741 0 0 0 0 0 499215658 0 75415975 0 0 0 0 235371606 529972560 0 496430163 74822228 0 322248537 0 0 0 0 0 0 0 449599129 0 0 0 544123432 0 0 0 0 0 0 61714141 0 67215763 0 231360240 0 0 0 196908364 0 0 0 498602756 0 0 0 0 0 0 0 0 0 279483765 0 0 0 0 0 0 281028976 0 0 0 0 0 0 0 0 105254795 0 0 0 0 0 0 512949946 0 0 288577399 142764189 0 0 583414347 0 0 0 0 0 0 0 0 0 0 0 0 0 602387739 0 0
757 141
378 194
836 307
98 141
289 952
162 791
951 390
70 593
781 678
825 929
141 415
169 981
998 590
141 909
715 141
141 480
646 548
162 270
426 496
802 562
152 663
141 554
581 742
141 951
141 779
611 674
538 481
676 546
436 910
141 544
702 26
32 800
206 188
591 729
542 68
632 753
864 914
141 803
251 942
986 363
938 370
827 589
147 347
945 449
945 841
141 218
79 141
671 889
80 290
718 247
344 766
141 957
870 751
84 179
438 152
312 514
305 431
600 141
989 174
468 484
255 659
85 243
948 618
572 311
264 571
886 141
711 475
647 701
367 306
650 141
141 327
538 764
643 325
690 141
308 269
45 141
644 141
862 134
564 598
814 953
815 302
556 52
339 997
798 224
155 485
726 983
479 301
167 770
649 141
272 618
141 855
661 693
407 629
926 254
746 960
405 854
141 568
60 80
984 715
141 709
220 358
963 285
33 675
202 387
497 214
440 141
345 668
141 26
606 996
141 833
993 202
462 190
662 300
521 480
141 851
501 961
171 18
141 932
190 398
549 950
277 777
866 233
380 141
140 235
399 462
444 325
6 816
679 141
141 595
547 123
960 953
338 141
333 284
502 141
499 915
395 50
846 354
338 129
793 925
810 169
969 141
786 123
624 197
859 141
338 221
666 610
737 66
112 83
23 141
141 710
492 222
141 610
646 505
264 317
838 463
168 881
411 141
580 877
687 67
494 141
282 906
503 511
185 956
462 878
350 663
138 141
141 86
167 416
433 501
91 141
293 192
510 402
141 282
141 853
141 616
903 63
279 704
879 421
454 141
141 574
141 286
141 235
157 55
975 25
96 516
321 1
846 924
141 364
401 946
611 141
534 402
801 300
215 230
434 409
141 888
887 141
428 677
141 585
159 361
640 343
54 534
141 952
588 216
141 865
733 37
141 424
364 117
141 340
576 26
141 60
877 309
337 141
154 410
822 271
66 229
141 283
903 535
5 776
141 662
707 970
172 360
165 844
829 141
284 334
904 703
141 94
28 445
211 626
804 89
584 797
905 770
88 599
524 924
141 902
232 740
827 474
173 807
562 141
141 459
345 612
141 29
145 163
389 87
223 545
141 741
557 553
186 594
399 519
237 168
71 141
466 735
977 75
306 78
175 415
371 141
719 180
141 210
141 513
964 141
168 149
141 818
93 640
727 298
581 312
141 65
897 107
22 141
788 436
671 501
305 182
268 141
895 141
137 528
509 141
703 627
315 824
661 141
575 991
871 486
387 868
291 141
70 549
914 141
258 82
586 137
12 543
21 187
944 684
291 840
790 696
67 141
310 294
310 198
141 109
69 457
412 873
141 830
141 935
79 772
771 718
540 715
884 542
156 285
882 49
73 893
839 141
403 821
551 967
141 158
592 323
201 250
741 789
642 141
949 141
108 222
549 811
755 581
721 38
876 916
628 670
809 546
144 353
369 754
637 533
945 141
141 466
611 994
938 640
740 141
650 850
425 184
141 775
692 194
141 139
864 64
787 141
54 44
348 258
202 496
386 471
141 429
622 775
442 426
141 351
70 95
141 441
459 780
141 547
132 141
511 321
141 688
767 687
448 594
48 453
435 13
877 141
470 256
420 342
783 141
409 141
705 808
141 898
513 489
141 376
284 759
335 141
427 669
67 697
322 613
412 153
51 7
141 825
640 920
657 396
144 776
990 646
141 807
667 354
216 524
141 101
665 141
418 515
527 472
218 974
774 328
351 430
55 858
68 795
474 90
477 536
183 516
401 785
583 196
907 382
113 38
90 164
247 506
280 141
632 141
928 126
262 389
5 46
722 157
525 596
16 401
53 141
500 225
127 828
115 909
141 251
532 751
108 707
207 155
110 276
972 463
324 141
141 798
366 935
419 583
602 509
141 686
940 141
589 206
312 141
52 998
141 114
111 421
141 177
805 734
463 141
879 883
77 499
99 69
999 141
141 685
376 790
713 391
141 817
634 284
141 784
141 304
1 141
141 406
720 733
268 635
331 916
646 557
920 418
637 361
188 719
12 274
933 75
935 749
141 307
648 444
314 480
231 254
122 692
267 670
25 962
713 387
613 141
54 356
958 794
141 691
534 813
852 93
821 342
461 504
478 886
141 239
467 918
211 507
141 134
141 594
460 141
782 623
119 141
288 91
947 701
628 68
782 452
690 495
349 141
141 455
598 265
653 141
389 141
20 234
328 432
650 578
359 141
31 185
141 252
645 141
677 141
525 675
846 203
146 736
373 437
141 42
680 141
798 73
208 575
983 141
189 517
530 417
751 908
554 663
913 102
141 963
458 468
236 594
63 292
244 935
542 941
255 76
62 758
312 880
32 921
708 141
446 141
381 12
336 141
88 141
690 754
63 141
294 28
915 141
689 591
347 263
861 792
347 141
719 796
523 196
937 436
976 692
810 281
537 970
368 60
141 573
940 875
204 364
766 644
148 706
184 8
413 435
885 937
298 141
698 40
141 277
141 168
375 105
346 295
410 242
728 905
554 151
482 90
965 14
126 992
551 291
19 608
869 62
2 157
125 573
141 987
70 205
141 266
512 668
271 937
369 806
300 287
365 654
669 896
57 426
843 143
564 583
250 618
654 141
304 52
433 676
141 358
712 141
768 329
915 658
141 579
470 739
33 817
388 141
141 320
488 739
930 277
141 51
342 141
259 363
765 506
828 402
933 120
614 110
245 33
826 890
678 234
545 679
25 404
959 700
730 687
628 462
193 989
441 933
293 141
837 618
52 763
21 791
955 469
776 791
975 95
272 361
284 367
70 820
135 141
982 196
141 587
482 306
138 925
84 681
899 669
652 723
141 657
960 633
211 195
181 387
24 141
871 141
746 810
406 146
868 607
703 349
812 184
819 205
361 196
541 639
141 561
358 82
141 261
807 407
451 139
26 609
638 121
172 318
990 97
342 684
4 476
141 477
41 939
163 141
100 141
874 444
538 222
743 83
141 745
439 299
647 141
460 604
141 992
58 141
141 900
724 254
141 11
857 733
341 666
329 141
345 141
141 375
966 887
856 310
313 141
395 216
678 315
141 228
733 58
141 401
133 183
747 141
373 141
235 425
40 141
447 672
138 472
225 678
78 717
141 729
367 121
778 831
997 921
67 377
30 647
682 544
141 240
141 532
715 423
443 606
969 936
363 593
141 558
520 289
18 200
739 954
960 234
34 63
639 141
461 234
615 721
794 677
394 372
297 17
555 141
124 538
141 744
141 476
550 295
363 722
238 459
397 209
273 675
141 725
965 997
606 141
326 992
912 141
218 849
141 517
383 141
546 508
443 842
822 761
141 414
92 141
249 72
141 219
148 562
141 897
47 141
518 141
362 205
153 445
374 141
316 141
227 547
695 141
559 676
141 249
619 141
291 694
408 251
439 38
546 941
28 490
153 640
176 360
303 216
68 566
731 141
60 748
203 122
797 450
760 216
961 598
141 302
264 810
102 723
271 130
176 213
106 374
141 38
199 362
141 384
931 696
937 664
923 141
630 999
709 799
317 791
673 995
664 465
400 921
646 190
141 569
621 435
169 973
922 49
225 250
58 705
405 518
521 669
141 485
971 204
141 15
141 410
952 118
979 141
141 269
853 756
26 6
560 838
170 968
392 141
316 467
295 141
222 330
695 570
970 180
917 372
141 927
641 364
141 716
395 997
248 115
141 150
950 66
141 278
139 137
141 39
172 160
166 926
141 995
539 400
141 226
739 141
198 863
32 141
713 883
36 705
79 565
762 141
655 295
766 217
823 891
531 212
256 422
433 988
56 264
534 268
475 141
141 980
409 847
479 241
464 866
605 141
457 70
213 141
493 251
141 577
194 683
141 620
117 128
17 920
231 505
146 872
178 141
141 752
884 385
141 209
456 928
141 848
683 774
901 294
143 601
331 71
845 422
891 43
26 133
522 389
141 831
834 678
722 444
361 891
233 141
603 141
660 896
985 541
20 738
563 141
141 582
420 379
141 651
468 813
35 750
961 257
803 699
700 83
575 141
792 88
110 117
575 279
552 42
443 131
81 829
141 241
751 355
141 260
932 922
141 170
322 934
215 867
372 141
594 601
579 631
551 734
592 530
624 690
141 214
491 141
9 141
141 750
700 141
253 479
319 141
685 332
373 826
3 141
141 955
856 130
769 900
136 399
119 894
860 762
25 436
161 743
191 2
531 141
206 911
141 626
141 41
632 656
141 104
567 118
868 487
141 773
311 437
185 547
141 978
141 453
513 758
796 597
141 452
296 141
57 683
621 40
74 349
759 892
27 871
141 529
119 473
141 450
711 382
352 84
47 636
84 337
141 447
141 165
141 275
141 714
759 102
323 116
414 498
868 12
157 230
685 357
879 652
166 343
804 141
919 141
380 526
1000 989
946 617
835 619
193 425
337 171
481 144
608 108
393 130
262 471
141 61
374 832
141 76
141 943
925 59
142 521
141 85
900 305
561 625
32 732
10 974
141 530
483 526
159 103
246 518
770 313
462 718
