1000 497
0 0 0 0 0 0 0 0 0 0 0 0 0 0 0 0 0 0 0 0 0 0 0 0 0 0 0 0 0 0 0 0 0 0 0 0 0 0 0 0 0 0 0 0 0 0 0 0 0 0 0 131 0 0 0 0 0 0 0 0 0 0 0 0 0 0 0 0 0 0 0 0 256 0 0 0 0 0 368 0 0 0 0 0 0 0 0 0 0 0 0 0 0 0 0 0 0 0 0 0 0 0 0 0 0 0 0 0 0 0 0 0 0 0 0 0 0 0 0 0 0 0 0 0 0 0 0 0 0 0 0 168 0 0 0 0 0 0 0 0 0 0 0 206 0 0 0 0 0 0 0 0 0 0 0 314 0 0 0 0 0 0 0 0 0 0 0 0 0 0 0 0 0 0 0 0 0 0 0 0 0 0 0 0 0 0 0 0 0 0 0 0 0 0 0 0 0 0 0 0 0 0 0 0 0 0 0 0 0 0 0 0 0 287 0 0 0 0 0 0 0 0 0 0 0 0 0 0 0 0 0 0 0 0 0 0 0 356 0 0 0 0 0 0 0 0 0 0 0 0 0 0 0 0 0 0 0 0 0 0 0 0 0 0 0 0 0 0 0 0 0 0 0 41 0 0 0 0 0 0 0 0 0 0 0 0 0 0 0 0 0 0 0 0 0 0 0 0 0 0 0 0 310 0 0 0 0 0 0 0 0 0 0 0 0 0 0 0 0 0 0 0 0 0 0 0 0 0 0 0 0 0 0 0 0 0 0 0 0 0 0 0 0 0 0 0 0 0 0 0 0 0 0 0 0 0 0 0 0 0 0 0 0 0 0 0 0 0 0 0 0 0 0 0 0 0 0 0 0 0 0 0 0 0 0 0 0 0 231 0 0 0 0 0 184 0 0 0 0 0 0 0 0 0 0 0 0 0 0 0 0 0 0 251 0 0 0 0 0 0 0 0 0 0 0 0 0 0 0 0 0 0 0 0 0 0 0 0 0 0 0 73 0 0 0 0 0 0 0 192 0 0 0 0 0 0 0 0 0 0 0 0 0 0 0 0 0 0 0 0 0 0 0 0 0 0 0 0 0 0 0 0 0 0 0 0 0 0 0 0 0 0 0 0 0 0 0 0 0 0 0 0 0 0 0 351 0 0 0 0 0 0 0 0 0 0 0 0 0 0 0 0 0 0 0 0 0 0 0 0 0 0 0 0 0 0 0 0 0 0 0 0 0 0 0 0 0 0 0 0 0 0 0 0 0 0 0 0 0 0 0 0 0 0 0 0 0 0 0 0 0 80 0 0 0 0 0 0 0 0 0 0 0 0 0 0 0 0 0 0 0 0 0 0 0 0 0 0 0 0 0 0 0 0 0 0 0 0 0 0 0 0 430 0 0 0 0 0 0 0 0 0 0 0 0 166 0 0 0 0 0 0 0 0 0 0 173 0 0 0 0 0 0 0 0 0 0 0 0 0 0 0 0 0 0 0 0 0 0 0 0 0 0 0 0 0 0 192 0 0 0 0 0 0 0 0 0 0 0 0 0 0 0 0 0 0 0 0 0 0 0 0 0 473 0 0 0 0 0 0 0 0 0 0 0 0 0 0 0 0 0 0 0 0 0 0 0 0 0 0 0 0 0 0 0 0 0 0 0 0 0 428 0 0 0 0 0 0 0 0 0 0 0 0 0 0 0 0 0 0 0 0 141 0 0 0 0 0 0 0 0 0 0 0 0 0 0 0 0 0 0 0 0 0 0 0 0 455 0 0 0 0 0 0 0 0 0 0 0 0 0 0 0 0 303 0 0 0 0 0 0 0 0 0 0 0 0 0 0 0 0 0 0 0 0 0 0 0 0 0 0 0 0 0 0 0 0 0 412 0 0 0 0 0 0 0 13 194 0 0 0 0 0 0 0 333 0 0 0 0 0 0 0 0 0 0 0 0 0 0 0 0 0 0 0 0 0 0 0 0 0 0 0 0 0 0 0 0 0 0 0 0 0 0 0 0 0 0 0 0 0 0 0 0 0 0 0 0 0 0 0 0 0 0 0 0 0 0 0 0 0 0 0 0 0 0 0 0 0 0 0 0 0 0 0 0 0 0 0 0 0 0 0 0 0 0 0 0 0 0 0 0 0 0 0 0 0 0 0 0 0 0 0 0 0 0 0 0 0 0 0 0 0 0 0 0 0 0 0 0 0 0 0 0 0 0 0 0 0 0 0 0 0 0 0 0 0 0 0 58 0 0 0 0 0 0 0 0 0 0
149 291
689 851
742 948
849 353
742 920
98 989
859 742
766 269
148 93
599 304
2 742
598 742
911 742
803 482
968 742
726 463
595 253
742 99
322 662
507 527
229 534
802 878
433 666
274 5
164 742
173 742
293 535
203 533
670 181
735 438
885 259
720 876
891 951
774 474
688 71
414 758
742 861
192 46
650 917
742 785
742 848
517 16
478 932
742 102
742 813
90 795
742 906
248 668
862 407
235 521
742 41
492 742
653 820
116 158
958 199
450 426
940 63
608 358
271 237
157 742
752 189
487 121
742 869
486 470
866 159
261 535
668 186
312 525
324 566
223 941
482 75
742 535
932 368
742 644
731 77
610 304
897 619
691 249
894 347
395 505
901 223
800 49
742 69
543 224
999 557
544 742
328 201
772 82
122 418
797 537
742 553
439 333
361 494
572 53
742 218
869 631
569 665
723 511
40 742
397 742
742 203
234 189
190 396
653 89
437 84
802 370
226 263
809 891
742 200
371 742
742 405
345 742
246 970
350 327
306 327
498 960
958 392
900 229
577 605
123 566
473 742
297 282
667 481
854 742
833 310
960 742
271 465
389 866
742 568
954 913
1 752
742 52
278 742
966 742
25 58
956 929
847 742
253 165
668 274
709 138
554 866
554 922
326 837
287 749
303 291
245 673
959 742
104 742
718 348
742 320
554 351
742 131
194 329
234 390
43 388
744 506
273 150
480 301
846 742
913 742
623 352
538 742
868 742
80 89
249 832
117 742
183 742
216 584
661 459
455 629
742 694
106 486
940 804
742 978
300 655
449 265
606 738
853 861
742 72
94 220
465 6
19 583
742 885
324 445
742 896
821 805
527 397
256 940
742 751
576 377
403 742
787 126
745 962
680 617
944 404
925 658
556 933
258 677
479 400
340 337
139 650
312 393
540 867
891 806
61 98
550 961
494 370
317 588
378 788
934 381
660 72
321 229
926 829
656 758
510 742
358 298
742 652
783 949
727 742
435 283
515 742
386 350
124 712
742 558
742 995
742 812
438 742
156 543
672 512
557 742
955 429
714 805
597 368
336 250
526 508
621 763
993 831
947 500
742 147
661 664
539 742
850 742
37 262
740 117
373 589
789 274
709 141
759 979
161 143
651 287
742 211
742 991
742 737
375 255
832 295
932 110
761 983
902 742
928 266
969 382
742 795
31 742
742 95
692 696
772 603
742 726
919 207
883 628
758 897
276 662
824 112
155 863
742 790
781 406
26 466
309 12
786 946
171 564
632 81
275 875
789 560
601 239
708 607
742 370
213 914
681 742
803 900
635 814
742 149
62 857
701 742
807 935
742 141
236 990
170 328
938 151
983 649
870 413
881 3
603 669
442 331
912 293
578 11
402 887
811 509
680 772
134 996
742 452
308 414
729 191
1 606
422 964
894 969
365 248
137 742
415 742
337 565
292 742
288 342
939 577
719 742
742 425
150 495
464 742
885 722
855 665
143 742
742 730
742 239
146 742
216 370
724 742
395 462
97 742
742 975
52 930
764 84
742 379
434 174
762 338
723 742
142 742
68 173
404 689
202 742
904 217
856 143
177 312
937 742
240 677
278 634
57 401
503 835
476 914
742 59
599 93
66 522
659 742
580 742
742 840
636 188
893 679
839 267
742 612
646 530
651 357
862 614
58 20
434 848
531 68
858 658
620 404
902 899
346 663
815 741
762 351
8 806
742 667
247 742
348 355
54 800
663 742
719 354
726 575
170 927
226 911
949 742
54 742
905 125
518 58
757 987
190 410
253 839
154 713
296 98
919 477
238 307
843 828
879 947
380 742
427 225
742 109
427 214
658 742
451 922
742 892
742 315
286 742
742 980
267 924
552 82
742 461
189 79
742 474
446 742
742 47
713 23
594 982
742 252
186 332
702 953
358 151
813 326
441 742
635 20
311 532
648 25
422 653
888 632
28 742
742 254
262 755
742 363
335 704
965 742
520 100
277 972
742 274
407 133
404 518
697 742
775 805
834 742
742 720
770 51
666 496
206 742
742 838
923 633
742 639
312 662
166 742
85 369
893 238
742 311
827 910
26 757
408 433
833 780
825 742
847 784
453 742
450 742
586 255
699 793
491 802
613 337
742 33
191 317
441 777
742 341
152 51
906 686
300 611
325 472
977 342
179 626
230 742
187 892
299 279
31 524
83 598
231 664
109 490
742 175
205 742
959 132
493 742
971 935
699 163
515 678
602 573
604 166
742 947
10 130
676 289
271 336
674 742
742 992
782 497
973 349
973 742
844 742
247 698
702 742
905 654
835 742
998 742
77 36
748 742
223 742
51 742
742 208
880 390
42 742
742 982
918 986
742 245
239 35
742 578
742 909
742 395
742 877
167 323
742 773
243 988
289 41
600 13
873 542
904 537
334 742
897 290
9 960
707 186
45 512
343 742
381 231
436 745
344 396
699 440
742 845
624 742
145 749
647 517
742 895
874 310
742 979
629 742
546 576
990 96
316 867
742 196
853 188
808 398
111 277
545 742
635 880
625 536
169 818
842 435
305 870
343 443
242 189
955 570
969 406
943 937
122 139
241 187
796 742
320 718
627 172
716 420
824 135
961 243
742 92
493 551
268 955
758 750
910 742
675 993
756 839
376 907
868 299
687 771
587 481
96 563
113 263
826 872
246 693
311 467
915 742
742 468
458 742
348 798
40 15
581 765
749 238
220 612
993 928
626 735
919 160
742 591
747 72
742 767
46 732
916 742
742 228
400 836
927 435
642 857
541 573
583 909
306 502
728 760
742 728
70 248
816 805
178 153
319 147
742 194
705 870
742 457
85 932
411 409
663 64
366 973
256 290
378 405
744 384
126 742
861 17
742 665
24 52
742 383
315 865
330 107
482 766
832 742
323 177
302 742
300 742
742 768
664 950
334 890
428 518
209 391
385 606
742 952
742 521
73 603
742 257
2 39
142 376
485 742
400 147
191 618
173 579
167 308
742 886
504 224
668 671
399 742
898 41
454 765
742 585
742 711
742 100
982 460
742 262
306 48
117 549
442 425
742 375
891 989
742 908
825 643
529 464
69 638
530 414
213 177
30 578
610 738
742 233
392 358
312 314
742 34
136 315
742 605
392 559
742 573
641 413
983 742
339 940
318 806
21 933
109 517
270 230
198 811
799 887
438 733
742 860
204 461
713 475
232 662
247 335
128 889
50 742
742 129
76 832
257 484
742 872
273 347
122 884
359 343
852 388
778 78
182 742
742 18
710 958
72 387
135 561
543 22
624 512
669 333
689 357
959 4
368 695
542 264
160 574
41 871
742 377
282 742
307 502
868 501
753 365
32 426
96 95
541 65
981 910
423 860
742 963
767 444
386 424
157 160
285 545
523 742
891 940
849 742
519 528
742 272
542 534
621 742
742 971
122 595
985 383
197 629
933 742
734 994
590 508
374 754
455 367
364 991
771 742
940 7
567 403
508 141
465 122
251 124
742 640
742 227
742 87
107 245
85 215
645 980
873 822
817 447
195 428
106 373
714 717
458 60
779 56
708 742
848 394
742 713
539 360
551 88
955 170
742 765
514 459
745 12
983 528
967 430
105 742
742 811
419 719
59 471
538 874
134 742
742 46
555 469
742 670
572 594
258 395
278 417
689 794
592 742
67 742
412 248
742 615
118 716
742 487
757 268
280 742
374 742
229 169
881 104
743 149
967 660
488 800
742 775
265 829
371 945
742 10
742 852
742 596
742 600
742 887
956 448
392 888
288 742
547 715
742 171
664 369
969 250
482 566
38 742
682 913
409 67
782 362
700 742
103 34
808 742
427 742
605 905
168 742
665 420
965 432
116 834
820 742
749 313
983 108
275 395
356 742
212 995
742 337
815 681
260 184
657 981
692 594
81 393
177 857
776 395
167 513
123 958
731 66
14 213
903 742
742 786
739 402
222 149
185 742
742 78
706 129
127 661
180 301
624 155
571 873
889 640
702 284
997 736
742 734
74 933
880 499
888 44
830 59
745 742
742 862
401 928
812 469
589 725
984 112
942 823
815 27
562 344
421 742
218 744
259 721
2 782
249 841
976 182
148 829
433 742
71 229
911 986
130 456
916 115
595 801
748 593
633 742
742 66
416 795
71 294
219 402
883 139
120 742
196 819
742 281
514 333
176 770
684 942
827 792
637 244
742 791
489 95
942 742
742 106
487 957
742 29
742 690
685 724
839 809
1000 674
828 180
622 706
91 38
842 609
17 162
483 518
239 961
616 742
742 351
916 431
769 547
447 742
265 843
675 294
124 742
945 210
193 632
790 221
114 448
110 609
711 904
548 302
248 997
277 742
448 742
953 55
623 790
256 683
872 119
810 478
386 552
936 33
84 742
864 846
547 382
974 223
325 742
746 869
180 928
940 153
56 230
268 800
703 52
931 742
1 140
729 742
209 116
867 315
640 246
742 637
627 559
921 229
625 742
882 742
747 101
729 144
993 372
134 516
582 742
272 630
742 344
248 184
86 742
543 742
742 705
742 984
742 163
