1000 251530894
181331629 0 0 0 0 0 0 0 0 0 0 0 0 0 0 0 0 0 0 0 0 0 0 0 0 0 0 0 0 0 0 0 0 0 0 0 0 0 0 26416599 0 0 0 0 0 0 0 0 0 0 0 0 0 0 0 0 47445415 0 0 0 0 0 0 0 0 0 0 90663791 0 0 0 0 0 0 0 0 0 0 0 0 0 0 0 0 0 0 0 0 0 0 0 0 0 0 37040671 0 0 0 0 0 0 0 0 0 0 0 0 0 0 0 0 0 0 0 0 0 0 0 0 0 0 0 0 0 0 0 0 0 0 58924885 0 0 0 0 0 0 0 0 0 0 0 0 0 0 0 0 0 0 0 0 0 0 0 0 0 0 0 0 0 0 0 0 0 0 0 0 200402540 0 0 0 0 0 0 0 0 0 0 0 0 0 0 0 0 0 0 0 0 0 0 0 0 0 0 0 0 0 0 0 0 0 0 0 0 0 0 0 0 0 0 0 0 0 0 0 0 0 0 0 0 0 0 0 0 0 0 0 0 0 0 0 0 0 0 0 0 0 0 0 0 0 0 0 0 0 0 0 0 0 0 0 0 0 0 0 0 0 0 0 0 0 0 0 0 0 0 0 0 0 0 0 0 0 0 0 0 0 0 0 0 0 0 0 0 0 0 0 0 0 0 0 0 0 0 0 0 0 0 0 0 0 0 0 0 0 0 0 0 0 0 0 0 0 0 0 0 0 0 0 0 0 0 0 0 0 0 0 0 0 0 0 0 0 0 0 0 0 0 0 0 0 0 0 0 122273763 0 0 0 0 0 0 0 0 0 0 0 0 0 0 0 0 0 0 0 0 0 0 0 0 0 0 0 117132451 0 0 0 0 0 0 0 0 0 0 0 0 0 0 0 0 0 0 0 0 0 0 0 0 0 0 0 0 0 0 0 0 0 0 0 0 0 0 0 0 0 0 0 0 0 0 0 0 0 0 0 0 0 0 0 0 0 0 0 0 0 0 0 0 0 0 0 0 0 0 0 0 0 0 0 0 0 0 0 0 0 0 0 0 0 0 0 0 0 0 0 0 0 0 60468540 0 0 0 0 149381269 0 188715517 0 0 0 0 0 0 0 0 0 0 0 0 0 0 0 0 0 0 0 0 0 0 0 0 0 0 0 0 0 158307017 0 0 0 0 0 0 0 0 0 0 0 0 0 0 0 0 0 0 0 0 0 0 143575902 0 0 0 0 0 0 0 0 0 0 0 0 0 0 0 0 0 0 0 0 0 0 0 0 0 0 0 0 0 0 0 0 0 0 0 0 0 0 0 0 0 0 0 0 0 0 0 0 0 0 0 0 0 0 0 0 0 0 0 184585310 0 0 0 0 0 0 0 0 0 0 0 0 0 0 0 0 0 0 0 0 0 0 0 0 0 0 0 0 0 0 0 0 0 0 0 140808691 0 0 0 0 0 0 0 0 0 0 0 0 0 0 0 0 0 0 0 0 0 0 0 0 0 0 0 0 0 0 0 0 0 0 0 0 0 0 0 0 0 0 0 0 0 0 0 0 0 0 0 0 0 0 0 0 0 0 0 0 0 0 0 0 188853917 0 0 0 0 0 0 0 0 0 0 0 0 0 0 0 0 0 0 0 80281642 0 0 0 0 0 0 220460761 0 0 220728479 0 0 0 0 0 0 0 0 0 0 0 0 0 0 0 0 0 0 0 0 0 0 0 0 0 0 0 242863072 0 0 0 0 0 0 0 0 0 0 0 0 0 0 0 88237585 0 0 0 0 0 0 0 0 0 0 0 0 0 0 0 0 0 0 0 0 0 0 0 0 0 0 0 0 0 0 0 0 0 0 0 0 0 0 0 0 0 0 0 0 0 0 0 0 0 0 0 0 0 0 0 0 0 0 0 0 0 0 0 0 0 0 0 0 0 0 0 0 0 0 0 0 0 0 0 0 0 0 0 0 0 0 0 0 0 0 0 0 0 0 0 0 0 0 0 0 0 77123507 0 0 0 0 0 0 0 0 0 0 0 0 0 0 0 0 0 185145627 0 0 0 0 0 0 27784863 0 0 0 0 0 0 0 0 0 0 0 0 0 172079213 0 0 0 0 0 0 0 0 0 0 0 0 0 0 0 0 0 0 0 0 0 0 0 0 0 0 0 0 0 0 0 0 0 0 0 0 0 0 0 0 0 0 0 0 0 0 0 0 0 0 0 0 0 180067903 0 0 0 0 0 0 0 249845428 100839991 0 0 0 0 0 0 0 15548812 0 0 0 0 0 0 0 0 0 0 0 0 0 0 0 0 235980528 0 0 0 0 0 0 0 0 0
272 282
298 282
549 31
56 109
526 178
510 255
610 273
135 477
863 282
194 262
939 115
282 93
320 282
659 889
234 551
282 742
572 282
282 361
91 542
874 7
152 718
420 571
185 208
315 128
886 580
270 670
216 585
569 496
282 11
846 987
282 656
153 271
676 370
708 523
209 679
612 412
300 689
310 944
477 581
384 876
659 34
567 282
431 282
837 282
200 717
228 551
453 311
781 684
771 282
282 154
426 228
80 503
844 498
697 138
592 477
875 282
942 282
449 997
193 282
784 413
282 589
942 649
214 126
918 282
792 984
68 282
969 711
256 342
516 62
393 925
269 107
620 272
545 628
541 885
362 282
655 444
282 136
257 994
315 938
282 171
528 156
721 282
3 629
524 881
282 29
282 487
96 99
245 777
282 474
282 497
352 394
395 122
807 683
409 469
53 315
749 759
333 328
282 750
282 206
949 216
821 604
590 564
282 401
994 733
626 145
6 336
511 251
282 239
911 484
769 473
170 355
496 380
90 282
282 353
365 282
866 282
560 780
857 550
2 191
282 407
960 799
582 628
655 374
724 657
857 282
818 378
339 386
127 69
218 577
112 235
998 137
782 753
160 942
319 496
262 644
912 747
740 375
282 834
582 282
752 556
570 610
196 195
925 133
282 9
120 907
803 760
282 75
556 482
345 2
976 686
548 442
470 58
282 986
159 627
580 108
282 152
174 282
95 988
967 384
282 896
282 348
789 654
282 19
282 457
282 568
282 417
7 270
668 282
133 377
507 630
282 113
432 394
292 574
27 633
97 224
282 943
132 785
634 478
488 369
157 398
618 282
598 282
963 535
217 680
844 486
632 969
78 179
678 454
228 177
884 688
282 995
770 282
282 888
43 997
338 981
441 925
190 282
832 160
307 373
278 300
179 992
89 777
257 749
306 983
775 333
147 282
216 282
415 282
702 5
282 795
282 283
309 950
282 331
475 692
282 819
183 674
564 282
253 230
282 539
940 308
71 846
282 979
993 791
994 685
81 189
10 786
807 37
300 149
553 282
282 460
282 554
638 248
144 282
384 204
172 311
543 352
764 165
385 838
282 50
264 866
340 346
266 219
849 282
703 92
314 59
814 559
282 599
579 649
345 808
623 205
951 682
282 563
983 173
456 482
344 282
32 282
983 815
200 990
282 39
339 728
950 858
462 182
479 209
183 282
602 171
823 282
175 631
282 619
431 591
514 446
415 664
148 628
79 153
847 282
282 72
282 663
318 192
637 50
332 282
282 286
991 282
321 313
531 95
139 882
406 596
101 282
526 80
282 706
74 416
421 229
932 22
77 282
768 282
515 713
914 619
282 739
605 354
846 597
646 324
282 606
335 144
427 31
625 282
902 49
523 841
935 937
179 282
415 1000
282 371
762 26
30 606
838 587
443 330
897 532
878 120
471 619
580 282
777 282
642 282
372 653
828 908
611 282
378 282
63 773
968 629
481 518
464 752
64 282
114 903
428 282
317 483
898 555
124 749
608 282
282 396
282 695
86 282
137 982
99 997
256 282
282 980
999 719
181 738
19 85
364 996
402 317
223 247
238 282
893 417
913 282
282 121
265 795
225 538
319 504
418 241
222 55
264 811
4 235
489 226
280 282
282 155
819 494
275 282
657 757
809 282
868 974
603 452
44 282
493 436
929 444
654 192
228 573
329 822
976 623
452 595
102 985
755 7
282 269
825 809
327 431
288 137
850 259
514 381
404 709
397 302
936 282
98 584
282 639
897 790
540 951
287 282
449 468
646 282
37 941
120 282
227 282
264 176
756 917
881 143
170 239
282 388
17 282
105 250
558 824
700 74
69 308
790 223
282 7
103 890
941 356
299 286
424 605
600 464
614 311
805 531
351 891
732 282
699 465
428 578
282 106
457 111
258 210
820 368
287 463
282 923
81 282
586 282
159 955
119 424
282 623
252 331
660 306
941 535
516 612
65 282
654 334
943 787
477 159
388 309
778 282
388 281
909 282
282 347
914 461
322 282
116 720
526 994
27 848
64 290
751 282
308 102
558 977
844 98
859 783
632 131
765 764
430 937
282 399
282 262
110 58
873 784
654 366
123 809
35 976
412 925
391 791
423 435
856 282
761 865
824 677
40 995
280 316
130 208
201 663
669 282
282 303
930 217
612 788
233 542
282 295
73 334
595 593
218 282
901 282
238 956
282 302
405 370
616 234
282 802
711 6
459 282
535 557
410 341
966 282
223 180
352 338
37 409
806 226
571 976
841 282
531 479
758 36
36 282
946 529
744 878
601 652
684 109
494 736
282 317
883 917
694 345
717 522
844 989
129 282
287 710
387 699
438 921
164 235
251 145
906 401
387 255
800 268
389 282
726 65
605 228
282 25
331 490
690 141
339 648
282 13
501 771
549 51
981 799
654 204
282 879
558 662
712 282
592 658
798 331
557 859
467 28
900 363
304 158
512 282
688 465
305 713
846 935
630 282
314 773
767 282
282 659
68 731
276 773
282 870
962 651
282 908
540 999
282 701
282 702
854 489
16 282
938 364
785 343
772 198
493 625
330 279
840 864
82 451
544 308
329 883
871 282
707 282
282 297
179 411
730 931
661 282
84 243
88 76
667 456
338 47
32 530
717 844
400 917
23 786
57 596
94 304
810 169
81 617
282 700
191 618
140 475
738 713
481 512
849 959
282 236
282 560
880 234
379 282
217 628
282 418
358 644
282 502
183 650
98 613
761 282
600 126
251 102
21 496
421 711
258 282
221 282
422 991
186 552
887 46
282 546
534 14
138 562
434 282
282 253
588 966
765 853
631 801
533 282
282 439
926 306
607 660
310 396
508 92
910 700
555 282
516 263
390 810
745 694
282 55
975 260
392 159
206 240
814 707
89 146
117 7
339 282
273 455
406 20
98 552
916 885
488 329
647 631
565 185
569 831
467 145
933 282
947 810
150 282
621 948
884 962
586 796
286 690
792 203
296 10
946 379
268 282
991 88
437 44
220 282
826 384
803 190
231 650
653 282
256 769
363 922
282 476
615 871
282 15
357 282
282 747
301 282
520 840
382 530
185 249
830 42
370 282
84 442
693 282
654 329
282 839
451 282
94 22
939 805
124 864
594 101
282 565
333 542
549 958
850 282
307 961
96 282
198 754
282 138
282 869
37 376
862 701
610 202
610 671
425 184
851 647
868 675
282 931
482 195
540 843
271 643
161 204
279 282
794 880
513 514
319 845
537 282
286 429
790 94
813 837
341 435
244 419
505 933
969 114
754 282
464 271
776 986
812 794
282 232
341 286
952 294
248 951
918 122
827 480
472 450
282 66
349 945
282 899
54 282
902 282
645 533
698 282
737 58
953 880
801 282
655 8
797 282
41 482
973 282
118 182
244 673
328 143
105 447
282 284
282 363
282 266
792 741
964 817
167 284
549 89
536 37
226 238
852 282
282 244
173 996
773 282
665 282
842 64
722 729
407 636
277 377
641 282
282 134
282 848
414 375
475 282
77 905
783 385
97 574
972 976
3 866
709 251
508 839
786 666
622 272
714 282
274 335
282 860
261 328
499 464
133 717
439 678
626 153
951 928
369 213
282 961
894 223
135 957
770 311
325 731
159 805
978 70
282 452
445 452
199 282
851 672
725 282
252 18
26 282
68 293
282 10
282 288
337 569
962 938
748 577
349 282
528 159
841 447
749 70
235 774
187 179
398 833
884 207
947 282
720 965
212 209
58 282
45 8
282 14
746 479
495 792
942 576
204 209
282 934
282 83
600 779
282 817
672 624
610 282
547 893
683 400
894 552
168 62
261 660
879 100
472 548
466 282
537 8
282 574
735 286
282 414
192 734
399 763
553 681
282 868
823 188
462 475
724 282
61 143
969 48
282 500
887 282
282 142
884 166
412 527
947 448
485 14
823 24
867 768
513 879
300 833
727 732
678 804
861 282
911 163
282 704
425 124
869 601
794 596
1 282
162 119
282 391
127 162
109 207
241 383
282 696
563 291
42 282
720 282
282 855
52 901
440 984
566 437
326 204
870 793
289 89
282 785
466 60
635 282
282 816
753 282
491 130
477 713
282 561
975 700
516 333
551 33
911 117
235 282
778 691
300 872
526 237
831 195
158 12
668 705
267 901
282 969
891 282
282 765
444 521
38 741
254 208
970 833
282 766
609 816
477 492
433 282
829 716
687 221
715 783
282 438
215 268
954 891
741 693
877 407
466 84
44 525
843 282
883 139
774 927
835 306
94 197
575 282
367 308
458 144
282 558
506 631
723 62
282 294
94 592
130 920
480 896
312 739
716 517
282 583
162 104
20 510
285 465
831 820
394 282
323 845
246 742
346 16
403 218
833 71
282 924
869 509
823 971
584 836
286 151
621 193
784 282
526 845
892 282
30 743
763 904
937 715
360 313
885 282
282 890
282 87
282 478
840 687
723 125
611 919
450 895
604 831
51 211
88 729
225 282
519 294
282 640
571 67
242 282
359 550
915 282
193 321
716 282
282 350
408 405
