1000 449
0 0 0 138 0 0 0 0 0 0 0 0 0 0 0 20 0 0 0 0 0 0 0 0 0 0 0 0 0 261 0 0 0 139 0 100 0 265 0 257 0 0 203 0 395 0 0 0 0 0 0 0 0 0 0 202 0 124 448 0 0 0 0 0 0 0 320 0 0 85 0 0 0 265 142 0 0 0 0 0 158 258 0 0 0 0 0 0 130 361 0 0 214 0 0 0 0 0 0 0 0 0 0 0 0 0 0 0 0 0 0 0 0 68 0 0 0 0 0 0 0 0 0 0 0 0 0 0 0 0 0 0 0 0 0 0 0 438 0 0 0 0 0 0 0 0 0 0 163 0 0 0 0 0 0 397 0 0 0 0 0 189 0 0 0 0 0 285 0 0 0 0 291 0 390 0 387 0 0 0 191 0 0 0 0 0 0 0 0 0 0 0 236 0 0 0 0 172 0 0 0 0 0 0 78 0 0 352 59 0 0 0 190 175 0 0 0 0 0 0 0 0 7 341 0 0 0 0 0 0 0 247 0 0 109 0 0 0 0 0 0 364 385 0 0 0 0 0 0 413 0 0 0 0 0 0 0 0 0 0 0 0 0 0 0 0 0 190 0 281 0 0 0 189 0 128 0 0 0 0 57 0 0 0 0 0 0 0 0 0 0 0 0 0 0 0 0 0 0 107 0 0 0 0 0 269 0 149 0 0 0 289 0 258 0 0 0 0 48 0 0 0 0 0 0 0 0 0 0 0 0 0 327 0 0 0 368 0 0 0 0 396 0 288 70 0 0 0 0 0 0 0 0 0 0 115 0 0 10 0 0 0 0 0 0 0 0 0 273 0 0 0 0 0 48 0 0 0 0 0 0 0 0 0 0 0 0 0 0 0 161 0 0 0 0 0 0 130 217 0 0 0 77 0 0 0 0 0 0 246 0 0 0 0 0 0 0 0 195 0 0 0 0 0 0 127 0 0 400 0 0 0 0 0 275 341 0 0 0 431 0 0 0 0 0 0 0 0 0 0 0 219 0 0 0 0 0 0 0 0 0 0 0 0 0 0 0 187 0 0 0 0 0 0 0 0 0 0 0 0 0 0 0 0 0 340 60 0 0 0 0 0 116 325 0 0 134 0 0 97 0 0 0 0 332 0 282 309 0 0 0 178 358 0 0 47 0 425 0 0 0 0 0 144 0 0 0 23 0 328 0 0 158 0 0 0 0 0 0 128 0 0 0 0 0 0 0 0 0 0 14 0 0 0 0 0 0 0 277 0 373 0 0 0 0 307 0 0 0 0 0 0 0 0 0 0 0 0 261 0 0 0 0 0 0 0 0 0 0 0 0 0 263 0 0 68 0 0 0 0 0 0 0 0 235 0 0 432 0 357 0 0 0 437 236 0 0 0 0 0 0 429 0 370 0 0 0 405 76 0 0 0 0 339 0 0 0 0 0 0 0 0 0 0 0 0 0 71 0 0 0 0 166 0 0 67 133 0 0 0 0 0 0 0 289 0 0 0 0 0 0 0 0 0 0 0 326 0 0 0 0 160 0 0 316 0 0 0 0 0 0 0 0 212 0 0 0 440 0 0 0 221 0 0 0 0 0 0 0 0 0 0 0 0 175 0 311 0 0 0 0 0 141 0 166 0 0 0 0 0 0 53 0 0 0 428 0 0 0 0 0 405 0 80 0 253 0 401 0 0 0 0 346 0 401 0 0 85 0 0 0 0 353 0 0 17 0 0 177 0 0 0 0 0 0 0 0 0 0 0 0 205 0 0 0 0 335 84 0 0 0 0 0 0 0 0 0 6 0 0 0 0 0 0 0 448 0 0 0 309 17 121 0 0 0 0 82 0 0 0 0 0 0 0 0 0 0 0 0 0 70 108 0 263 0 0 0 0 0 0 99 0 0 0 0 0 0 0 0 0 433 0 0 215 0 0 0 0 0 0 0 0 0 0 0 0 0 47 0 72 0 0 0 0 0 0 30 0 0 0 0 0 0 0 0 0 429 0 421 0 244 0 0 0 0 0 0 299 0 187 0 0 0 0 0 0 419 0 0 0 0 0 0 87 0 0 127 149 0 0 0 0 0 0 0 0 0 0 0 0 0 0 0 0 0 46 0 0 0 322 0 0 0 0 0 0 0 0 0 0 0 0 0 0 0 0 0 0 0 0 0 0 0 72 0 0 0 0 0 0 0 0 0 0 0 291 0 0 185 0 0 0 0 375 0 0 0 0 435 405 0 0 0 0 0 0 395 0 0 151
235 471
465 611
455 611
806 94
145 755
898 622
614 678
552 146
632 360
716 895
596 635
454 990
611 968
398 122
710 48
611 49
881 611
997 789
611 577
303 903
179 746
601 576
438 205
558 611
150 611
369 479
810 85
888 726
71 80
223 918
767 88
799 337
437 222
724 585
948 877
563 168
303 167
783 949
457 70
611 39
611 220
611 289
611 871
84 561
649 857
134 805
889 181
611 629
77 413
246 611
611 95
611 44
609 707
611 715
430 286
893 367
783 975
563 229
806 748
307 65
912 611
575 847
427 139
611 913
363 611
208 697
972 573
40 628
206 488
132 661
197 309
611 923
215 390
402 611
146 954
958 940
611 26
725 680
441 62
967 97
611 661
702 566
379 343
589 50
1000 706
611 668
611 884
516 718
986 380
786 985
851 448
551 911
793 248
841 611
863 295
155 611
770 214
895 241
723 781
948 586
255 400
39 673
313 13
39 612
249 609
822 753
117 494
928 506
914 440
477 790
639 884
544 509
611 750
611 330
611 46
341 39
452 611
452 428
611 672
804 353
835 763
611 835
404 351
288 55
611 193
476 3
582 959
424 611
611 575
184 163
290 752
471 686
62 611
401 141
676 528
572 993
554 728
773 806
611 285
865 333
592 815
20 210
618 83
939 420
611 803
280 348
780 142
102 136
690 551
743 950
800 64
869 752
161 499
551 106
299 128
997 63
397 159
484 611
980 184
243 442
517 325
430 611
624 227
636 356
705 280
577 491
585 265
600 611
383 388
539 711
816 611
611 963
814 499
611 885
901 644
312 105
969 158
888 184
466 611
703 611
611 879
779 425
606 256
4 934
475 313
437 637
611 991
366 597
611 849
354 292
836 163
832 611
475 79
782 942
663 275
343 393
98 447
611 994
62 776
120 909
571 972
891 611
10 12
864 134
478 843
611 82
943 311
453 334
386 34
726 258
611 842
795 952
166 885
614 611
653 611
705 611
351 172
541 527
720 906
611 142
356 347
607 238
374 504
848 356
913 18
446 192
359 932
37 665
251 346
152 611
752 507
438 557
415 610
809 735
792 131
242 457
932 461
232 563
447 610
175 611
611 579
611 248
39 6
47 73
837 611
88 611
38 492
827 685
765 927
868 813
49 259
611 660
595 909
490 964
301 182
993 896
537 835
445 349
10 532
590 611
611 790
713 611
325 611
343 328
755 611
216 97
160 611
497 611
255 917
611 531
611 263
611 504
22 795
188 611
611 269
928 611
587 789
611 518
845 170
340 508
288 492
611 645
718 277
145 41
689 436
273 611
39 712
813 194
306 575
828 366
786 249
719 285
943 611
157 611
661 418
611 384
85 874
950 75
104 153
350 131
187 373
946 44
764 611
611 405
376 976
456 686
960 812
753 611
790 227
105 233
836 882
604 611
904 322
144 92
611 959
403 458
597 696
416 487
445 395
611 840
611 36
828 222
325 91
751 611
305 819
328 611
926 611
392 562
423 127
500 566
67 581
835 758
611 231
991 824
728 611
474 42
300 218
671 611
531 757
611 633
438 540
829 916
611 202
652 226
611 868
86 611
317 419
611 474
611 901
318 25
829 961
603 611
487 611
270 496
583 361
787 27
142 958
611 998
11 631
904 238
254 240
140 611
775 459
965 60
757 964
679 611
78 251
503 511
790 35
70 187
309 450
935 856
370 379
429 744
530 754
301 611
121 870
611 414
952 766
611 501
551 611
151 437
351 602
872 292
970 358
687 225
37 562
96 692
790 931
125 110
81 611
27 825
777 157
973 771
292 514
345 939
70 538
209 186
676 962
995 836
173 44
362 117
798 979
568 777
836 805
821 725
660 761
143 506
544 941
860 377
550 611
176 774
523 611
801 611
355 174
134 927
873 950
880 167
33 94
556 689
350 611
519 627
237 611
486 611
553 742
892 611
672 154
818 611
188 638
4 335
178 506
680 701
875 611
836 797
611 539
335 598
611 853
484 336
611 108
611 782
172 198
615 199
611 340
333 611
717 611
611 525
611 646
852 706
468 227
953 836
405 866
768 27
177 835
500 902
829 684
130 983
209 488
611 722
67 492
314 486
446 562
510 861
296 484
305 611
396 388
412 174
725 918
690 992
29 795
287 319
611 130
754 257
231 683
614 30
795 156
784 418
43 159
611 823
640 234
138 559
352 576
611 307
212 611
335 80
659 535
31 750
362 728
584 851
873 724
526 793
438 925
599 680
409 611
611 807
611 839
167 12
240 735
729 611
749 217
375 737
513 615
765 119
611 28
520 611
611 219
723 34
611 190
904 433
101 52
56 144
642 611
97 958
334 527
60 591
281 611
774 830
843 611
256 611
422 837
2 364
487 533
433 611
209 331
851 727
23 611
611 929
221 534
918 112
274 623
126 611
625 853
974 186
19 820
668 655
621 761
342 564
665 922
920 613
617 333
214 204
675 821
953 680
394 611
564 611
611 862
398 939
226 443
611 183
936 611
611 243
259 747
98 996
365 611
318 8
505 653
663 754
908 58
611 203
100 712
611 25
305 689
685 811
622 611
268 435
611 232
492 716
608 344
544 888
611 856
67 165
611 472
388 611
924 679
321 61
667 147
403 38
704 611
630 590
993 87
660 647
327 451
611 462
214 611
877 791
611 164
656 728
137 694
583 681
338 717
611 368
611 897
273 736
150 808
718 40
343 247
381 163
250 846
279 648
611 651
634 732
170 479
249 21
297 57
619 709
463 774
364 401
207 24
39 144
611 654
635 611
977 328
884 278
21 768
858 636
611 282
582 745
377 611
295 1000
611 698
611 319
36 527
999 426
872 221
253 611
508 919
701 706
469 565
831 611
207 611
867 611
305 493
189 300
850 743
834 524
611 889
626 539
611 733
929 844
355 681
641 16
735 410
611 102
260 611
938 611
895 449
482 953
611 899
264 611
894 611
19 777
185 921
332 619
85 124
611 814
817 318
445 611
932 434
399 953
920 662
60 548
7 93
620 321
450 611
43 408
406 28
61 611
90 310
948 559
534 234
905 611
611 562
737 518
611 542
481 237
611 921
878 857
162 570
611 900
616 632
658 611
611 957
586 859
670 285
431 72
710 875
714 502
611 513
611 135
489 564
979 611
440 669
528 611
504 744
435 951
611 989
313 80
796 381
857 901
27 677
215 485
661 593
39 191
636 613
611 266
121 595
945 611
768 83
842 547
339 441
276 960
611 512
546 659
611 50
835 69
611 369
51 360
611 103
676 937
611 754
260 59
611 933
910 181
817 915
839 730
672 228
974 509
826 863
782 298
32 531
569 623
162 611
359 148
611 955
445 382
278 794
553 909
739 846
243 580
659 196
452 997
89 839
611 594
906 887
696 503
195 48
601 614
245 84
14 283
883 949
993 863
385 539
746 555
417 569
611 323
512 956
949 588
714 145
741 611
265 151
695 611
36 316
810 611
605 623
760 184
432 870
353 875
1000 838
929 567
666 850
885 114
524 814
282 687
304 773
545 293
293 806
276 509
828 982
976 129
637 387
990 311
84 309
525 116
449 743
571 477
611 5
830 682
999 611
22 611
324 611
575 210
261 611
611 971
60 38
451 611
469 611
645 201
210 773
372 515
513 431
272 611
239 800
740 988
144 987
854 52
420 633
294 610
45 53
189 641
451 738
280 284
611 669
691 217
206 79
611 917
65 51
15 635
460 980
611 77
944 611
611 73
549 134
23 833
143 169
22 235
611 427
534 611
529 667
419 611
608 696
224 611
650 611
79 861
883 434
693 611
133 611
611 623
787 519
407 66
802 726
515 611
788 209
342 700
215 694
523 978
731 352
317 473
966 513
611 315
268 438
644 560
153 86
127 608
742 447
2 498
53 250
425 611
855 836
681 708
158 645
611 529
281 268
180 853
320 590
611 179
295 118
948 939
611 694
478 734
483 503
674 705
14 611
893 611
118 756
371 604
611 815
750 648
939 772
657 913
699 562
405 200
439 611
78 585
611 128
752 463
401 608
785 196
611 240
611 476
829 611
230 82
347 480
611 631
123 611
902 611
107 590
650 778
755 389
902 984
611 329
520 467
297 839
226 634
930 611
552 611
149 611
111 707
889 252
611 887
818 300
611 54
380 611
611 52
53 281
578 687
462 17
496 167
769 611
351 480
611 217
291 688
611 236
611 105
377 211
357 963
70 875
759 409
365 762
564 267
68 804
611 213
310 611
66 179
115 281
692 617
685 419
310 262
981 721
981 611
611 574
743 973
611 681
611 723
961 421
787 167
377 9
498 598
58 642
290 965
611 196
349 76
662 830
611 890
397 988
205 249
464 611
611 99
448 294
397 448
74 1
148 87
88 495
611 376
611 308
718 611
64 611
522 611
876 611
634 102
912 907
444 611
648 208
447 271
88 378
643 463
782 391
116 113
949 470
543 823
44 459
171 863
664 611
479 74
496 43
611 244
273 947
976 411
125 544
72 521
358 965
611 799
536 611
210 619
611 7
157 886
302 285
326 611
58 109
432 975
688 611
