1997 1998
2 102 981
2 1307 1699
2 336 520
1 940 1435 0 224102169
1 249 1837 0 369478233
1 994 1872 0 92940377
2 1083 1346
1 1573 1754 0 668066038
2 47 1455
1 779 1424 0 922580840
2 113 821
2 765 982
1 14 1194 0 559770634
2 409 1724
2 1123 1678
1 1807 1945 0 307332435
2 1043 1496
2 247 550
1 162 544 0 657699106
1 162 1861 0 816928569
1 125 461 0 819144249
1 1384 1660 0 877358375
1 430 789 0 769183199
1 131 1168 0 800846830
2 684 1375
2 202 1454
2 245 1084
1 132 989 0 207489725
1 1016 1179 0 54122791
1 170 1954 0 863889478
2 1026 1038
1 258 1194 0 789875975
2 10 617
2 806 1637
2 823 1326
2 499 1399
1 536 1058 0 748290163
2 242 1088
2 165 1991
1 145 600 0 337038363
1 452 1696 0 239409507
1 840 1888 0 632346348
1 700 1368 0 218822363
2 367 776
2 387 1446
1 1194 1823 0 420253862
1 283 961 0 282919221
1 700 1798 0 856085731
2 443 1592
1 290 1321 0 855397697
2 1016 1621
1 448 904 0 571816237
2 240 1913
1 1244 1312 0 799365610
1 482 1561 0 534585322
2 408 1762
1 1182 1242 0 807572219
2 428 891
2 944 1363
1 614 1751 0 708192277
1 1000 1747 0 938392042
2 100 410
1 205 1027 0 977667305
2 412 908
2 391 1677
1 674 1461 0 638914278
1 687 827 0 871750001
1 650 967 0 649219906
2 1328 1916
2 357 658
2 1162 1550
1 762 1355 0 816337274
1 1391 1677 0 667614744
1 803 1362 0 16586134
2 173 1052
2 387 1058
1 1323 1922 0 811043227
1 1942 1949 0 448366805
2 567 1386
2 1137 1868
2 90 1429
2 310 1761
1 586 1132 0 608353745
2 510 694
2 892 1693
1 1195 1669 0 65184050
1 47 615 0 14170904
1 603 1933 0 607428475
1 262 524 0 481257711
1 769 1027 0 343501254
2 223 1870
1 667 1042 0 228523256
1 206 1928 0 293669851
1 248 1661 0 860567675
2 1773 1937
1 486 1438 0 743797991
2 1484 1769
2 1144 1839
2 526 955
1 433 857 0 699682263
1 1927 1943 0 461965872
2 290 1850
2 741 1737
1 735 757 0 298157185
1 336 1234 0 906924996
1 310 1134 0 339888461
2 1600 1908
2 1152 1465
2 679 800
1 143 1455 0 995045273
2 260 1797
1 684 1533 0 362228104
2 613 1055
2 184 891
2 960 1783
2 20 1881
2 1074 1314
2 512 591
1 880 1176 0 641404046
1 1508 1893 0 274406867
1 133 399 0 249164915
1 213 1654 0 972762349
2 585 1717
2 288 804
1 966 1092 0 818334709
1 380 550 0 785943192
2 1775 1892
1 885 1656 0 766077350
2 652 1171
1 226 987 0 187166075
1 98 886 0 241082172
2 266 273
2 217 1109
2 690 848
2 1148 1986
1 117 1678 0 598296573
2 507 955
1 918 1356 0 347477336
2 914 1211
1 918 1549 0 746760619
1 639 715 0 623620544
2 665 1697
2 1099 1375
1 959 1688 0 678987042
2 574 1621
1 91 770 0 287843344
1 1517 1972 0 950208168
2 610 1976
2 574 1227
2 1390 1812
1 209 1637 0 377180519
2 1264 1541
1 1261 1329 0 171979805
1 1147 1664 0 357729354
2 285 931
2 483 1645
1 1715 1752 0 917938907
2 1117 1955
2 333 417
2 1480 1714
2 1466 1801
1 49 440 0 728863913
1 594 1665 0 859795371
2 903 1977
2 268 369
2 1558 1692
1 877 1003 0 620762348
2 567 717
2 533 1666
1 905 1504 0 766465698
1 1900 1974 0 515351183
2 1211 1415
1 1167 1469 0 679489764
1 633 1976 0 83845473
1 410 1774 0 138342427
1 1229 1830 0 793715380
2 164 314
1 1148 1903 0 742205152
2 785 1772
1 1802 1952 0 70340162
2 1658 1729
2 421 1119
2 1494 1763
1 779 1421 0 817549595
1 310 1469 0 217042286
1 508 527 0 944088121
1 312 1613 0 131785242
2 437 1458
1 1 148 0 217565861
1 575 1585 0 56474126
1 1193 1811 0 573894411
2 1409 1447
2 1258 1342
2 610 1203
1 862 1413 0 177605582
2 1419 1677
2 1257 1424
1 106 177 0 70886981
1 840 1657 0 792476738
2 762 1232
2 1489 1491
1 629 914 0 539075134
2 1662 1711
1 1583 1629 0 106437741
2 1197 1683
2 255 317
1 632 1695 0 152305551
1 1155 1664 0 512832260
1 813 928 0 122590975
2 546 974
1 626 1506 0 298605423
2 1625 1874
1 334 1839 0 846746374
2 435 1833
1 39 921 0 469349537
2 217 535
1 1146 1606 0 737091131
1 570 1163 0 200432805
1 1023 1348 0 382453728
2 536 668
1 522 1568 0 834291896
2 755 1181
1 740 1072 0 630867725
2 624 664
1 684 901 0 664815200
1 1385 1413 0 1015101
1 270 1795 0 836649183
1 1720 1785 0 91821971
1 593 1907 0 381852960
1 483 1951 0 930213131
1 1838 1851 0 441966842
2 484 742
1 29 294 0 619421413
2 608 654
2 558 875
1 732 859 0 550145943
1 412 793 0 146696741
1 558 1099 0 928805166
1 543 1380 0 8839444
1 852 1530 0 97641053
2 1416 1830
2 639 1707
1 45 1307 0 852333845
2 495 791
2 150 1099
2 227 1930
2 678 1424
2 369 1588
2 621 1891
1 268 1317 0 473374516
1 3 1176 0 701405238
2 368 1860
1 1407 1800 0 621120944
1 32 406 0 917584139
1 131 1107 0 482786003
2 801 1665
1 1519 1978 0 561443277
2 486 1131
1 830 926 0 833953261
1 50 137 0 340114802
1 11 447 0 566528718
1 310 930 0 621392041
2 102 1695
2 1206 1226
1 41 1450 0 551480867
2 664 1373
1 322 440 0 799566131
1 1160 1919 0 933551195
1 877 1869 0 466651592
1 154 567 0 501887207
1 316 1022 0 453842733
1 68 1765 0 620982780
2 1127 1632
2 1361 1821
1 944 1850 0 607382588
2 1354 1829
2 1468 1930
2 302 1190
2 1146 1484
1 338 1504 0 734908643
1 964 1623 0 195774579
2 799 1272
2 57 1468
1 526 1273 0 690491503
2 55 1073
1 69 491 0 649314088
1 563 1699 0 935667740
2 797 1280
1 1459 1856 0 343734601
1 140 463 0 330197094
1 55 527 0 121226301
2 1005 1421
1 1698 1969 0 674048342
1 790 1613 0 26813194
1 194 1027 0 868933306
1 1013 1522 0 416038374
2 393 1146
2 39 1444
1 1300 1798 0 694816642
2 143 1962
2 115 931
1 781 1146 0 576760078
1 449 913 0 779143470
2 789 1957
1 272 670 0 233549860
2 40 348
2 932 1937
2 660 1902
2 451 1342
1 50 252 0 741430386
1 735 1772 0 932771407
2 762 939
2 146 419
1 364 1271 0 716082673
2 1117 1350
2 291 902
1 1074 1959 0 734020981
1 686 990 0 323429495
2 1694 1921
1 157 366 0 815477733
2 350 600
1 593 1851 0 333455552
1 1546 1628 0 171662094
2 405 1397
1 1573 1835 0 156622751
2 141 1757
2 462 1405
2 450 800
1 592 1916 0 717534914
2 668 699
1 398 1975 0 574637462
1 748 919 0 400823125
1 464 779 0 899057424
2 441 1763
2 836 1741
1 515 1786 0 491908228
2 182 355
2 187 1415
1 52 1977 0 34610546
2 630 861
1 1094 1153 0 494461693
1 931 1015 0 841996378
2 1181 1880
1 1311 1664 0 315811163
2 261 1617
2 1868 1948
1 1010 1720 0 938183477
2 894 1451
2 464 1800
1 238 1921 0 427465385
1 1433 1711 0 320767674
1 606 919 0 700944835
1 1561 1859 0 263151987
2 1753 1778
2 1273 1649
2 894 1507
1 1767 1889 0 913512728
1 569 1997 0 771464693
2 1251 1426
2 250 978
2 1133 1358
1 845 940 0 77319757
2 731 1885
1 187 553 0 237205780
1 64 897 0 238728970
1 352 391 0 374654971
2 788 1353
1 1127 1227 0 192872950
2 151 1057
1 412 1444 0 395256455
1 934 1616 0 285695018
1 659 1886 0 612432371
1 583 1487 0 472502933
2 513 1647
1 237 371 0 371096892
2 572 1372
2 875 1554
1 1328 1435 0 457885258
2 640 726
2 338 1058
1 469 494 0 747576978
2 389 1181
1 241 1943 0 102643052
2 918 1708
2 415 1511
1 312 1384 0 386013527
2 1196 1839
2 568 972
1 1122 1248 0 211021338
1 596 908 0 536840673
2 265 792
2 915 1665
2 1043 1235
2 264 902
1 127 1110 0 495146412
2 1280 1599
2 1188 1843
1 1211 1301 0 938934044
1 768 1780 0 805376057
2 1039 1537
1 110 297 0 605792307
1 694 1460 0 579197631
1 351 1307 0 7675873
2 715 1631
1 972 1264 0 405115497
1 117 353 0 644157599
2 567 1198
1 375 1413 0 33790950
2 996 1637
2 765 1481
1 892 1090 0 489172703
2 1223 1277
1 234 1116 0 149662303
1 371 1288 0 444564656
2 1702 1820
1 924 1855 0 962735934
1 311 1573 0 646782940
1 693 1265 0 739087335
2 964 1275
2 516 1869
1 658 681 0 311167945
2 236 1857
1 1120 1497 0 455005957
1 1175 1435 0 386129422
1 113 431 0 172860601
1 497 674 0 146105396
1 888 1671 0 161905377
1 163 703 0 998196737
2 1729 1764
1 241 1446 0 183351193
2 939 1037
2 239 443
1 998 1170 0 824195479
1 1464 1873 0 641012532
1 322 971 0 934247638
2 1507 1793
1 395 1900 0 164116697
1 58 1168 0 516002141
1 89 581 0 856218382
1 598 1589 0 157762984
1 536 1966 0 296976490
2 613 1030
2 7 405
2 687 1817
1 339 1531 0 75685429
1 271 439 0 231973880
1 406 1928 0 690017959
1 745 1265 0 736282615
1 572 1482 0 471919463
1 1125 1635 0 664313864
1 1687 1993 0 686614773
2 464 990
2 1042 1782
1 346 434 0 152204686
2 535 572
2 59 848
1 719 1685 0 418765550
2 1110 1337
1 361 1196 0 13084976
2 892 1572
1 282 390 0 466487790
1 943 1329 0 421410213
2 679 1875
1 876 1679 0 546709756
1 1354 1533 0 239538871
1 1062 1522 0 847136147
1 639 807 0 570064539
2 125 200
1 1200 1642 0 371064003
1 568 920 0 735206819
1 147 1226 0 659634246
1 705 1817 0 62851135
1 1631 1831 0 939977685
1 682 1033 0 124898047
2 1611 1876
2 1186 1592
1 1430 1770 0 921759225
1 238 804 0 762840767
2 207 293
2 1674 1786
2 877 1842
2 565 1466
1 586 654 0 270724317
2 982 1781
2 40 1149
2 653 1690
1 346 1741 0 321744742
1 146 349 0 25954437
1 1694 1736 0 550026388
1 809 910 0 560483566
2 827 1424
1 291 1792 0 524718954
1 1301 1802 0 418825294
1 579 1224 0 841772545
1 1815 1984 0 262089160
2 711 1461
1 85 1281 0 448850776
1 348 1277 0 448516387
1 383 998 0 270244104
1 114 546 0 684531631
1 727 1508 0 886914838
2 1195 1560
2 325 1355
2 913 1209
2 44 455
1 189 1393 0 799030256
2 1622 1917
1 1112 1301 0 787533853
2 286 857
2 116 150
2 722 876
1 812 1345 0 963359514
2 755 897
2 1615 1996
1 1167 1284 0 654197148
2 1204 1454
1 798 1752 0 895087383
2 789 1426
1 1080 1364 0 237209797
1 731 1654 0 76362285
1 994 1317 0 86901050
1 611 1620 0 129508222
1 287 530 0 46519955
2 1706 1965
2 419 1444
1 1258 1928 0 325096002
1 1908 1955 0 128562829
2 128 1975
1 644 1902 0 973896719
2 3 1575
1 591 1789 0 713415140
2 725 1324
2 782 1586
2 1208 1376
1 76 1257 0 73740920
2 530 537
2 1090 1488
1 504 1520 0 471989629
1 1033 1469 0 866038150
1 1449 1889 0 506772273
1 77 553 0 810793946
2 468 1917
2 322 812
1 81 1638 0 218225461
1 1116 1467 0 996631892
2 438 1793
1 32 1354 0 926114292
2 1124 1162
1 271 592 0 930338740
1 468 1465 0 436211031
2 106 357
2 242 1706
2 106 860
1 103 156 0 955805862
1 975 1109 0 531841918
1 967 1294 0 291514743
2 382 789
1 490 1119 0 33367073
2 1613 1961
1 403 1816 0 201721549
2 611 819
1 12 1515 0 478159725
2 991 1468
1 716 773 0 557344083
1 359 743 0 261831103
1 87 1074 0 439352165
1 386 438 0 793315883
1 109 1695 0 718189738
1 823 1596 0 894395839
2 1348 1691
1 592 1738 0 797446480
1 480 1127 0 945872189
1 263 638 0 687028036
2 132 786
1 854 1211 0 745055715
1 642 1463 0 999645250
1 1147 1897 0 216060083
2 882 1200
2 261 1114
2 915 1892
1 152 1651 0 744563233
1 1306 1548 0 50425306
1 433 1423 0 34945493
1 552 1615 0 377699502
2 583 1135
2 2 619
2 117 1991
1 99 1602 0 506490750
1 69 396 0 344925100
1 1494 1552 0 961399193
1 16 152 0 644574455
1 420 1607 0 688831602
1 298 544 0 490240307
2 15 454
1 1019 1665 0 79314943
1 190 573 0 807401412
2 1114 1650
1 122 1241 0 180845391
1 220 1726 0 816712078
1 805 1960 0 21297910
2 39 1311
1 1417 1426 0 164851605
2 6 1252
1 548 1778 0 721732364
2 519 1210
1 794 1734 0 654908241
1 932 1642 0 333408500
2 1497 1970
1 1526 1681 0 865882269
1 388 1122 0 879604988
1 457 1461 0 338109190
1 971 1162 0 38553702
2 698 890
1 739 1500 0 447563767
1 216 1470 0 342008531
2 753 896
1 184 337 0 868214175
1 212 1860 0 37926762
2 337 369
1 462 1243 0 152703640
1 545 640 0 829953580
2 1132 1768
1 1015 1434 0 980966116
2 334 1884
1 30 1625 0 416614440
1 1915 1964 0 115067382
1 1135 1830 0 97375440
1 906 1975 0 872490718
1 102 1955 0 440623182
1 943 1893 0 764269278
2 1345 1510
2 17 1374
1 1280 1777 0 320552271
1 1037 1412 0 686328635
2 277 1853
1 1134 1637 0 814821133
1 1265 1382 0 725026350
2 1162 1490
2 527 572
2 71 964
2 590 1959
1 334 796 0 26342358
1 124 1542 0 462252975
1 251 710 0 545748317
2 169 1048
1 1 245 0 345230288
1 1582 1944 0 884400587
2 643 1683
1 50 1418 0 879245947
1 186 1510 0 391211400
1 25 575 0 215181553
1 867 1939 0 795058804
2 361 486
1 174 1130 0 94060336
2 72 546
2 1068 1737
1 467 1528 0 574318301
1 597 706 0 680632189
1 1188 1294 0 936658112
1 726 1973 0 242658418
2 927 1624
1 724 1126 0 293483953
2 1400 1403
1 556 1042 0 593719867
1 1761 1963 0 730420872
2 206 380
2 34 1297
2 594 1466
1 255 599 0 459549325
2 674 1318
2 305 1692
1 1186 1788 0 844001958
1 442 1923 0 717730156
2 109 1017
1 640 1451 0 265428976
2 1444 1813
1 95 1656 0 239601440
1 568 1121 0 642910837
1 63 1706 0 128045158
2 547 1489
2 1020 1829
1 58 400 0 553680383
1 1501 1737 0 197804083
2 21 1778
2 311 1167
2 720 1417
1 912 1466 0 115816123
2 565 1697
2 922 1074
2 412 1226
2 397 971
2 708 1979
2 196 1831
2 1223 1734
2 2 1239
1 159 1704 0 691094266
2 174 556
2 229 1056
1 195 493 0 198620311
2 408 681
2 726 1617
2 1427 1891
1 90 1399 0 989504382
1 853 1894 0 785014838
1 68 1973 0 914316149
2 151 1962
2 471 1680
2 724 1118
2 637 1301
2 115 1449
2 1036 1855
2 1048 1867
1 336 1619 0 400801582
1 605 1195 0 123426873
2 80 971
1 594 1762 0 634695773
2 386 1941
1 150 163 0 618104385
1 1198 1813 0 245235570
2 286 307
1 101 438 0 935687412
1 1169 1787 0 809345468
1 590 745 0 747850305
1 1238 1530 0 149919811
2 1432 1467
1 349 1146 0 569017355
2 1556 1572
1 1061 1761 0 438369557
1 1109 1721 0 837135077
2 206 1226
2 527 596
1 814 1976 0 217828893
2 181 970
1 1018 1628 0 765962339
1 1209 1752 0 289530192
2 1126 1472
2 1103 1194
2 284 494
2 162 1117
1 1585 1976 0 720777686
2 1 151
1 21 1730 0 422267653
1 847 1663 0 940273258
2 205 1796
2 1151 1696
1 553 1756 0 357878728
2 165 567
1 765 1227 0 9326631
1 104 1296 0 343629134
1 2 296 0 471026540
1 904 1380 0 336785051
1 688 907 0 163547965
1 119 1934 0 11818607
1 902 997 0 886897079
1 1754 1797 0 868373422
1 45 940 0 602550912
1 557 1431 0 379042291
1 877 1008 0 811707002
2 93 549
2 1032 1954
1 868 1924 0 338943379
1 58 1811 0 33409684
1 246 1441 0 86153372
1 664 1807 0 362206948
1 753 1624 0 606904372
2 117 1826
2 1268 1740
1 1540 1778 0 966738436
2 398 876
2 528 540
1 881 1646 0 17016226
1 1388 1636 0 455854208
1 374 440 0 722170193
2 105 1577
1 416 1506 0 361211534
1 293 595 0 978544681
1 466 1477 0 657702925
2 752 1365
2 296 1199
2 1145 1779
2 127 1571
1 1743 1896 0 586611463
1 1001 1973 0 604211106
2 1220 1522
2 76 1963
2 1072 1463
2 385 801
2 269 1442
2 129 1106
1 741 1840 0 975097320
2 358 1656
2 103 144
2 89 1465
1 856 1722 0 66396652
1 735 1305 0 504355861
1 1197 1961 0 395235469
2 152 1522
1 353 1395 0 593414228
2 829 974
2 1606 1662
1 170 634 0 564457395
2 170 969
2 64 104
1 219 1533 0 745857182
1 132 223 0 523343365
2 1104 1873
2 1448 1628
2 586 922
2 457 1586
1 120 956 0 873648678
1 803 1792 0 232386332
1 503 1173 0 872028812
1 776 1279 0 90785606
1 427 1612 0 81982600
1 431 1990 0 494229730
1 1622 1810 0 502360290
1 1242 1364 0 958737749
1 1413 1562 0 374966253
2 35 1012
2 928 1849
2 618 1700
1 462 1394 0 101276950
1 106 1541 0 581743151
2 585 1195
1 1189 1481 0 246409050
2 34 1508
1 1706 1754 0 83087289
1 506 952 0 280898864
1 731 1244 0 361093524
1 257 1373 0 818510635
2 1119 1851
1 1112 1239 0 53945113
2 890 1318
1 1424 1727 0 269467869
1 857 1890 0 511712614
1 131 546 0 845950164
1 337 548 0 327518420
1 395 1391 0 383069196
2 431 1751
2 35 477
2 347 392
2 202 898
2 1428 1838
2 926 1102
1 317 1071 0 25472279
1 1287 1583 0 405986606
1 1557 1846 0 210539382
1 448 496 0 827192582
2 737 857
2 263 1515
1 996 1082 0 834853742
1 129 1828 0 504418495
1 1179 1897 0 19737281
1 1541 1991 0 493095375
1 184 1017 0 665581818
2 176 1612
1 554 757 0 79663385
2 1311 1607
2 539 1017
1 48 742 0 581280970
2 756 1504
2 1110 1237
1 13 586 0 675982938
1 8 1675 0 958835496
1 1493 1793 0 218264399
1 610 1040 0 333482343
1 502 1851 0 254766688
1 626 786 0 676569074
2 574 1396
1 531 646 0 549648877
1 740 1321 0 77338481
1 1288 1439 0 581225697
2 857 1463
2 108 1899
2 106 1309
1 652 1220 0 961061692
1 902 1072 0 620907151
1 579 1568 0 796644541
1 437 588 0 470656328
2 467 1223
2 1139 1141
1 378 1888 0 963217824
2 464 1257
1 1071 1518 0 419443524
1 1662 1839 0 581956931
1 1255 1805 0 749584705
2 979 1516
2 1690 1831
2 223 1964
1 712 856 0 642472089
2 1697 1709
1 236 912 0 888151971
2 40 1901
2 1083 1711
1 237 701 0 116298725
2 721 987
2 543 560
1 197 1733 0 517845754
2 123 1320
1 375 602 0 936278360
2 108 1325
1 692 1522 0 78336941
2 99 1200
2 344 407
1 661 1703 0 437935739
1 677 1719 0 880226801
2 483 1656
1 117 762 0 448143604
2 658 1224
2 1265 1494
2 288 1451
2 1761 1893
1 205 513 0 68695304
1 520 785 0 802144207
2 451 1870
1 1074 1369 0 806483847
1 403 1351 0 211181021
2 1448 1842
2 1463 1683
1 179 721 0 858955896
1 644 1542 0 336876742
2 1281 1806
1 1436 1888 0 646733616
2 614 616
1 316 1699 0 250086556
1 1248 1641 0 181575860
1 1180 1458 0 2845541
2 859 1065
2 318 692
1 1227 1854 0 869262165
2 515 1153
1 387 819 0 858566917
2 1235 1242
2 1359 1654
1 127 199 0 411828302
1 1002 1325 0 227238043
1 93 1150 0 96644715
2 1856 1872
2 124 1931
2 14 289
2 3 1912
1 33 377 0 752813565
1 1189 1470 0 764197218
1 1115 1308 0 633609452
2 1412 1889
2 614 943
1 1647 1753 0 916259250
2 12 1103
2 812 1574
2 910 1131
1 797 1767 0 717897226
2 519 795
2 566 1859
2 488 1403
1 578 1532 0 140207327
1 1027 1899 0 524132753
2 664 835
1 619 1763 0 447818271
1 1641 1905 0 502265163
1 824 928 0 459447664
1 670 1004 0 248347783
2 1420 1930
1 133 1738 0 908810673
2 1031 1073
2 228 333
2 301 925
2 219 523
2 1089 1542
1 745 1016 0 858191622
2 1609 1861
2 584 1300
1 336 1276 0 389825368
1 7 1659 0 453119713
1 1215 1497 0 18677527
2 40 1672
1 505 646 0 515276469
2 474 627
1 178 768 0 848832145
1 386 1329 0 594159176
2 1092 1483
1 719 1515 0 69731850
1 661 1709 0 71253653
1 1287 1839 0 627535294
1 481 491 0 612588758
1 9 1232 0 247484471
1 39 720 0 40153599
2 537 863
1 898 1748 0 556545449
1 636 1651 0 916811292
2 412 1870
1 136 632 0 953613992
1 104 360 0 554846671
2 768 1600
1 953 1015 0 549651531
1 447 1590 0 756565434
2 233 1493
1 184 1989 0 854170787
1 681 870 0 480080638
1 488 1394 0 804353736
1 689 1144 0 309352368
2 302 1209
1 227 270 0 867677640
2 1485 1603
2 937 1414
2 660 1768
1 1501 1894 0 178624247
2 1626 1757
2 957 1401
2 358 435
2 1395 1718
1 10 1792 0 159680315
2 835 1262
1 1064 1318 0 604980484
1 524 1409 0 284245811
1 35 153 0 962740857
2 1316 1423
2 139 355
2 1081 1703
1 796 954 0 421827944
1 867 1175 0 506321167
1 56 365 0 774458408
1 859 1631 0 418525710
2 1833 1963
2 381 895
1 230 858 0 947887898
2 849 1503
2 1153 1721
2 815 1374
1 1181 1503 0 339710206
1 712 1885 0 551132380
2 579 1338
1 1098 1990 0 375449557
2 372 1002
2 294 953
2 599 1380
1 1418 1887 0 667305298
1 462 776 0 717807636
2 614 1883
2 162 1564
1 638 843 0 140387684
2 915 1212
1 567 1232 0 993147664
2 673 1219
2 66 1270
2 669 902
1 1486 1689 0 713020660
1 471 912 0 64428606
2 101 313
1 61 917 0 576195592
1 516 722 0 30257339
1 398 577 0 363795674
1 128 1955 0 796112480
1 13 1887 0 99004250
1 273 1599 0 938669557
1 367 602 0 438525166
1 902 1444 0 414328141
1 653 1722 0 205456913
1 154 1030 0 597588844
1 1488 1764 0 576375892
1 1129 1732 0 710651749
2 1104 1184
1 1367 1710 0 516512514
2 657 974
2 93 125
1 91 425 0 325798763
2 1090 1858
1 107 208 0 631161286
1 1692 1989 0 119117846
2 706 1080
1 890 1363 0 636298157
1 1225 1233 0 252528462
1 76 1430 0 699494135
1 249 1658 0 933978121
1 954 1241 0 517984105
1 663 1531 0 603222292
1 998 1888 0 754682616
1 476 1749 0 21209895
2 462 1512
1 840 1897 0 532385659
2 212 1394
2 1745 1950
2 262 1222
1 153 777 0 791371333
1 132 1141 0 499115373
1 869 1443 0 274525536
2 1060 1284
2 956 1939
1 62 279 0 595485444
2 532 1175
2 546 1520
2 1247 1261
1 568 1978 0 51000779
1 78 329 0 777631338
2 68 1099
1 598 1071 0 157398663
1 1529 1712 0 927023859
2 399 1700
1 1555 1697 0 960013987
2 453 1232
2 120 377
1 460 1937 0 721854564
1 651 1801 0 265178619
1 254 1129 0 294270057
2 323 581
1 1192 1228 0 603512818
1 66 578 0 495675328
2 482 710
1 898 1066 0 871219304
2 886 1270
1 830 1039 0 199417245
2 745 1887
1 1223 1512 0 699864324
1 685 974 0 349708170
2 3 1948
1 158 482 0 205882274
2 847 1174
2 59 1069
2 277 1886
1 426 436 0 516562166
1 7 689 0 930735817
2 951 1969
1 1163 1758 0 261872652
1 1075 1902 0 790930691
2 684 797
2 711 1418
1 1691 1834 0 136254437
2 642 1740
1 438 1518 0 781186987
2 252 1521
2 74 1498
1 140 803 0 423647184
2 249 459
1 1007 1723 0 825958973
1 1580 1932 0 113813533
2 912 1260
1 1333 1524 0 438212148
2 692 924
2 720 869
2 1232 1729
2 679 1111
1 209 1795 0 828134017
1 780 1014 0 586410204
2 309 1570
1 1502 1610 0 881578213
1 161 763 0 674681488
2 983 1989
1 222 320 0 232932480
2 1441 1592
1 532 1331 0 185558430
1 1568 1684 0 731871914
1 71 1863 0 143822038
1 900 1433 0 773400059
1 104 507 0 58635098
1 1454 1666 0 345998061
2 429 1308
1 327 766 0 173271191
2 109 1159
1 713 1731 0 102586902
2 815 1424
2 883 1193
2 150 957
2 230 941
2 318 1707
1 575 1397 0 902862384
2 473 618
1 781 1943 0 620632021
2 129 1593
2 173 1193
1 1404 1830 0 306022373
1 1752 1796 0 247973295
2 624 1831
1 243 1267 0 464555400
1 392 603 0 489555147
1 524 1125 0 296796886
2 531 898
1 203 754 0 176040803
1 774 1701 0 403017310
1 271 1888 0 514802028
2 1120 1168
1 920 1876 0 924289320
1 391 1464 0 701802011
1 1603 1614 0 685944027
2 391 857
2 1032 1615
2 65 142
2 565 1741
1 783 1900 0 374210962
2 204 1200
2 1394 1791
1 290 1149 0 587726164
1 185 1850 0 768457606
1 352 1949 0 592569712
2 482 660
2 1071 1708
1 703 1126 0 541312582
1 241 1237 0 204158214
2 329 1456
1 240 534 0 629237071
2 392 778
1 452 1581 0 362493709
1 95 1112 0 353303496
2 1152 1732
2 293 1937
2 9 1853
1 761 1526 0 646540576
2 28 1136
2 148 1233
1 1118 1246 0 526391816
1 241 488 0 584696952
2 604 1297
2 545 769
2 817 1642
2 1458 1464
1 292 1806 0 972927350
2 1299 1370
2 137 502
1 485 1867 0 808084310
1 1146 1288 0 380070020
2 1433 1491
2 1063 1823
1 1633 1886 0 34783959
2 104 1781
1 560 824 0 98695483
2 291 770
1 1090 1310 0 365230799
1 637 1928 0 861052936
2 1132 1162
2 49 968
2 739 1230
1 1391 1979 0 320082356
1 105 939 0 106570898
2 965 1943
1 1394 1464 0 387900757
2 1434 1737
2 413 1581
1 1359 1949 0 81253869
1 226 521 0 338210952
1 794 1491 0 914884115
1 121 666 0 953629067
1 1130 1222 0 761148836
1 1060 1289 0 764010817
1 1122 1237 0 918888850
1 1117 1388 0 976674289
2 675 1559
1 712 1437 0 953697020
2 1235 1833
2 1817 1883
2 899 1519
1 531 652 0 950751851
2 78 608
2 506 1038
1 316 1581 0 35953556
1 307 1311 0 505463594
1 1025 1220 0 206131223
1 1018 1903 0 664226003
2 619 1428
1 528 1778 0 137610361
2 1722 1755
1 1269 1856 0 949124957
1 864 1557 0 518267144
2 1183 1597
1 207 929 0 957643225
1 432 1688 0 662629848
2 257 590
1 1154 1835 0 457888333
2 1451 1509
2 308 1723
2 408 1281
2 860 1138
1 392 981 0 495818693
1 729 1181 0 492133441
1 646 1136 0 536779927
1 318 361 0 779405289
1 1078 1387 0 752909937
1 1317 1965 0 286441029
1 1336 1724 0 929715285
2 1002 1907
2 1399 1908
2 404 819
1 182 1540 0 243198430
1 509 599 0 831551989
1 1462 1519 0 385974652
1 1117 1988 0 902584362
2 522 1075
1 1325 1875 0 972003783
2 392 658
1 33 1771 0 38529314
2 47 1272
2 1300 1801
2 751 1606
2 1223 1467
1 235 1694 0 221175725
2 352 1277
2 892 1962
1 253 1914 0 856745266
1 272 689 0 954955730
1 430 1936 0 852784176
1 391 1287 0 739154255
1 1122 1457 0 144330343
1 98 1239 0 133471877
1 680 1696 0 25301365
2 111 483
1 49 362 0 919243289
1 594 697 0 520948389
1 298 1454 0 770761207
1 498 1311 0 549974465
2 405 1820
1 1534 1615 0 213279759
1 77 740 0 861994797
2 368 729
2 621 1338
2 1711 1879
2 904 909
1 492 798 0 518711769
1 325 505 0 239171572
2 1228 1406
2 190 303
1 646 850 0 449917917
1 531 1327 0 121371382
2 201 1464
1 494 1503 0 851984842
2 411 1869
1 1029 1359 0 268598970
2 418 1980
1 414 1605 0 286879652
2 377 408
1 819 1936 0 814380962
1 1727 1802 0 207245109
1 699 1251 0 517819105
1 192 1401 0 881468192
2 205 1276
2 294 399
2 705 1850
2 1204 1212
2 198 786
2 243 1869
1 399 1153 0 975820780
1 801 1024 0 554358096
1 184 757 0 107076880
2 1636 1795
2 758 1357
2 1658 1897
2 1292 1403
1 967 1186 0 402096515
1 306 1376 0 873143962
2 833 883
1 791 1230 0 452498232
2 760 931
1 194 751 0 351286796
2 1549 1978
2 1139 1429
1 1110 1221 0 920600103
1 99 665 0 386242296
1 1387 1545 0 91276783
2 264 280
1 459 1758 0 622628889
1 710 1280 0 470048022
2 469 1904
1 1394 1437 0 236306061
1 170 1268 0 868365005
2 253 863
2 808 1231
2 104 798
2 387 844
2 1292 1309
1 890 1460 0 83230446
1 1168 1453 0 642607081
1 38 157 0 710253954
1 142 1919 0 794280132
2 46 1945
2 56 481
2 367 1528
1 248 1128 0 733746497
1 80 580 0 440379416
1 1556 1772 0 222961825
2 349 1152
1 1122 1153 0 817502625
2 147 1303
1 459 625 0 349074589
1 1726 1893 0 761230597
1 1451 1776 0 314062559
1 821 1170 0 354678284
1 37 755 0 401015329
1 670 1627 0 367461087
1 1241 1571 0 513114489
2 352 934
1 222 1183 0 512585067
1 1270 1637 0 902031436
2 912 1053
2 271 1633
2 142 1307
2 1204 1355
1 89 1793 0 627879877
2 985 1432
2 905 1925
1 357 876 0 699613118
2 1251 1369
1 1014 1533 0 669376012
1 371 664 0 597883611
2 960 1634
2 993 1570
1 798 1000 0 60348106
2 1470 1515
1 975 1882 0 244275430
2 257 784
1 817 1677 0 437774326
2 166 1278
1 1141 1729 0 126096434
2 1329 1939
1 751 1657 0 450671450
1 553 777 0 233593342
2 663 1314
2 365 1453
1 133 906 0 658685656
1 968 1758 0 184564041
1 402 668 0 389328752
1 232 1094 0 570189917
2 1177 1264
1 393 1830 0 773940249
2 1226 1600
2 605 1642
2 357 1868
2 741 1729
2 1169 1851
1 321 602 0 94690775
2 826 1622
2 593 1945
2 130 494
1 454 817 0 620167193
1 186 947 0 964486719
2 378 1014
2 139 1947
1 378 1742 0 766827335
1 290 1499 0 578649071
2 417 480
2 942 1799
2 1044 1500
2 1439 1852
2 459 1414
2 584 624
1 388 1563 0 674231158
2 819 1955
1 436 1196 0 77708386
1 513 1257 0 396496431
1 1329 1786 0 758664487
1 961 1493 0 715105588
1 1037 1120 0 147814625
1 233 360 0 891210835
2 459 855
2 672 1140
1 1129 1779 0 672170202
1 526 866 0 685594412
1 926 1182 0 541336544
1 1723 1958 0 695537221
1 1313 1884 0 813880239
1 1544 1728 0 393705522
2 210 1315
2 484 1509
1 681 1899 0 527202224
1 983 1779 0 859038750
1 476 1305 0 206371183
1 1073 1864 0 867278635
1 1283 1884 0 191468943
2 1075 1141
2 553 1187
1 1370 1811 0 917769509
2 203 1838
2 550 598
1 293 1695 0 705709273
1 1257 1892 0 892887566
2 907 1245
2 195 974
1 1379 1572 0 644267466
2 775 1146
2 1216 1638
1 404 465 0 561090302
2 251 1872
1 1436 1469 0 676227365
2 1617 1878
2 426 907
2 263 680
2 1374 1974
2 1866 1874
1 1251 1533 0 543735800
1 375 1841 0 756643994
2 394 1979
2 1294 1364
2 1038 1334
2 412 855
1 1412 1536 0 18183148
1 607 854 0 540456049
2 313 806
2 1026 1518
2 1640 1651
1 532 740 0 169212511
1 802 831 0 927475507
1 1020 1824 0 234643034
2 289 1159
2 355 645
2 1692 1846
1 1076 1263 0 495796211
2 1548 1857
1 220 588 0 518706761
1 12 57 0 434414754
2 1092 1932
2 579 925
1 368 1700 0 386002471
1 273 1996 0 94547712
1 914 1316 0 387950227
2 445 1707
1 150 1730 0 985069777
1 207 900 0 67658050
2 1683 1869
2 951 1643
1 728 1857 0 278640243
2 210 1452
1 509 642 0 138788152
2 293 410
1 1290 1495 0 292762028
1 371 663 0 427571672
1 1589 1716 0 787068442
2 196 1364
1 313 710 0 657568682
1 869 997 0 790835722
2 1261 1604
1 682 1557 0 729343720
1 454 1862 0 59072109
2 402 1396
2 507 1897
2 1165 1280
1 250 556 0 877593120
1 1180 1352 0 134784351
2 739 856
2 1381 1541
2 532 1802
1 143 964 0 99438379
2 1161 1444
1 1221 1959 0 885296413
2 430 871
1 789 1493 0 61699214
2 622 809
1 438 1370 0 353723015
1 395 1526 0 852639751
1 1001 1196 0 770013754
2 351 1047
2 417 1536
1 1629 1820 0 996965712
2 429 1828
1 294 721 0 679218407
1 382 1643 0 729019855
2 902 1358
1 654 1698 0 409315811
2 393 1358
1 1532 1712 0 626410784
1 264 1266 0 466899087
1 1092 1182 0 578378457
1 925 1500 0 617872866
2 360 509
1 1362 1959 0 375578355
1 108 1252 0 398169372
2 329 688
2 70 1856
2 1256 1848
1 289 1715 0 370153573
2 357 1088
2 907 1802
1 335 1314 0 866737277
1 951 1605 0 18196214
2 938 1076
1 301 539 0 243693702
2 413 483
1 458 1411 0 87550549
1 1210 1921 0 198821395
2 1013 1919
2 248 1873
1 169 530 0 643254415
2 1550 1884
1 895 1436 0 312613859
2 396 1189
1 114 1520 0 568201076
2 123 1493
1 181 1245 0 176232039
2 953 1587
1 711 1596 0 869207485
1 603 916 0 272641851
1 304 371 0 921793529
1 265 295 0 968944512
1 42 1299 0 19755192
2 105 219
1 1688 1819 0 958998723
1 1241 1802 0 350504321
1 146 1463 0 243067671
1 1018 1761 0 813950396
1 88 1017 0 126470658
1 108 921 0 887593654
2 526 1205
2 315 1920
1 72 229 0 660114167
2 390 1032
1 904 1307 0 159666163
1 395 1716 0 260918003
2 100 1713
2 190 609
2 74 732
2 1646 1668
1 180 711 0 908596513
2 352 1827
1 58 1759 0 800730186
1 783 1865 0 480410965
2 929 1489
1 1734 1952 0 215478676
2 1542 1892
1 1224 1846 0 59843221
1 904 1371 0 762926830
2 739 750
1 133 1918 0 783375409
1 408 1062 0 572254935
2 1044 1283
1 1100 1866 0 487446720
1 1043 1364 0 215964214
2 370 825
1 33 1104 0 725724322
2 141 180
1 650 1878 0 146957746
2 110 1455
1 724 1487 0 886430249
1 346 1591 0 699055572
1 18 999 0 71983848
1 73 1089 0 518543761
2 503 1003
1 854 1082 0 851702849
1 939 1766 0 687634582
2 1714 1855
1 1065 1258 0 76315275
1 101 1966 0 484928128
2 926 1735
1 745 1153 0 667005393
1 1094 1300 0 438660274
1 195 1766 0 119548164
1 178 1399 0 892129622
1 632 1071 0 179901831
1 447 1522 0 793748883
1 830 1439 0 784618152
2 856 1351
2 5 217
2 267 601
2 994 1745
2 274 836
1 249 1875 0 471103544
2 143 404
1 574 1531 0 64343535
2 25 1597
1 461 1767 0 839676232
2 162 926
2 1978 1984
1 454 1586 0 318217371
2 1055 1594
1 484 847 0 5750955
2 955 1950
1 292 1498 0 329803096
1 67 1894 0 364339228
1 83 1570 0 674679006
1 884 1370 0 161596464
1 98 1604 0 333746203
1 194 1051 0 980107515
1 179 384 0 575055370
1 784 1188 0 74631363
2 932 1654
2 391 1031
2 298 1158
1 1376 1587 0 642313166
1 816 1441 0 826683442
2 502 855
2 171 330
2 452 1722
2 1325 1912
2 1049 1614
1 780 1073 0 573209634
2 1894 1966
1 735 909 0 932782828
1 1056 1322 0 442431041
1 241 913 0 510833906
2 51 1629
1 193 391 0 750956103
1 668 1978 0 148951123
2 782 1041
2 797 1348
2 289 546
1 662 941 0 405072680
1 88 731 0 391748982
2 530 1549
1 1166 1804 0 182916836
2 289 1511
2 141 937
2 707 1461
2 667 672
2 419 664
2 1260 1856
2 62 156
2 195 379
1 285 950 0 311527084
2 223 708
1 772 819 0 948863523
1 699 1475 0 634035616
1 400 1365 0 400289885
1 833 845 0 978078305
1 274 1343 0 799220681
2 463 1509
1 857 1084 0 436792040
1 966 1201 0 24755132
1 630 1685 0 882739769
2 653 1901
1 830 1619 0 573850142
2 1153 1477
2 454 1874
1 432 1541 0 5931611
1 20 1912 0 679998570
1 1319 1319 0 572005248
1 1299 1700 0 422771322
2 951 1673
2 801 1614
2 1044 1530
1 314 975 0 748634979
1 246 833 0 411102934
1 456 1464 0 632108907
2 1041 1323
1 451 808 0 561625120
1 258 501 0 501900523
2 349 463
2 1127 1569
2 345 453
1 48 1128 0 47097907
1 489 541 0 34735738
2 462 1591
1 586 1577 0 574883072
2 935 1276
2 654 1862
2 127 1389
1 126 1490 0 68249604
2 984 1687
1 726 849 0 242772204
2 1372 1889
1 1016 1080 0 845308342
1 737 1930 0 555741676
1 248 1816 0 998822821
1 96 1264 0 846345680
1 47 61 0 258689290
1 680 1776 0 731138781
2 1373 1766
1 819 1680 0 558799313
1 495 1215 0 345622752
2 288 416
2 510 602
2 708 938
2 726 1737
2 715 901
1 406 1404 0 929939076
1 431 1641 0 333376319
1 1050 1294 0 487666458
1 1277 1323 0 924048082
1 284 411 0 968938473
2 448 1278
2 928 957
1 1326 1347 0 110197609
1 79 675 0 288966398
2 87 601
2 63 430
1 634 825 0 284933616
1 597 995 0 983795953
2 397 776
2 313 600
2 1592 1819
1 708 953 0 68256380
2 1200 1585
2 665 755
1 188 930 0 609274543
1 735 1900 0 805237205
1 889 1026 0 692125340
2 792 1550
2 286 667
2 966 1248
1 293 1899 0 209204652
1 1048 1541 0 881767160
2 59 428
1 1035 1086 0 326325340
1 625 1679 0 418440684
2 282 1436
1 147 1454 0 423578193
1 884 1184 0 516769403
1 449 1418 0 203483930
2 734 1804
2 633 1663
1 1050 1947 0 183816518
1 466 892 0 679820576
1 276 1281 0 840191845
2 255 1186
1 190 1963 0 46551126
1 50 1781 0 447353288
2 683 1384
2 947 1413
2 989 1137
2 799 1430
2 1092 1665
1 489 1806 0 526266384
2 1154 1846
2 295 1862
1 1260 1317 0 174560476
2 1332 1813
1 47 419 0 432192659
1 1002 1346 0 840539352
2 1115 1712
1 188 680 0 474804779
1 350 1461 0 86016950
2 317 1893
1 230 1542 0 567294642
2 174 1640
1 549 1737 0 371804184
1 1302 1497 0 66815723
2 661 1611
2 546 626
1 476 1585 0 597833328
2 77 1185
1 1485 1601 0 93466230
2 197 476
2 1169 1368
1 443 809 0 313246502
2 636 1645
1 85 964 0 571015260
1 551 1972 0 341961176
2 384 1277
1 539 971 0 821966377
1 880 1591 0 581196842
2 442 1697
1 256 1411 0 134632001
2 71 1302
2 764 1725
2 366 1605
1 37 1851 0 347031259
1 297 1765 0 422809523
1 215 1060 0 307453471
2 72 928
1 57 184 0 789958685
2 903 1746
2 429 1228
2 1872 1947
2 945 1963
2 833 1524
2 506 1893
1 263 1894 0 748610899
1 579 1990 0 259170386
1 582 1353 0 917890920
1 1476 1913 0 795480380
1 936 1938 0 558984112
2 446 635
2 1098 1318
2 139 1582
1 988 1930 0 522522715
1 1310 1925 0 921948226
1 1008 1913 0 100566769
2 75 1304
1 166 1639 0 822959538
2 106 1873
1 692 1046 0 400934492
1 665 1361 0 416631287
2 197 1661
1 1135 1955 0 386303881
1 25 1422 0 74598534
2 142 503
1 217 1062 0 428673892
2 171 1122
2 297 986
1 1104 1830 0 975246425
2 840 903
1 1874 1882 0 961862097
2 571 732
2 321 545
2 441 1303
2 1291 1538
2 1250 1939
2 300 526
1 820 1777 0 121913608
2 217 1703
1 1475 1976 0 194427002
1 478 1187 0 792481896
2 290 822
1 319 486 0 633287711
2 810 1667
1 1400 1655 0 715898342
2 1130 1982
1 1035 1427 0 422103264
1 1381 1963 0 777843932
2 406 1334
2 1892 1904
2 1674 1902
2 1413 1855
2 1406 1746
1 1685 1876 0 290262727
2 116 1645
1 424 804 0 653681454
1 1750 1941 0 430133569
2 1219 1319
2 142 640
1 144 1365 0 364020853
2 1366 1552
1 1776 1976 0 1416998
1 271 1798 0 403644882
1 191 1089 0 949049469
1 985 1091 0 425879546
2 101 429
2 174 202
1 330 1087 0 812587713
2 799 1778
2 9 1408
1 409 1915 0 895422002
1 9 613 0 789578545
1 108 1400 0 527837124
2 676 1565
1 29 942 0 11042074
1 72 1587 0 172468493
1 1055 1869 0 32253096
1 668 1839 0 519826764
1 477 513 0 110988970
2 1147 1819
2 405 1939
1 891 1868 0 532454044
2 17 1165
1 1271 1984 0 528428191
1 1369 1859 0 165125288
2 764 1839
2 342 1699
2 111 1477
1 1308 1702 0 791216727
1 761 1285 0 692213244
1 226 1989 0 631151049
1 1374 1401 0 95793389
1 1586 1863 0 346450295
1 1276 1358 0 847995578
1 311 1570 0 905403709
1 765 1578 0 469748881
1 327 562 0 70564153
2 28 1325
1 548 1893 0 200654619
2 1610 1747
1 562 850 0 563545710
2 267 1918
2 221 223
1 187 638 0 90598877
1 1445 1644 0 786075160
2 472 1688
1 47 517 0 437691402
1 383 1022 0 54943341
1 590 1050 0 670993687
1 199 1503 0 11968117
2 872 1944
2 512 758
2 1221 1804
2 538 1764
1 581 932 0 47949295
2 630 1850
1 1089 1779 0 862184750
2 88 1633
2 1432 1725
2 796 1755
1 405 412 0 720302067
1 403 1910 0 846775031
1 1038 1756 0 809944499
1 792 1016 0 197697450
1 621 1752 0 170372905
2 109 1077
2 784 1900
2 333 868
1 1030 1530 0 52726513
1 1075 1658 0 257572964
1 1255 1500 0 180026801
1 1087 1564 0 270495020
2 606 1730
1 1279 1511 0 403809882
2 313 977
1 1026 1247 0 456100318
1 46 1419 0 852928333
1 67 841 0 344933358
2 1332 1994
2 724 1342
2 236 1468
1 1790 1854 0 389205080
1 1439 1514 0 650251674
1 339 1225 0 809651343
2 107 1973
1 238 770 0 355729002
1 707 1023 0 52646530
1 1496 1847 0 751780912
1 5 1484 0 255309412
2 1270 1513
2 414 1040
1 1320 1896 0 941005351
1 348 1109 0 229790708
2 851 1571
2 126 1030
