1991 1993
1 673 1538 0 620760586
2 176 1048
1 817 1466 0 464137596
1 401 902 0 338590118
1 379 1702 0 283310550
2 319 1740
2 990 1683
2 295 1124
1 108 392 0 663506729
1 75 253 0 841975273
2 467 880
1 300 1185 0 572335392
2 490 1291
2 648 1502
1 888 1258 0 985861238
1 1186 1387 0 753240156
2 963 1268
1 151 212 0 630025826
1 797 1784 0 553368220
1 715 753 0 779205802
1 372 434 0 494213800
2 616 712
2 1066 1571
1 312 1826 0 819780604
2 1042 1676
1 402 1773 0 117757287
1 158 1034 0 856534542
2 528 1597
2 884 1397
1 61 885 0 208025880
2 367 1263
2 1771 1839
1 525 1213 0 138505820
1 1071 1693 0 790946783
1 169 1890 0 95920202
1 1122 1614 0 85679820
2 1409 1685
1 27 887 0 336298651
2 1227 1426
2 428 1916
1 33 1737 0 64843366
2 1096 1386
2 1158 1725
1 171 1871 0 336007565
2 543 1610
2 365 467
2 383 1804
1 793 1224 0 21568388
2 551 1016
1 1867 1913 0 484601006
1 21 1434 0 138486222
1 240 635 0 963197100
1 886 1989 0 491712745
1 623 942 0 89878450
1 1023 1682 0 59178670
2 255 1331
1 138 1415 0 414285545
2 236 1081
1 388 1022 0 823015593
1 477 1402 0 988630031
1 912 982 0 973087691
2 39 1472
2 39 1217
2 32 1478
1 21 959 0 727735767
1 508 1712 0 643366757
1 1678 1818 0 110304111
2 162 243
2 273 1782
2 43 1872
1 605 1366 0 372715141
2 605 1496
2 355 391
1 1109 1956 0 196349043
2 1132 1468
1 1329 1897 0 98646274
1 302 351 0 679935458
2 58 1927
1 350 857 0 499778189
2 236 881
1 1137 1673 0 821197047
1 150 1649 0 70260592
1 954 1541 0 262692862
2 1528 1623
2 140 1172
1 265 1536 0 276046126
1 267 386 0 475259717
1 1327 1332 0 69405909
2 824 1387
2 337 957
1 360 982 0 212508746
2 410 1984
2 539 550
1 715 1653 0 328117123
2 468 990
2 206 725
2 389 816
2 168 1632
2 307 1677
2 1346 1620
2 1147 1437
1 541 1429 0 417692609
1 187 1203 0 869725022
1 753 1672 0 205960574
1 579 998 0 509111029
2 1706 1786
1 1396 1855 0 380167519
1 496 885 0 324459457
2 274 483
2 186 389
1 847 1919 0 269932940
1 208 1210 0 642282726
1 264 652 0 811481890
1 63 288 0 422502432
2 647 826
1 724 1398 0 917157615
2 1149 1444
1 968 1651 0 827230074
2 1482 1599
2 1304 1738
2 1068 1904
2 1081 1691
2 49 1278
2 220 749
1 1129 1351 0 666918199
1 574 707 0 659361112
1 460 1627 0 600482099
2 1324 1326
2 48 1182
2 627 851
1 989 1587 0 453992948
1 510 958 0 459940698
1 701 1277 0 153858263
2 722 1609
2 210 810
1 1695 1700 0 136789656
2 678 1975
1 63 693 0 280029660
1 1045 1077 0 919447967
1 1177 1962 0 288100166
1 196 1822 0 659526371
1 735 1342 0 52858979
2 640 1727
2 561 1576
2 235 1031
1 837 917 0 783182111
1 268 1552 0 501611011
2 427 808
2 357 1004
1 1476 1701 0 875937468
1 67 560 0 166796615
1 1252 1592 0 73436505
2 575 1201
1 844 885 0 357608544
1 787 1552 0 900070824
2 45 805
1 286 1456 0 630996408
1 282 710 0 109140901
1 1398 1800 0 336943860
2 1147 1857
1 343 737 0 946078555
1 180 1604 0 702488053
2 414 1947
2 373 1353
2 1698 1753
2 364 532
2 484 1645
2 444 1066
1 277 1884 0 953407800
1 996 1217 0 669392384
2 565 954
2 336 990
2 992 1453
1 33 1172 0 501217169
1 349 902 0 768832531
1 505 1052 0 286995246
1 89 1723 0 854056816
1 537 1425 0 821761584
1 247 1379 0 517620252
2 1125 1273
1 991 1990 0 97036351
2 309 1781
1 926 1046 0 533712538
1 271 345 0 167657157
2 1784 1827
2 1790 1810
2 1169 1662
2 536 1712
1 317 627 0 26989553
2 753 868
2 1398 1920
1 993 1731 0 463327606
1 1574 1866 0 367952933
1 89 1533 0 863664782
2 59 602
2 73 1420
1 905 1039 0 411277122
1 36 1605 0 894024098
2 637 709
1 875 1800 0 66055067
1 155 475 0 74755818
1 3 365 0 251318067
1 1103 1940 0 356752089
2 672 1591
2 27 336
2 971 1185
2 445 673
2 1545 1758
1 179 1076 0 862558880
1 293 463 0 392945610
1 350 1779 0 2418773
2 277 1599
2 1797 1953
2 1463 1820
1 161 1699 0 549167840
2 964 1910
1 901 1830 0 372481472
1 717 1725 0 597342132
2 538 1935
1 933 970 0 284041578
2 722 1165
2 1209 1225
2 896 1218
1 666 1898 0 459319313
1 47 175 0 266908329
1 1847 1874 0 885795100
1 475 1572 0 20612308
2 865 1358
1 1045 1071 0 907115408
2 738 1812
2 464 526
1 479 903 0 618568398
1 341 559 0 700031376
1 729 1618 0 289617431
2 641 1273
1 713 1773 0 823958943
2 725 1074
1 1225 1452 0 124265087
1 8 1724 0 685757939
2 446 1454
2 612 881
2 362 383
1 241 461 0 229614722
2 279 1645
2 1029 1341
2 925 1521
1 847 1315 0 809313825
2 670 1130
2 1106 1745
1 605 1512 0 85560764
2 832 987
1 903 1730 0 324547235
2 33 1586
1 455 603 0 867847846
2 809 942
2 646 1105
1 51 127 0 156584657
2 263 674
1 250 1270 0 362021992
1 694 916 0 942327118
2 1284 1294
1 205 1311 0 80142257
1 173 297 0 221555124
1 393 1273 0 964237534
2 119 136
1 1007 1127 0 908469538
1 263 1578 0 600150016
1 173 1777 0 795083264
2 1648 1963
1 1358 1507 0 316025718
1 294 533 0 939641008
1 750 1728 0 118416078
2 793 1109
1 783 1790 0 167092965
2 640 1449
2 275 1729
2 33 568
2 186 1652
1 402 507 0 585370686
1 360 518 0 63569848
2 33 460
1 287 1621 0 490142853
1 1819 1922 0 931253463
1 228 1519 0 936062340
1 560 1328 0 544535672
1 793 1450 0 854575740
2 1277 1745
2 821 1305
2 359 1968
2 949 1714
2 722 1769
2 486 678
1 145 965 0 368638104
2 589 1042
1 495 1104 0 283879414
1 161 837 0 220130103
2 518 1919
2 421 1157
1 605 1024 0 31982026
2 1346 1520
2 992 1763
1 103 363 0 139383843
2 981 1333
2 468 699
2 1040 1485
2 258 1224
1 1840 1964 0 872234253
1 84 1593 0 568963532
1 392 1706 0 911706890
1 184 801 0 993798926
1 11 1478 0 443811011
1 818 1176 0 206712870
1 310 1948 0 338605916
2 637 1230
1 1134 1189 0 933582528
1 1093 1197 0 723890193
2 1622 1821
1 291 954 0 836509359
2 542 1790
2 1174 1315
1 651 1057 0 222703650
1 1620 1861 0 510711654
1 107 766 0 135754908
1 226 1348 0 640797026
2 315 1659
1 357 471 0 618330660
2 652 887
1 211 1971 0 842677991
1 225 1365 0 719718353
2 841 1751
2 9 304
2 125 208
1 633 802 0 231408764
1 941 1422 0 509060286
2 15 1604
2 651 1292
1 1136 1950 0 247322257
1 324 1697 0 456848420
2 349 1711
2 1070 1580
2 52 838
2 1250 1670
2 504 1214
1 119 1567 0 939146719
2 1416 1444
1 172 1582 0 891246595
2 837 1523
1 854 1441 0 156743773
2 173 561
1 710 1394 0 442846933
2 895 911
1 1327 1616 0 971800748
2 1179 1497
1 12 173 0 382339066
2 156 874
1 274 1922 0 444824204
1 292 1266 0 38766994
1 399 1547 0 402839239
2 1225 1404
2 1369 1624
2 156 1297
1 61 136 0 497909987
1 1575 1657 0 628529893
2 419 1738
1 122 1530 0 298364434
2 216 1766
1 714 1921 0 890185927
1 706 1569 0 379209858
1 922 1070 0 200345545
1 430 1155 0 254559163
1 375 1830 0 965512321
1 533 1596 0 454650894
2 618 1826
1 42 294 0 825617937
2 561 1867
1 1053 1839 0 576961678
1 1632 1914 0 982232090
2 359 808
1 37 433 0 643824510
1 930 1545 0 337148990
1 523 1386 0 721279758
1 409 867 0 918438648
1 90 1874 0 92125202
2 319 1612
2 589 1965
2 1590 1821
1 216 1724 0 272166284
1 1207 1791 0 311925852
1 270 1948 0 207005288
1 212 711 0 242079858
1 316 1980 0 639214359
1 83 912 0 580292325
1 1419 1728 0 677190435
1 1082 1986 0 534667521
1 848 1150 0 239128082
2 1339 1715
2 1438 1513
1 1256 1484 0 978451896
1 1957 1969 0 466423851
2 1380 1804
1 377 1201 0 151756891
2 307 1232
1 1241 1426 0 792313065
2 183 634
2 1298 1486
2 499 1359
1 678 1201 0 690697663
1 852 1757 0 509245064
1 511 747 0 885982664
2 235 1926
2 833 1471
1 118 142 0 341372283
1 588 1344 0 380400292
2 805 942
1 315 354 0 948911900
1 378 792 0 145932988
2 1125 1474
1 811 1703 0 91273149
2 263 1031
1 77 1421 0 323605066
1 822 1311 0 216714668
2 1879 1927
1 331 1658 0 978240803
2 1240 1546
1 92 137 0 507301552
1 703 935 0 633040205
1 174 1510 0 395702498
1 849 1605 0 194797400
1 164 274 0 942275916
1 1468 1622 0 537325897
1 1422 1684 0 803043764
2 1468 1582
1 1072 1573 0 849405875
2 171 780
2 1667 1717
2 105 1656
1 1109 1671 0 630114314
2 47 1416
1 1355 1951 0 207957620
2 315 1125
1 218 1005 0 119004147
2 1074 1931
1 708 1651 0 804359063
2 833 1923
1 739 1777 0 573446597
2 29 719
2 699 1763
2 611 1611
1 630 1718 0 441314556
1 704 1784 0 392572878
1 202 423 0 211959087
2 179 1741
1 170 887 0 265328865
1 527 1403 0 659199675
2 1334 1693
1 31 376 0 732032876
1 137 705 0 584321027
1 76 559 0 299190593
1 248 1300 0 915302719
1 1428 1917 0 434496709
1 269 688 0 87150444
1 1110 1194 0 930817765
2 1294 1577
2 260 1950
2 147 1641
2 1269 1442
2 994 1199
1 539 1202 0 555910217
2 1158 1908
1 206 1552 0 786552747
1 1645 1688 0 806372638
1 845 1346 0 460924975
1 407 1621 0 50120175
1 804 1835 0 374834032
1 661 1013 0 588158262
1 308 1630 0 215280507
2 794 1788
2 225 1034
2 1121 1923
1 1394 1713 0 682946995
1 371 1432 0 886552759
2 1701 1973
1 133 1877 0 327740049
1 528 1591 0 634242754
2 636 720
2 400 1891
1 1654 1776 0 752874496
1 1447 1671 0 519632252
1 1570 1923 0 568424052
1 307 721 0 637374718
2 1092 1561
2 75 1462
1 505 1829 0 713754907
2 1079 1766
2 907 1734
2 1230 1350
2 464 887
2 833 1581
1 226 1811 0 515055671
2 66 390
1 1096 1674 0 258029872
2 784 1615
2 233 1272
1 45 1322 0 836629227
2 159 1538
1 26 466 0 188753548
2 746 1472
1 102 311 0 111657600
1 744 1923 0 809685672
1 1502 1539 0 146503923
1 1333 1336 0 349252344
2 379 1228
1 1558 1840 0 527132348
1 476 1076 0 505295718
2 49 926
2 305 1560
1 57 264 0 841584524
2 1259 1306
2 176 588
1 1186 1828 0 842799153
2 30 206
2 333 1645
1 624 1626 0 597774498
1 289 692 0 664640542
2 1293 1781
2 443 496
2 1700 1845
2 25 859
1 127 890 0 792176312
1 32 1861 0 69806006
1 719 1310 0 513494965
2 1775 1887
2 399 1892
2 55 1496
1 357 744 0 689861663
1 620 1954 0 711998493
1 1632 1865 0 195015033
1 671 1958 0 820334081
2 800 1041
1 19 1200 0 462053436
1 1739 1952 0 355597315
2 395 1124
2 804 1471
1 327 1062 0 866910666
2 559 1727
1 436 866 0 681863653
1 170 1400 0 951018962
1 1448 1954 0 118634729
1 561 1885 0 149989739
1 940 1060 0 389753865
1 383 1143 0 154928584
2 355 1061
2 1384 1568
1 1404 1444 0 556723901
1 182 311 0 96353479
1 177 1520 0 20360279
2 1400 1986
2 834 1437
2 707 1858
2 58 1687
1 1257 1601 0 923450211
2 973 1452
2 556 1388
1 790 1980 0 914412366
1 526 638 0 647326328
2 877 1868
1 1126 1881 0 338862630
1 563 726 0 520729916
1 253 1705 0 825589300
2 88 1792
2 163 976
2 184 1650
1 803 1219 0 876367370
1 399 794 0 708636882
2 38 425
2 257 1128
1 76 1975 0 970744637
1 67 1654 0 376601906
2 396 1139
1 299 725 0 265734416
1 653 691 0 959619686
2 380 1848
2 542 1119
2 505 1381
2 64 465
2 908 968
1 698 1696 0 433909939
1 1369 1654 0 241647564
2 307 420
2 390 1883
2 400 908
1 9 1387 0 145169502
1 663 1190 0 687749204
1 849 1542 0 790849038
1 179 1826 0 840157178
1 1688 1882 0 206879814
2 584 1618
1 1079 1460 0 927293012
2 39 646
2 232 1461
2 16 811
1 1482 1826 0 395658160
1 1099 1902 0 199869206
2 588 1840
2 1248 1603
1 49 1990 0 430113589
1 499 584 0 812879854
2 1358 1772
1 1428 1692 0 484745394
1 614 1609 0 306379967
1 498 1711 0 407163613
2 1036 1274
1 182 920 0 84653322
1 68 1024 0 873654144
2 906 1617
2 528 1780
1 232 1487 0 90566958
1 1704 1991 0 346106350
1 338 846 0 923440839
1 1493 1973 0 648674927
1 361 470 0 317517978
2 190 359
1 216 1324 0 804985614
1 549 1671 0 454681738
1 1037 1081 0 870657738
2 75 430
1 815 1171 0 293571321
2 1006 1937
2 387 1715
1 928 1793 0 819071696
1 1082 1568 0 109817699
2 1265 1965
2 1380 1622
1 87 447 0 9871877
1 302 589 0 75441978
2 230 1550
1 159 1402 0 520886308
1 269 968 0 594062613
1 458 1845 0 603291302
1 276 614 0 908394135
2 1199 1251
1 865 996 0 989737855
1 531 1297 0 549252712
2 1656 1853
2 707 1646
2 945 1162
1 402 679 0 595138914
1 468 1446 0 89401231
1 1455 1911 0 529253054
2 1352 1701
1 1151 1760 0 718083548
1 476 983 0 59488132
2 352 1122
1 44 1195 0 177583530
2 521 1318
1 454 1736 0 436167828
2 420 646
1 1051 1691 0 915781030
1 857 991 0 180939062
2 599 1153
2 49 175
2 680 1516
2 967 1093
1 258 1671 0 533152091
1 1514 1833 0 803149559
1 180 1163 0 161053275
1 312 560 0 546457533
1 60 497 0 926009530
1 356 644 0 172799238
2 766 1480
2 391 629
2 295 738
1 59 1655 0 72349639
1 422 1167 0 113449877
2 1134 1800
1 812 971 0 321101062
2 711 1551
2 223 1026
2 1002 1696
2 1021 1627
2 349 1660
1 1574 1796 0 442402104
1 671 1431 0 825927357
1 1027 1954 0 24304586
2 335 1642
1 349 1314 0 887771303
1 537 1988 0 142565332
1 894 1503 0 699675719
1 1358 1805 0 765902765
1 1406 1541 0 339348880
2 1093 1799
1 103 783 0 581206851
1 1165 1578 0 953577874
2 346 912
1 1366 1785 0 581070428
2 633 1469
1 1081 1688 0 218464081
1 500 1841 0 456582757
2 1137 1421
2 912 1449
2 1059 1376
1 1742 1960 0 722680669
2 1141 1193
1 554 1740 0 520303003
2 414 1363
2 92 1932
1 868 1561 0 705507014
2 543 597
1 115 280 0 206657163
1 995 1003 0 143156686
2 357 1537
2 1019 1054
1 435 521 0 403746190
1 42 642 0 926810722
2 665 1192
1 1026 1172 0 469528994
1 1135 1305 0 594373316
1 1237 1270 0 863000855
1 266 1685 0 937894333
1 278 1199 0 315779373
1 136 1600 0 151604361
2 332 935
1 1414 1864 0 528428782
2 918 1826
1 1241 1647 0 495309132
2 701 1224
1 875 963 0 592851724
1 655 1075 0 521724616
1 1395 1477 0 132513547
1 181 1568 0 849513681
2 1033 1566
2 65 281
1 754 1904 0 744572605
1 335 1092 0 809580742
2 666 1617
1 332 1217 0 519158265
1 196 1650 0 677568187
1 936 1276 0 669725801
2 1553 1874
1 1118 1362 0 103140199
1 1726 1857 0 114178509
1 187 1240 0 887301180
2 229 1086
1 294 1307 0 849200165
2 1084 1914
1 44 308 0 632509825
2 1778 1793
1 166 249 0 865357027
2 198 1051
1 576 1692 0 276960124
1 1101 1974 0 259345572
1 720 1137 0 730670458
2 455 1525
2 398 862
2 348 682
2 218 517
1 655 1164 0 578006591
1 353 1090 0 695412812
2 527 1582
2 794 867
2 164 250
1 464 700 0 978062359
2 812 1770
1 281 842 0 819613520
1 58 710 0 738175618
1 180 801 0 814358662
1 629 680 0 309203574
2 164 1062
1 1055 1399 0 495699796
1 241 481 0 681821143
1 49 1172 0 33706464
1 356 622 0 352473327
2 411 1677
2 442 1409
2 757 1160
2 502 741
1 770 1577 0 619160602
1 618 1946 0 537558914
1 572 1345 0 315380090
2 366 794
2 877 1686
1 1523 1897 0 906451262
1 1012 1939 0 410171920
1 512 941 0 998144719
1 576 1473 0 555255574
1 70 600 0 469324278
2 437 1025
1 294 958 0 503173787
2 990 1440
2 851 1093
2 818 1499
2 1077 1882
2 492 1519
1 934 1424 0 316598951
1 995 1805 0 569907992
1 114 1411 0 428390388
2 138 1985
2 1090 1196
2 1161 1729
1 1502 1548 0 689264522
2 1191 1354
2 803 1081
1 500 868 0 874648628
1 653 1979 0 74985747
2 84 1603
1 289 732 0 965377885
1 355 1864 0 301924589
2 1069 1314
2 282 1647
2 247 972
2 1367 1800
2 274 1827
1 15 1773 0 5908673
2 500 1045
2 261 826
2 1147 1952
1 70 969 0 649184434
2 102 1490
1 319 1029 0 513114832
2 160 1714
1 534 1906 0 737248729
2 908 1678
1 916 1972 0 397578700
1 159 197 0 699511940
2 577 880
2 1177 1332
1 14 1585 0 927887041
2 257 1735
1 369 886 0 55747945
1 404 739 0 33494565
1 1098 1286 0 415995852
1 239 1719 0 871920348
2 369 1873
1 871 1667 0 245623688
1 777 1465 0 433715651
1 927 1427 0 32287222
1 1188 1861 0 951584667
1 282 860 0 580626074
2 918 1957
2 168 190
1 1528 1755 0 592017494
2 1510 1695
2 1684 1686
1 626 1963 0 275030964
2 496 1617
1 416 1587 0 893821927
1 367 617 0 571802948
1 63 1913 0 396080127
1 355 1960 0 961279622
2 75 1425
2 424 1260
2 247 1569
2 1144 1783
1 862 897 0 455480762
2 67 1160
2 377 1689
2 660 1034
2 991 1579
2 661 1130
1 785 1160 0 569687441
1 539 1304 0 597747830
2 1847 1907
2 1283 1438
1 953 1638 0 916930502
1 655 893 0 238950491
2 497 1775
1 272 1715 0 1824269
1 1701 1846 0 461187725
1 850 1223 0 48844121
2 443 1923
2 67 1983
1 529 1837 0 424726780
2 298 746
1 288 1276 0 46771604
2 1254 1322
1 626 1028 0 591004534
2 825 1593
2 209 1212
2 1068 1484
2 291 782
2 768 1222
2 505 510
2 633 1183
1 345 769 0 674684251
1 98 551 0 814734386
2 364 530
1 374 708 0 684537773
1 993 1964 0 960967774
1 1479 1711 0 302324015
2 1375 1619
2 493 1365
2 1200 1237
1 1351 1699 0 916632793
2 387 819
1 413 1393 0 795178890
1 29 776 0 370573705
1 1131 1176 0 397920306
1 288 866 0 491082749
2 926 1761
1 309 821 0 737550254
1 788 1045 0 313798841
2 1455 1881
1 791 1223 0 408971915
1 1052 1147 0 865096350
2 168 1904
1 15 73 0 823486826
2 988 1302
1 146 1596 0 496784774
1 1358 1960 0 171685211
2 510 1961
1 1247 1669 0 378588015
2 1615 1756
1 1348 1989 0 483704595
1 152 517 0 604158077
2 498 1932
1 220 429 0 528836625
2 162 1676
1 235 1686 0 980797380
2 143 649
1 472 580 0 201629836
2 1230 1561
1 82 1774 0 188347628
2 1227 1935
2 1180 1185
2 884 1662
2 212 1616
1 1380 1684 0 941234685
1 434 553 0 233944779
2 1115 1548
1 584 1562 0 316323171
2 1334 1464
1 1318 1629 0 243500273
1 168 1401 0 840779529
2 1388 1757
2 787 1534
1 643 766 0 316749765
1 296 1826 0 756198687
2 540 1119
2 716 1353
2 398 917
2 438 1764
2 1423 1865
1 634 1159 0 705389992
1 34 1095 0 74714308
2 620 904
2 1213 1746
2 106 1208
1 349 1662 0 660636678
1 731 804 0 670369470
2 1259 1370
2 15 666
1 1236 1319 0 656652454
1 488 1179 0 884739853
2 17 873
2 110 1271
1 470 1222 0 419292011
1 625 818 0 712341985
2 5 352
1 990 1242 0 521301712
2 1152 1741
2 773 780
1 344 932 0 453482575
1 192 1381 0 991293442
2 957 1598
1 286 753 0 248689367
1 162 924 0 605686607
1 34 1945 0 621532724
1 1101 1703 0 820176610
2 1694 1771
1 983 1370 0 98045549
1 8 1068 0 409247568
2 56 540
1 758 1238 0 776193698
1 157 1986 0 157239764
1 1169 1495 0 68019051
2 348 526
1 41 646 0 821591136
1 1292 1659 0 847558207
2 161 887
1 792 1841 0 953041110
2 412 589
1 1006 1505 0 212648042
1 668 1363 0 74903484
1 886 1327 0 623100661
2 413 954
1 90 1591 0 236390908
1 615 1069 0 397318317
2 130 1579
1 7 405 0 66471418
2 148 687
2 179 1945
2 246 1114
2 714 1545
1 276 729 0 767070286
1 293 1882 0 52767100
1 21 1025 0 91097089
2 1050 1236
2 1768 1921
2 483 1722
2 447 1126
2 198 470
2 442 1255
1 260 1057 0 504180002
2 1400 1484
2 695 726
1 268 805 0 464634530
1 1318 1454 0 623346407
1 819 1977 0 518094014
2 108 188
2 1033 1126
2 1100 1114
2 609 827
2 1299 1456
1 356 1361 0 836580232
2 538 968
2 702 1657
1 131 511 0 245671899
1 594 1237 0 747109831
1 683 1325 0 7154781
1 963 1836 0 861013731
1 1136 1885 0 56855052
1 531 1253 0 415810106
1 1011 1456 0 856742462
2 612 1590
1 1062 1957 0 938298117
2 66 870
1 399 894 0 430833521
1 63 234 0 537546619
1 1211 1956 0 973942684
1 84 290 0 30973390
1 49 252 0 416926070
2 440 1508
1 305 847 0 706396795
1 693 1616 0 108674619
1 819 1746 0 850031155
2 553 1109
1 1134 1537 0 278078830
2 1010 1704
2 951 1213
1 553 1301 0 825933194
1 356 1741 0 478570093
2 7 530
2 1524 1877
1 386 1025 0 174265925
1 883 1570 0 610480128
2 1601 1888
2 103 601
1 134 1913 0 236557523
1 731 1823 0 111101974
2 694 1599
1 1027 1359 0 400074832
2 1277 1875
1 124 625 0 664952141
1 1046 1943 0 541628785
2 931 1774
2 865 1465
2 125 1513
1 815 1027 0 181134130
2 927 1176
2 530 1829
2 828 1304
2 684 1092
2 1178 1245
2 1013 1153
1 726 1266 0 803909073
1 305 612 0 341690932
2 1788 1902
1 1129 1148 0 113975344
1 1282 1379 0 816511585
2 1183 1501
2 140 1178
2 1138 1326
2 1285 1949
1 366 876 0 320863035
1 756 1263 0 472571197
1 111 1183 0 892898183
1 1174 1259 0 918137497
1 1129 1520 0 627251624
2 1252 1873
2 1216 1860
2 759 1733
2 948 1340
2 26 682
1 489 1105 0 686017058
1 1667 1876 0 263759508
2 410 1667
1 593 1265 0 543713661
1 551 1127 0 774220891
2 125 1986
2 994 1034
1 1506 1976 0 401056738
1 149 167 0 502291678
1 1073 1079 0 505969108
1 1661 1731 0 693734448
2 799 1891
1 372 1011 0 755505531
1 1309 1945 0 377813731
2 215 1516
2 688 996
1 394 1703 0 243729760
1 98 1549 0 850778631
1 1316 1787 0 898647932
1 437 1672 0 759076738
1 1123 1697 0 805121117
1 511 1331 0 579170420
2 1894 1906
2 1174 1601
2 189 1506
1 618 1677 0 756612589
1 650 1159 0 764906774
1 256 1718 0 228593930
1 1647 1929 0 850377370
2 309 604
2 48 1758
1 1289 1885 0 158023167
2 630 1472
1 709 868 0 991297953
1 791 854 0 16182910
1 679 713 0 810314333
2 81 1342
2 586 1234
2 716 1911
1 222 830 0 234571579
2 808 1764
2 872 1100
2 1182 1404
1 1490 1807 0 897594294
2 461 1784
1 1252 1915 0 108558584
2 452 916
2 690 793
1 1177 1499 0 131836817
1 810 1319 0 462230838
1 214 1255 0 961881575
1 397 647 0 998692688
1 943 1776 0 470150260
2 122 1901
2 347 747
1 394 1211 0 535967237
1 837 1981 0 227072121
1 829 1273 0 960951725
1 205 1695 0 904666627
1 150 1535 0 18644826
2 1331 1414
1 1419 1703 0 651936653
2 362 1876
2 989 1379
1 508 1573 0 149893468
2 680 1857
2 826 1893
1 751 1688 0 778488422
2 510 1136
2 1507 1972
1 47 323 0 116011436
1 456 832 0 638233340
2 731 1488
2 610 1175
1 1017 1757 0 123001237
1 662 1353 0 912058825
1 147 1516 0 437404975
1 6 1953 0 483424614
2 1433 1970
1 2 1850 0 551428214
2 7 1838
1 1271 1799 0 276930440
2 1049 1877
1 1789 1898 0 339157380
1 1234 1485 0 905871017
1 1073 1868 0 922781204
2 1352 1972
1 129 1289 0 279795659
1 175 822 0 59449242
1 642 1599 0 388966805
2 752 1687
2 437 1744
2 72 852
2 1218 1820
2 229 783
1 1452 1957 0 383780502
2 762 999
1 1285 1442 0 417599557
1 814 1088 0 702733447
1 618 1183 0 799238838
1 792 1954 0 620997901
2 447 1786
1 1944 1949 0 918337305
1 844 1673 0 717090695
1 182 1136 0 206686859
1 93 700 0 270864919
2 360 1223
1 510 1276 0 547109040
1 151 1127 0 479495048
1 858 1518 0 718917702
2 1154 1440
2 865 1009
2 235 710
1 409 1129 0 447563663
2 550 1973
1 348 423 0 130663345
2 1233 1607
1 1061 1629 0 708651650
1 165 1073 0 241017925
1 441 1563 0 164373037
1 833 837 0 522624211
1 1084 1713 0 545418365
2 1467 1762
2 475 1701
1 153 423 0 476591686
2 43 1868
2 311 1094
1 565 1429 0 33608458
2 276 1766
2 121 1332
2 1273 1805
2 894 1567
2 1228 1867
1 507 579 0 880478840
1 3 1172 0 157174781
2 315 905
1 301 568 0 121460820
2 340 899
2 694 1579
2 264 264
1 1266 1819 0 195336480
2 534 1288
2 312 1881
1 1342 1891 0 874724338
1 337 1891 0 601859671
1 376 1514 0 515308085
2 939 1465
1 801 868 0 546458775
1 378 1877 0 29882151
1 681 1155 0 818696207
1 454 1528 0 832357985
2 40 202
1 797 1969 0 320285988
1 280 768 0 147199281
1 1477 1941 0 230475515
1 270 1714 0 988899184
2 187 1256
2 619 1396
2 633 890
1 830 1463 0 59330702
2 826 1539
1 1012 1293 0 59064869
1 1051 1581 0 884830645
2 1059 1063
1 817 1029 0 971122386
2 385 1244
1 1282 1826 0 598784876
1 908 1225 0 28833154
2 41 1493
2 1517 1649
2 931 1574
2 300 768
2 515 1008
1 1258 1457 0 947542604
1 286 1857 0 934571464
1 266 510 0 471235164
2 832 1031
2 917 1594
2 140 572
2 314 883
1 709 1756 0 522298932
1 911 1970 0 635329693
2 540 1226
2 756 1534
1 162 1027 0 313994731
1 8 163 0 524319124
1 880 1238 0 568691408
2 1058 1589
2 563 1345
2 1158 1625
1 535 786 0 694544992
2 251 632
1 824 842 0 343943960
1 241 1791 0 615380341
1 1404 1545 0 208608449
1 856 998 0 62495010
2 2 715
2 506 956
1 364 1714 0 440052079
2 844 938
1 221 1790 0 430992268
2 1012 1910
2 973 1727
1 1461 1753 0 341079909
2 476 755
2 576 1632
1 974 1123 0 144240221
1 844 1248 0 634228840
2 629 991
1 1105 1922 0 705709781
2 188 654
1 1318 1892 0 143367293
1 1598 1958 0 923942890
2 576 1183
2 187 1401
2 1430 1583
2 892 1540
2 947 1591
1 926 1937 0 209963700
2 256 475
2 1126 1627
2 747 1853
2 32 1144
2 681 1845
2 1407 1770
2 1152 1204
1 1008 1454 0 601268111
2 1668 1672
1 560 1148 0 337041936
2 335 1339
2 903 1066
2 25 831
2 861 1653
2 395 1345
2 1505 1748
1 758 1514 0 666006582
2 1513 1789
1 544 1960 0 572679511
1 9 1730 0 474914864
2 1295 1777
1 594 822 0 672950029
2 54 935
2 49 1236
1 924 1041 0 178211925
1 907 1751 0 123803268
2 468 1235
2 1438 1711
2 521 806
1 752 1249 0 730393454
2 65 867
2 853 1562
2 567 1292
2 1278 1773
2 808 1754
2 74 1445
1 882 1410 0 858424644
2 293 989
1 1401 1534 0 749273970
1 11 1845 0 472817018
2 76 994
2 205 1894
2 1135 1153
1 441 1322 0 678837285
1 1376 1968 0 83881293
1 276 1372 0 728869818
1 10 1889 0 456453079
2 718 1367
1 479 723 0 459301943
2 308 409
2 114 192
1 85 1706 0 394180941
2 760 1661
2 1032 1768
2 698 1267
1 761 1106 0 364866411
1 779 1659 0 210085377
1 276 1008 0 950087062
2 342 1123
2 1104 1507
2 1819 1885
2 520 1905
1 720 829 0 264204565
2 742 1203
2 1300 1395
1 480 1586 0 419291980
1 443 819 0 518713314
2 391 1843
2 1283 1444
1 502 1305 0 843164192
2 133 1927
2 358 1453
2 865 1124
1 1433 1834 0 83857139
2 139 196
1 69 941 0 726502425
2 1439 1661
2 335 1348
2 838 1144
2 1414 1563
2 1055 1499
1 478 1803 0 456237698
1 930 1930 0 727473456
1 1099 1248 0 282214053
2 1493 1519
1 1612 1864 0 12298982
1 463 1257 0 361983825
2 472 1929
2 789 1850
2 330 714
1 371 1624 0 556507323
2 622 1431
2 367 981
1 5 703 0 135624068
2 929 1219
1 553 1364 0 129468711
1 75 1484 0 612988296
2 748 1860
2 641 803
2 1108 1987
1 114 1599 0 779776476
1 996 1538 0 868912622
1 100 1723 0 511183862
1 1440 1572 0 901205855
2 366 1160
2 1553 1569
2 832 1709
2 789 1210
1 61 855 0 73128147
2 193 624
1 213 344 0 935188977
2 167 1420
1 842 1646 0 797720224
1 1211 1583 0 944322715
1 125 778 0 24273794
1 602 1958 0 550308932
2 934 1195
1 1051 1594 0 816766952
2 257 576
2 660 1309
2 1591 1833
1 38 1876 0 649176657
1 1163 1521 0 898004182
1 853 1328 0 287705414
1 1963 1976 0 474667501
1 628 1574 0 922273836
1 869 1746 0 931983272
2 140 1831
1 347 1978 0 955554413
2 133 385
1 416 1672 0 8288270
2 158 1378
2 256 576
1 1494 1851 0 910318559
1 502 1936 0 340813818
1 71 139 0 528757133
1 106 1223 0 390320763
2 486 784
2 1476 1506
2 134 278
1 134 1261 0 595027662
2 312 1399
2 589 1274
1 146 908 0 355719710
1 216 225 0 571597945
1 215 216 0 25438778
2 975 1875
1 429 1264 0 346145274
1 1532 1906 0 295460630
2 1442 1865
1 56 1927 0 5263676
2 1363 1671
1 1046 1376 0 920146552
1 57 239 0 503369987
1 133 530 0 937376752
1 966 1744 0 910310846
2 499 895
2 872 1757
2 771 1933
1 917 1680 0 799532560
2 940 1561
2 254 678
2 844 1122
1 569 965 0 919273966
1 75 1470 0 296214301
1 1527 1658 0 106295320
2 888 1266
1 1194 1227 0 817575945
1 770 889 0 394731223
1 1729 1745 0 781555366
1 601 695 0 698848433
2 715 1401
1 525 1184 0 963794002
1 925 975 0 526499679
1 101 231 0 761458488
1 1440 1734 0 940870250
1 828 965 0 866356501
1 145 1620 0 428795313
1 219 1079 0 41638805
2 480 1884
1 175 394 0 208590449
1 958 1918 0 995854197
1 632 707 0 19987152
2 55 257
1 1336 1926 0 584502625
2 1288 1878
2 441 595
2 200 1708
1 1338 1878 0 999611382
1 525 1204 0 711266865
2 797 1943
2 261 415
1 1200 1554 0 327892973
2 892 1471
1 1068 1600 0 212023265
1 1474 1517 0 946876548
2 905 1694
1 322 1575 0 975988168
1 55 136 0 131271979
2 1559 1685
1 1259 1550 0 522764106
1 1303 1583 0 567825355
1 154 1512 0 92699289
1 1535 1958 0 505966840
1 213 1194 0 919901454
2 698 1890
1 1234 1358 0 103797013
1 555 836 0 239239655
2 328 1554
2 391 947
1 1670 1857 0 525149876
2 21 800
2 547 1634
2 1646 1875
2 594 921
2 1479 1870
1 36 1034 0 259038348
1 609 611 0 369516141
1 1283 1432 0 758117212
2 488 1031
1 731 1671 0 95748699
1 333 1475 0 144320045
2 1274 1774
1 14 1028 0 240391162
2 1135 1872
2 219 800
2 42 1921
2 707 1218
2 1159 1814
2 182 732
1 226 1917 0 397683550
1 40 1428 0 801689345
2 586 1252
1 365 1576 0 379915495
1 223 1718 0 808451671
2 1358 1475
2 624 891
2 679 1816
1 832 1002 0 939324630
1 1630 1692 0 90099139
2 7 545
2 1069 1697
2 127 964
1 203 1914 0 102748397
1 1008 1541 0 398870539
2 1677 1935
2 346 1846
2 1170 1738
2 910 1931
2 361 763
2 892 1558
2 1132 1936
2 868 1605
1 2 1853 0 514582277
1 418 1700 0 676139805
1 174 1918 0 152370970
1 1797 1945 0 64670870
1 739 1215 0 483139722
2 610 1419
1 273 1182 0 197980651
2 1170 1922
2 20 149
2 505 1557
1 897 1322 0 988412020
2 693 1282
1 415 1692 0 199998138
2 1296 1540
2 194 372
1 914 1084 0 220603747
1 140 904 0 360085990
1 189 371 0 383118357
2 1076 1225
1 604 1886 0 963533172
2 960 1202
2 859 1788
2 1606 1971
1 544 1245 0 662070051
1 271 1396 0 869713881
2 169 1277
2 323 1295
2 558 1254
1 1121 1854 0 187512605
2 206 1304
2 542 1957
1 318 558 0 93242282
1 49 1395 0 760102778
1 299 996 0 280519165
2 2 1223
1 357 1962 0 788192855
2 1457 1917
2 234 651
2 469 1169
1 1500 1746 0 806704554
2 804 1383
2 772 1161
1 588 1942 0 558600954
2 392 1003
1 537 1181 0 693646854
2 1296 1375
1 277 475 0 103381664
2 1154 1486
1 1014 1016 0 956907486
2 343 1834
1 1096 1378 0 369982213
1 87 844 0 712820790
1 882 1295 0 297309495
1 1256 1702 0 236767977
1 131 770 0 530954324
1 102 435 0 860858621
1 979 1222 0 438459864
2 666 1369
2 917 1593
2 1301 1985
1 1083 1506 0 712772383
1 388 1978 0 634296034
1 838 1384 0 280439576
1 866 1116 0 730463912
2 296 1814
1 93 119 0 236499654
1 195 1474 0 172785764
2 1675 1858
2 616 1201
1 260 1651 0 678452315
1 1561 1591 0 347911939
2 276 1091
1 1049 1104 0 575006179
1 216 1941 0 32908351
2 70 1139
2 120 857
2 1315 1725
2 851 1480
2 197 1482
2 170 1903
1 673 1237 0 489669901
2 487 1601
1 601 1112 0 36038453
2 1408 1610
1 825 1307 0 421500913
1 691 1305 0 4329785
2 464 774
2 16 183
2 369 1587
1 483 962 0 975174099
1 1021 1105 0 114769711
2 597 1662
1 582 1925 0 361724008
1 65 1627 0 157624350
1 369 390 0 357973026
1 888 974 0 786521019
2 677 994
1 737 1958 0 586295369
2 332 1573
1 988 1692 0 142333877
1 992 1860 0 563216826
2 213 1843
2 644 931
2 537 620
1 733 1241 0 346740041
2 515 991
2 178 1777
1 44 1085 0 163631628
1 835 1965 0 469925614
1 448 607 0 745775505
2 249 1861
1 433 1577 0 119175163
2 755 1778
2 1239 1960
1 1294 1622 0 877894515
2 493 939
2 593 1862
2 508 908
2 849 1376
1 1239 1967 0 791035814
1 218 1443 0 527189106
1 656 975 0 958233071
1 67 1913 0 774210083
1 1341 1654 0 457978135
1 508 1563 0 689008743
2 1028 1641
2 550 1363
1 198 1023 0 235308419
1 300 480 0 992638001
2 1433 1572
1 1446 1470 0 730205644
1 1565 1731 0 738325495
2 904 1173
2 435 1212
2 125 770
2 858 1230
2 219 1382
2 142 1670
2 434 1021
2 1019 1984
1 258 1189 0 208852625
2 1154 1906
1 1007 1044 0 762807381
2 362 586
2 302 395
2 406 840
1 431 1534 0 99465707
2 96 872
2 926 1885
2 129 1195
2 1093 1613
1 957 1119 0 819908092
1 1447 1525 0 983773698
1 885 1303 0 472847278
2 885 1904
2 1272 1636
2 749 1722
1 899 1846 0 448719463
1 134 608 0 385651168
2 528 1338
1 1540 1629 0 765208608
1 468 948 0 286801835
1 328 1106 0 835951940
1 627 978 0 672596737
1 285 1945 0 435934311
2 846 1435
1 881 1696 0 804459640
2 620 899
2 45 623
2 883 982
2 342 581
1 251 400 0 243798172
2 561 1428
2 1537 1621
2 279 1591
2 95 383
1 775 919 0 191154096
2 644 1524
1 1372 1458 0 711667334
1 1315 1941 0 931941644
1 491 1477 0 243986652
1 91 1969 0 494610932
1 361 1308 0 246470717
2 1885 1945
2 409 1665
1 803 1921 0 776806201
2 78 1032
1 291 1445 0 891015294
1 199 1683 0 580372812
2 571 924
1 1013 1149 0 702874584
1 1250 1479 0 879912338
1 129 1749 0 374563552
2 790 1913
1 341 703 0 150141607
1 927 1271 0 176266095
1 1156 1409 0 163426885
1 163 235 0 377099579
1 639 1428 0 660603498
1 1058 1441 0 694220818
2 1356 1960
2 1830 1919
1 340 480 0 431032441
2 115 1548
2 346 1300
2 83 362
1 50 222 0 655585546
2 600 1232
1 123 1206 0 99816974
1 1072 1608 0 147775968
1 441 1245 0 978614346
2 196 682
1 847 1234 0 968165449
1 991 1390 0 249925587
1 142 1013 0 540617739
2 864 926
2 696 1401
1 533 603 0 333110222
1 1138 1928 0 968647130
2 539 1933
2 770 1830
2 301 471
2 576 718
1 76 1737 0 392777554
2 1041 1378
2 59 91
2 791 1223
1 398 1447 0 548030493
1 251 1881 0 936696890
1 1378 1476 0 538976229
1 732 766 0 39439135
2 141 1539
1 126 891 0 388409106
1 1322 1643 0 199755934
2 343 1877
1 1543 1706 0 94710258
2 917 1131
2 634 1356
2 25 299
1 966 1796 0 446532643
1 1061 1200 0 275594333
1 338 1565 0 723088899
1 199 1949 0 598399563
1 1480 1828 0 648271255
1 168 1913 0 341534066
1 915 1826 0 527273984
2 1176 1663
1 44 503 0 3629297
1 569 1634 0 826134478
2 299 1084
1 216 1794 0 83976839
2 702 1129
2 319 1007
1 1151 1265 0 831175103
1 1794 1865 0 208828226
2 943 1060
2 1305 1645
2 872 1156
1 107 1659 0 273732216
2 1170 1301
1 469 940 0 924343198
1 638 1848 0 847084747
1 275 1671 0 591286498
2 705 1965
2 934 1489
2 702 989
1 396 1056 0 178063812
2 1229 1651
2 1179 1342
2 666 1793
2 1142 1621
2 790 1808
1 1787 1849 0 193483357
2 1357 1728
2 160 818
1 748 1226 0 145188250
1 51 1841 0 792355555
1 575 1413 0 866494177
1 194 228 0 50856391
1 786 1435 0 797354253
1 311 1779 0 731463949
1 279 1145 0 88596544
2 582 1561
2 81 934
2 537 1255
1 528 1206 0 981776836
1 1795 1820 0 557066149
2 1069 1129
1 29 238 0 461571759
1 249 1765 0 116175763
2 790 868
1 1216 1518 0 469644672
1 213 1269 0 202357128
1 226 377 0 123178654
2 806 1732
1 391 830 0 121217061
2 234 1218
1 123 736 0 639058836
2 736 1551
1 44 915 0 294407397
1 245 671 0 400144059
2 984 1893
2 263 550
1 1599 1891 0 559502964
2 501 1079
1 1002 1425 0 921109983
2 198 283
1 238 558 0 248515760
1 157 1651 0 612217252
1 1187 1816 0 126651805
1 563 1281 0 382135534
1 1015 1880 0 281767186
2 463 520
2 51 1783
1 547 1562 0 214300035
1 323 998 0 294221267
2 481 583
1 1233 1728 0 148722006
1 76 161 0 31403016
2 538 1974
1 620 1919 0 543912797
1 359 1652 0 115730679
2 436 1722
1 909 912 0 788463612
2 1262 1571
2 810 1439
2 83 233
2 196 1139
1 116 1665 0 146722067
1 27 211 0 795653793
1 1133 1423 0 275270074
1 778 1726 0 372843341
2 178 1538
2 322 966
1 142 1169 0 929849773
2 729 1595
2 271 970
2 686 728
1 932 1365 0 577202104
1 451 649 0 436006204
1 386 792 0 11203231
1 1290 1381 0 758790048
2 116 1738
1 149 916 0 957577142
1 1847 1989 0 46061273
1 422 601 0 75363740
2 1181 1778
2 1162 1352
1 736 1303 0 241228804
1 995 1939 0 163951680
1 34 817 0 159854042
1 1480 1746 0 983863451
1 1116 1733 0 731039840
1 1060 1310 0 700641544
1 914 1951 0 277351418
2 638 1237
1 541 689 0 559355998
1 22 52 0 372746024
2 1215 1986
1 555 1554 0 156861758
2 659 1668
2 1039 1129
1 403 1784 0 997523917
2 1001 1367
2 427 869
2 73 775
2 93 675
1 756 1797 0 619267830
2 419 615
2 638 1030
1 639 821 0 681311082
1 674 820 0 828484707
2 882 1140
2 581 1325
1 248 1875 0 850920055
2 928 1872
2 5 1821
2 646 1914
1 881 932 0 776613823
2 748 1673
1 694 1472 0 726824271
2 596 1574
1 1247 1617 0 16661502
2 467 1447
2 294 1216
2 1000 1419
2 1072 1341
2 60 159
2 735 1912
2 489 1550
2 175 1836
1 1211 1213 0 511505590
2 61 1819
2 854 1179
1 1044 1957 0 637615042
2 1231 1563
1 323 1174 0 391890658
2 142 859
1 756 1753 0 494050183
1 1146 1819 0 218577079
1 967 1475 0 702709293
2 818 1449
1 49 172 0 948906685
1 1477 1623 0 224943865
2 52 1240
2 315 1657
2 1137 1891
2 106 1852
1 405 1424 0 257793701
2 1256 1516
2 496 497
1 168 1555 0 505172067
1 1664 1958 0 396629315
1 866 937 0 830653303
2 63 428
1 384 1631 0 418040689
2 716 1642
2 462 638
2 542 1197
1 290 678 0 832211769
1 1330 1505 0 179359483
2 430 1727
2 561 1543
1 415 1451 0 283831265
2 350 1864
2 6 861
2 1793 1882
1 124 463 0 15276073
1 199 1040 0 62351157
2 209 1770
2 1861 1948
1 832 1322 0 289489168
2 520 1456
1 1321 1894 0 266228326
1 644 1511 0 540317422
2 629 1630
2 99 297
1 717 789 0 776555903
