1991 1991
2 4 1712
1 1645 1823 0 590400716
2 1702 1964
1 287 440 0 111844932
1 332 1058 0 384155377
2 964 1930
2 689 1938
1 1429 1760 0 180354103
2 8 739
2 324 1640
1 786 826 0 587098917
1 320 1935 0 817632523
1 103 256 0 414024341
1 112 737 0 299093172
1 601 605 0 313807659
2 167 423
2 1176 1224
1 563 1800 0 990111131
2 86 1234
2 124 450
2 1249 1570
2 110 218
1 767 1507 0 342527834
2 1140 1233
2 300 534
2 870 877
1 772 1293 0 340252709
2 574 1842
1 970 1422 0 146720510
2 76 181
1 1029 1762 0 792384501
2 1116 1157
2 16 1312
1 873 1005 0 179634662
2 245 628
2 172 1021
1 1265 1469 0 635935464
2 36 1052
1 392 931 0 447254568
1 1207 1939 0 219734714
2 74 488
1 578 1053 0 869104509
2 680 797
1 74 1219 0 658226110
2 176 1719
2 1029 1608
1 42 1357 0 598753346
2 1149 1937
2 1255 1877
1 249 1576 0 855499759
1 578 1047 0 25563704
1 702 913 0 373269060
2 995 1121
2 25 258
1 265 401 0 173030163
1 1271 1277 0 729273113
1 1338 1981 0 960925801
1 796 840 0 921233466
2 62 297
1 256 1441 0 31945722
1 47 1565 0 770984770
1 232 1840 0 341707419
2 643 1725
1 504 1436 0 719436960
1 1291 1572 0 809661882
1 712 956 0 58748789
2 862 1122
1 85 1641 0 477812476
1 1679 1858 0 136323969
2 155 503
2 970 1793
2 6 1741
2 504 931
2 643 1374
1 881 1867 0 816049012
1 134 1295 0 392646141
2 786 1523
2 1006 1242
1 165 341 0 168198811
2 614 958
1 1428 1660 0 312724470
2 1572 1597
1 24 209 0 375894993
1 375 383 0 536795638
1 93 1872 0 834665890
2 654 1798
1 1874 1967 0 858059462
2 982 1403
2 608 967
2 814 1693
1 209 820 0 985082316
2 385 936
1 857 1358 0 957933995
1 119 702 0 511727212
2 788 1773
2 1410 1677
2 156 1618
2 29 608
2 715 1566
1 221 482 0 872465383
1 864 1772 0 423023068
2 646 1148
2 856 1664
1 595 1184 0 293151208
1 597 1216 0 271889816
2 659 803
1 1756 1819 0 704970147
2 395 1892
2 722 846
1 215 1459 0 888364785
1 715 1500 0 850137293
2 211 713
2 141 1326
2 811 994
1 1666 1718 0 75581707
2 91 1278
1 498 1778 0 220986805
1 477 1635 0 632821567
2 232 1127
1 475 992 0 862639640
2 692 1211
2 448 675
2 140 1580
2 418 1981
1 1529 1631 0 742710953
2 542 1274
2 832 930
1 386 1085 0 781995436
2 616 1987
2 306 1504
2 158 1604
2 47 984
1 674 969 0 880572473
2 1004 1446
1 1176 1198 0 309769648
2 1090 1797
2 695 1539
2 6 206
2 475 1516
2 223 742
1 526 913 0 953417347
1 1233 1800 0 172340389
1 213 613 0 396398977
1 129 1716 0 193702935
1 931 1004 0 472125645
2 584 1808
1 123 1385 0 647507122
1 249 1026 0 405144284
1 813 1417 0 250245812
1 177 242 0 307996200
2 351 502
1 25 230 0 148155662
2 1188 1408
2 197 769
2 180 1388
2 277 1007
1 588 1080 0 562745367
1 662 1861 0 515944507
2 444 867
2 245 1119
2 1266 1801
2 271 1447
2 1633 1848
2 346 913
2 564 1682
1 235 1477 0 658638525
2 1369 1963
2 548 618
1 219 666 0 627022916
2 711 831
1 676 1511 0 487292673
2 147 902
1 655 1257 0 403443728
2 41 520
2 548 879
2 1705 1852
2 978 1209
1 309 1246 0 232036653
2 1053 1761
2 306 1722
2 412 1125
1 1522 1990 0 926184794
1 118 1680 0 58501060
1 296 1351 0 440213226
1 607 1347 0 614970284
1 821 1251 0 546768767
1 1566 1770 0 877770635
2 970 1615
2 822 1124
2 952 1171
2 580 1952
1 1422 1842 0 858396131
1 25 460 0 294290965
2 174 1322
1 299 1314 0 771508249
1 1435 1877 0 77711278
2 1297 1945
1 333 1264 0 65377834
1 961 1290 0 745886484
1 1143 1898 0 4821635
1 670 1964 0 78549974
2 142 1711
1 1072 1308 0 855609837
1 667 1443 0 700266834
1 1164 1455 0 267829225
1 1440 1782 0 48976737
1 760 1391 0 76720770
1 364 1972 0 459183200
1 1188 1288 0 464781410
1 656 1293 0 325332577
2 445 1736
1 532 1328 0 649776802
1 1191 1206 0 507438666
1 724 1641 0 572489628
1 261 1492 0 883636208
2 284 1925
2 1180 1343
2 663 727
1 447 1144 0 629948275
1 44 116 0 227138252
1 1510 1556 0 477360599
1 46 938 0 166548505
2 728 1271
1 116 296 0 719989363
1 266 1743 0 976697846
2 403 1116
2 1630 1831
2 336 1502
1 466 888 0 949070463
2 718 729
2 1097 1829
1 997 1899 0 749236238
1 1065 1544 0 723281565
2 109 906
1 1377 1847 0 154692292
1 910 1428 0 541342451
1 1460 1847 0 758262556
2 291 1541
2 471 907
2 11 1621
2 177 1406
2 153 1503
1 233 443 0 705651757
1 1334 1956 0 585320714
2 828 1660
2 420 855
2 378 668
1 119 1318 0 674710322
2 127 285
1 184 730 0 338018783
2 1299 1763
1 962 1363 0 306140379
1 273 1894 0 238805845
2 915 1797
1 424 1696 0 224546037
1 1367 1750 0 770609683
2 256 1359
1 1216 1666 0 666936807
2 1273 1573
1 1406 1467 0 593913453
1 783 1284 0 111320705
1 522 1922 0 885669519
2 32 355
1 350 894 0 255736082
1 1847 1941 0 760749560
2 466 750
2 492 1782
1 139 270 0 456765712
2 949 1961
2 757 916
1 209 1335 0 985485159
1 1047 1624 0 624505389
1 344 1561 0 605213538
2 1060 1978
1 192 469 0 134523683
2 1663 1977
1 138 154 0 5469990
2 1025 1680
2 976 1075
2 551 1377
1 377 1052 0 332922532
2 545 1729
1 337 1311 0 671921584
1 184 361 0 520728179
1 737 932 0 839648586
2 649 956
1 1171 1346 0 418698475
1 102 984 0 511634705
2 123 1041
2 401 932
1 696 1796 0 514634022
2 841 1254
1 851 937 0 278140002
2 262 507
2 115 1222
1 282 1274 0 57446652
1 192 1268 0 7254878
1 449 1521 0 34683819
1 1267 1389 0 884081586
1 275 1235 0 437398468
2 244 1902
2 257 437
1 380 1575 0 497434689
2 271 540
2 1812 1866
1 217 424 0 21190520
1 1047 1773 0 912392409
2 185 836
1 630 847 0 178569761
1 1328 1490 0 40904245
2 598 1056
1 994 1598 0 469819943
1 1110 1119 0 37347208
1 219 1780 0 782527551
2 47 1171
2 705 836
1 1154 1250 0 375911919
1 965 1880 0 992757575
2 29 1275
2 655 1769
1 1355 1738 0 688040611
2 721 1737
1 790 1051 0 322828327
2 319 913
1 579 1085 0 957392896
2 80 532
2 702 969
2 485 1315
1 1230 1893 0 258029070
2 648 1461
2 1605 1931
2 1597 1989
2 699 763
2 252 728
1 152 910 0 651353341
2 487 675
1 1577 1761 0 526922444
1 324 357 0 963312168
2 1469 1818
1 12 200 0 838008260
2 663 1208
1 580 1158 0 584717500
2 402 1978
2 1564 1659
1 1267 1558 0 333963140
1 1353 1406 0 708262862
2 1020 1599
1 537 1295 0 941790158
2 457 1004
2 1506 1703
1 205 1424 0 863096076
1 94 1635 0 235871037
2 581 689
2 1153 1651
1 133 821 0 421434539
2 1112 1623
1 750 1838 0 187487426
1 207 214 0 596159943
1 282 1614 0 766462704
2 792 1565
2 118 1664
2 162 691
2 872 1574
1 1698 1785 0 938180085
1 404 1382 0 313686152
1 933 1409 0 245532568
1 364 1327 0 562405258
1 449 798 0 297079360
1 1012 1827 0 572614610
1 307 1849 0 549175369
2 742 987
2 751 1900
2 674 1863
1 292 1982 0 926743370
1 104 1160 0 317592754
2 1427 1636
2 926 1268
2 512 1441
2 1604 1781
2 133 549
1 19 83 0 286055531
1 1873 1909 0 448798921
2 111 150
2 153 409
1 933 1831 0 400715630
1 391 1918 0 280270357
2 458 460
2 588 872
1 514 1813 0 141020318
1 229 522 0 114984826
1 1021 1467 0 31951798
1 870 1521 0 996307314
1 1235 1315 0 132214516
2 637 1732
1 1035 1178 0 100264191
2 152 1104
2 207 1798
2 976 1150
2 1604 1914
1 755 1885 0 540462367
2 247 806
1 1097 1517 0 134598642
2 448 1379
1 144 1741 0 406171175
1 1627 1657 0 434228593
1 697 1299 0 195848136
1 127 1050 0 31076869
2 266 1183
1 898 925 0 345346280
2 800 1578
2 1004 1284
2 782 1309
2 678 1163
1 77 123 0 884740299
2 1557 1771
2 366 929
2 24 1615
1 300 1349 0 827376457
2 457 961
1 319 1859 0 107908257
2 1005 1114
2 1402 1617
2 1143 1453
1 398 1584 0 345384532
2 701 1927
2 338 1230
2 782 1453
2 16 1223
1 1569 1602 0 20435121
1 445 1280 0 757430675
2 109 871
1 1782 1874 0 361311067
1 1068 1285 0 796720338
1 1182 1716 0 247139978
2 40 363
1 166 927 0 16814601
1 131 841 0 693515640
1 559 1506 0 844899916
1 1019 1535 0 543866695
2 93 214
1 244 1062 0 923336271
2 1789 1903
1 520 841 0 706918524
1 1514 1895 0 417079368
1 155 860 0 97615858
2 383 1620
2 3 1542
1 743 1212 0 184792724
2 671 1896
1 1489 1606 0 702811470
2 1227 1620
2 1624 1827
1 1437 1458 0 516460703
1 1144 1375 0 903175996
1 625 759 0 439978958
2 599 1012
1 271 471 0 321203301
1 534 1766 0 680330570
2 1328 1681
1 166 1575 0 608291785
2 1772 1849
2 382 536
1 326 703 0 964233378
1 625 1347 0 259829022
1 693 1443 0 125468359
2 153 1228
2 303 1154
2 1429 1636
2 163 1132
1 154 1551 0 311903554
2 106 1306
2 1595 1935
2 562 1386
2 577 1044
1 231 1699 0 466160485
1 1844 1853 0 69259583
1 1051 1702 0 855404242
1 724 1650 0 190275178
2 113 1397
1 186 624 0 299738742
1 903 1334 0 378693250
2 439 792
1 663 1843 0 271104629
2 145 284
1 296 835 0 763336580
1 1870 1959 0 336819836
2 871 1926
2 648 1223
2 505 1921
1 182 1421 0 233255408
1 291 335 0 958601094
1 372 1302 0 503615656
1 754 810 0 562971705
1 572 1527 0 756586701
1 270 1514 0 440998931
1 713 1039 0 786286653
2 307 428
1 1351 1390 0 90458329
2 142 664
2 326 972
1 654 1923 0 824939451
2 348 602
2 801 1921
1 617 1989 0 78309162
1 601 977 0 583661782
2 143 1739
2 1072 1754
2 73 1275
1 764 1074 0 462515529
1 217 1681 0 401973292
1 1043 1767 0 262361593
2 1075 1154
1 512 1735 0 156806694
2 351 441
2 22 655
2 1382 1918
2 79 291
1 1113 1902 0 573421038
1 348 651 0 182858342
2 721 1853
2 937 1907
2 131 891
2 323 1666
2 674 1189
1 923 1929 0 486294173
1 1176 1661 0 414193434
1 1154 1360 0 631674946
2 907 1733
1 1823 1883 0 177701430
2 453 902
2 585 1687
1 681 1114 0 909900249
2 951 1629
2 1708 1985
1 799 1371 0 857132013
1 1254 1328 0 279833138
1 1566 1765 0 297185319
1 525 1018 0 73013177
2 810 1315
2 175 370
1 314 540 0 73597752
2 19 225
2 96 1846
2 736 1767
1 281 1667 0 841115065
1 1006 1840 0 936700858
1 498 1983 0 605762937
1 232 1933 0 8002203
1 882 1167 0 480989958
2 1084 1717
1 642 779 0 899735793
2 1330 1661
2 250 1707
2 439 1729
2 25 364
1 90 339 0 255377240
1 11 850 0 851864524
1 1276 1466 0 636201156
2 445 1987
1 1059 1205 0 319528742
1 511 1924 0 814554323
1 392 685 0 310394982
2 548 1241
2 748 1582
1 503 1625 0 344527017
1 504 1387 0 178624053
1 291 1233 0 842100832
1 308 1177 0 150634525
2 271 319
2 1633 1684
1 1031 1251 0 416224672
1 644 1963 0 518952314
1 296 1647 0 723630144
1 668 1232 0 542969695
2 551 590
1 941 1807 0 722006459
1 38 360 0 453417551
1 794 1153 0 281532605
1 11 904 0 282291728
1 1866 1905 0 600332356
2 243 1389
1 1041 1276 0 212505809
2 996 1737
2 1201 1449
2 477 1608
2 1123 1746
2 1685 1717
1 833 1757 0 96093663
1 1365 1412 0 608517545
1 115 258 0 754438855
1 1074 1255 0 892593860
1 780 1456 0 461762898
1 825 1381 0 182000170
2 388 992
1 358 1921 0 28546415
2 672 915
1 1179 1653 0 251141941
1 754 1151 0 59619249
1 1153 1253 0 159528943
2 1673 1758
2 561 1127
2 97 1870
2 1971 1972
2 65 661
1 13 1059 0 189686732
1 178 821 0 245226289
2 1208 1696
2 33 38
1 1194 1572 0 464717417
2 356 686
2 60 1858
2 233 1727
2 1245 1454
1 780 1403 0 455552012
1 1612 1706 0 436861815
2 1172 1252
1 571 1105 0 628329589
2 411 1835
1 738 1739 0 282066455
1 842 1931 0 853908021
2 69 1595
2 907 1885
2 1464 1888
2 215 1864
1 671 1564 0 704453243
1 339 1212 0 722894338
1 131 826 0 532489103
2 37 549
1 889 1033 0 961912372
2 852 1791
1 403 520 0 120995799
2 57 1653
2 560 1595
1 1753 1972 0 968276449
1 1139 1326 0 270079583
2 354 883
2 82 772
1 1171 1490 0 593060850
1 419 1881 0 654685162
2 1298 1350
2 1108 1923
1 1007 1602 0 415707045
2 1069 1975
1 489 1670 0 764899195
1 427 1674 0 498890309
1 122 1149 0 266034874
2 68 816
2 44 1740
2 1192 1639
2 732 1208
2 94 1549
1 1056 1525 0 476577329
2 537 1621
1 238 307 0 514615453
1 191 1633 0 229104361
2 301 1871
2 1260 1730
1 55 1624 0 955391770
2 131 1125
1 52 503 0 293910652
1 843 1101 0 130768173
2 358 943
1 309 1494 0 549057666
2 1084 1716
2 220 604
2 535 1780
2 179 743
1 1498 1609 0 876921762
2 214 1053
1 36 1762 0 582148615
2 311 1422
1 844 1563 0 776171293
1 379 1482 0 395512339
2 835 1153
2 324 845
2 809 1339
2 69 1078
2 786 986
1 518 1654 0 761426040
2 106 244
2 801 1461
1 45 1960 0 84047345
1 300 757 0 656926560
2 90 174
2 1519 1532
1 1169 1337 0 240840258
2 1075 1493
2 170 376
1 1225 1700 0 633548949
2 185 995
2 171 358
2 486 1198
1 657 896 0 699044998
2 364 1020
2 623 1916
2 65 1922
1 1100 1603 0 651254214
1 72 1778 0 110426970
1 219 1629 0 862582693
1 1900 1946 0 829272159
1 519 1827 0 969105803
1 1233 1523 0 113648188
2 219 1793
2 876 1568
1 1556 1639 0 837863347
1 571 999 0 991287172
1 724 1014 0 134863106
2 1122 1838
2 1390 1899
2 189 1387
1 1162 1373 0 863002290
1 85 562 0 566654822
1 367 736 0 369510041
2 999 1599
2 893 1659
1 1722 1882 0 809117300
2 1615 1694
1 794 996 0 790656445
1 1465 1841 0 230822627
1 846 1176 0 538496817
2 240 1614
1 1103 1901 0 990017453
2 8 1818
2 617 978
1 1349 1833 0 841924477
1 768 1836 0 994637766
1 432 1881 0 14560298
2 365 1969
2 850 1504
1 214 1977 0 565075027
2 1669 1861
2 840 869
1 453 1765 0 302670449
2 872 1635
2 1490 1796
2 1090 1613
2 159 1122
2 314 1459
1 1035 1957 0 239315003
1 891 1011 0 350583201
2 367 1040
1 1724 1836 0 427778389
2 975 1015
1 39 55 0 935758522
2 428 1741
2 749 1951
1 307 1270 0 214664129
1 1265 1494 0 988133507
2 120 1905
2 42 214
1 412 1199 0 293926298
1 946 1840 0 878883840
2 666 1177
2 1015 1513
1 95 265 0 621088508
2 598 1275
1 42 1918 0 596152155
2 706 1262
2 1277 1658
2 398 895
1 931 1233 0 946809988
2 1355 1545
1 1388 1976 0 468952563
1 1043 1968 0 833992264
1 105 1828 0 236116587
2 672 798
2 466 1169
1 624 971 0 447545096
1 227 1099 0 994276633
1 541 843 0 358852306
1 231 553 0 731820343
2 1079 1421
2 477 778
2 325 1398
2 1078 1197
1 520 1717 0 377433079
1 1091 1488 0 464736658
1 212 636 0 941245001
1 164 595 0 813759704
1 56 173 0 435818962
1 810 1905 0 344108711
1 943 1259 0 725825776
2 41 1782
1 1182 1472 0 349138901
1 1188 1209 0 460626243
1 324 1549 0 73597358
2 223 710
2 156 1168
2 1666 1864
1 327 547 0 892683189
1 387 1209 0 444975702
2 30 71
2 195 1032
1 1332 1375 0 497808778
1 665 1196 0 145254534
1 861 1272 0 957302937
1 1543 1860 0 328994852
1 52 66 0 880570715
1 72 1849 0 807355078
2 412 1186
2 334 886
1 941 1500 0 714904425
2 366 872
1 763 1266 0 43556099
1 312 1966 0 658053039
1 237 853 0 730719091
2 114 698
1 631 767 0 479512020
1 535 967 0 446034565
1 1166 1464 0 113860539
1 463 1935 0 458000447
1 621 1493 0 55734808
1 587 1385 0 505294987
1 103 459 0 692463870
2 28 1797
1 794 1062 0 319222245
1 1137 1225 0 226922983
1 96 109 0 601640747
1 195 866 0 765064077
1 457 1019 0 807230163
2 1436 1870
2 1239 1880
2 1961 1972
2 978 1534
1 884 909 0 614547397
2 44 552
2 303 571
1 238 1916 0 422446699
1 1197 1798 0 423527406
1 1063 1779 0 119359299
1 468 1085 0 724702496
2 882 1333
2 956 1620
2 788 1618
1 320 869 0 913856442
2 72 77
1 105 1442 0 178097828
2 380 1442
2 888 1214
2 1040 1715
1 586 1423 0 275040069
2 383 1566
1 1288 1398 0 205923843
1 1192 1802 0 2933784
2 888 1199
2 120 1709
1 333 1558 0 78709770
2 420 1398
1 841 1650 0 682081541
2 520 810
2 998 1156
1 143 743 0 356873955
2 722 1304
1 596 1942 0 747475154
2 977 1760
2 948 1935
2 41 307
1 575 589 0 66694729
1 169 1213 0 438282131
2 760 1634
1 196 1131 0 355543104
2 1213 1601
2 337 1831
1 571 1320 0 70671162
1 1216 1962 0 712256320
1 734 1944 0 367882842
1 992 1364 0 272068925
2 18 855
1 854 1241 0 626566197
2 774 916
2 334 1111
1 751 1104 0 547134202
2 391 958
2 926 967
1 219 793 0 292705270
1 228 1280 0 957404914
2 179 477
2 72 1810
1 1415 1692 0 210111319
1 530 787 0 845918541
2 297 949
1 46 237 0 302027748
1 207 885 0 960703778
2 234 1192
1 1286 1859 0 160356865
1 678 1575 0 953108639
1 1425 1691 0 718024705
2 1397 1884
2 19 735
1 901 1616 0 239162147
2 320 1197
2 1552 1554
2 61 852
1 1057 1182 0 460425024
1 1064 1669 0 89071632
1 474 1922 0 891777400
2 653 1432
2 1093 1782
1 1311 1428 0 816150652
1 1011 1170 0 176363895
1 1203 1755 0 407997543
2 13 685
1 491 1837 0 195202884
2 15 1702
2 896 1517
2 228 1582
1 351 1188 0 680628783
1 130 1536 0 610032458
1 841 943 0 342229758
1 45 901 0 188153266
1 827 1592 0 688263341
2 233 1853
1 195 1539 0 374581190
2 1127 1586
1 796 1580 0 350898032
2 1297 1382
1 512 1855 0 985701976
1 951 1246 0 208950902
2 171 1862
1 1602 1612 0 853626495
2 1496 1503
2 329 1298
1 841 1753 0 225555010
2 242 1015
1 476 1068 0 679342981
1 296 1834 0 814972406
1 33 1807 0 602217873
1 625 1834 0 605059944
2 109 780
1 178 1150 0 717453101
1 803 1792 0 863587902
1 1717 1855 0 530055964
2 1117 1311
2 4 1878
2 72 813
1 61 921 0 610536685
2 952 1407
1 1091 1722 0 632937206
1 549 1675 0 107792839
1 666 1721 0 605977225
2 254 1284
2 702 1733
1 1574 1656 0 656768137
2 1636 1641
1 1192 1715 0 567763684
1 1415 1923 0 326078988
1 390 428 0 432588990
1 24 633 0 76928691
2 594 1241
2 1268 1391
1 1509 1965 0 889457585
2 866 891
2 890 1752
2 337 1199
2 307 625
2 365 1446
1 597 1791 0 853862689
2 949 1288
2 3 89
1 937 1876 0 939371268
1 1934 1986 0 311183085
1 427 1126 0 182008182
2 881 1736
2 911 1164
2 687 1445
2 699 1483
2 17 1871
1 941 1065 0 702898380
2 525 1278
2 246 1538
1 1358 1935 0 401037602
1 17 953 0 508070869
1 1017 1770 0 262068991
1 802 1723 0 673132756
1 1006 1103 0 146861722
1 557 1444 0 812061894
2 929 1693
2 1324 1787
1 751 1720 0 153950793
2 1523 1669
2 277 945
2 1143 1558
1 100 395 0 848374130
2 1285 1404
2 802 1008
1 1652 1692 0 512425382
2 1000 1588
1 209 931 0 455311555
2 210 1430
1 220 989 0 199014660
2 1606 1678
1 626 1155 0 120711394
2 140 853
2 784 1457
1 933 1402 0 994918392
1 812 1355 0 121724612
2 1282 1937
1 1392 1674 0 406489984
1 901 1041 0 166241144
2 523 1559
1 231 315 0 502997439
1 582 1758 0 641878991
1 463 1481 0 764744476
2 182 996
2 49 1075
1 277 419 0 919561625
2 849 1292
1 506 968 0 13214805
2 690 1868
1 313 1327 0 630022830
2 1432 1705
1 120 1582 0 606685133
2 232 1144
1 573 1197 0 484816757
2 152 1883
2 716 938
1 204 903 0 245602021
2 260 1953
1 1523 1531 0 978158431
1 572 1677 0 403536985
2 1633 1970
1 46 1091 0 998986523
2 904 1572
2 327 441
1 969 1668 0 113679847
1 1291 1483 0 337145886
1 19 1827 0 290925865
1 332 1324 0 999320352
1 171 467 0 319602215
2 1271 1980
2 1367 1438
2 485 1746
2 1098 1472
2 1 1012
2 1221 1436
1 307 1724 0 306653514
1 1189 1419 0 453062486
1 453 1357 0 632174715
1 278 1002 0 319125186
1 25 828 0 526651642
1 189 1704 0 845279046
2 494 1318
2 208 209
1 602 1558 0 847367348
2 905 1664
2 401 1627
1 701 1052 0 576580556
2 116 985
1 218 989 0 52738296
2 622 1976
1 477 1062 0 569154749
1 501 1413 0 676646645
2 728 1895
1 912 1356 0 638568499
2 870 999
2 818 1487
2 1147 1872
2 135 1330
2 709 1145
2 1695 1966
2 125 1641
2 55 349
1 331 1006 0 791687306
2 644 858
2 278 1356
2 135 1185
2 46 1914
2 1201 1868
2 1315 1991
2 342 1670
1 1091 1324 0 557143528
2 69 668
1 65 1496 0 734032023
2 505 969
1 474 1095 0 529890540
1 605 639 0 371547309
2 1088 1551
2 1011 1677
1 1366 1885 0 369789183
1 1619 1893 0 773667924
2 229 1954
1 1129 1742 0 870619784
1 63 477 0 678114395
1 543 915 0 436386813
1 506 1209 0 525562711
1 486 1456 0 299546304
2 76 300
2 1746 1793
2 1224 1249
2 1114 1200
2 1525 1630
2 667 1838
2 583 1911
2 2 185
1 1038 1506 0 244524079
1 152 396 0 441730827
1 555 1119 0 954877868
2 839 879
1 245 1791 0 971901459
2 517 1132
2 1489 1579
1 326 596 0 815022143
1 132 495 0 554342772
1 1786 1789 0 40420327
2 1207 1968
1 386 798 0 808080729
1 161 645 0 43746419
2 214 1674
2 46 139
1 799 1911 0 799150460
2 235 547
1 1586 1862 0 609637177
2 1258 1619
2 1177 1782
2 254 713
1 605 1861 0 894855617
2 1194 1373
1 402 1355 0 987299360
1 732 1008 0 849894802
2 209 1819
1 302 1072 0 482475945
2 310 936
2 504 1680
1 896 1397 0 299790701
1 1048 1279 0 593309721
1 430 737 0 458535243
1 837 1534 0 428028280
2 181 476
1 1180 1181 0 9791661
2 617 744
1 654 1841 0 406431108
2 11 915
2 455 1267
1 1570 1703 0 526414855
1 1743 1746 0 968984923
2 530 928
2 41 593
2 129 150
2 615 649
1 1048 1449 0 79282296
2 345 805
2 1089 1852
2 588 1043
2 8 459
1 157 1826 0 249514203
2 845 1819
1 429 1104 0 953892679
2 1274 1909
2 137 386
1 995 1861 0 354032379
1 656 791 0 120355682
2 394 1835
2 736 1614
2 23 1068
1 1036 1682 0 203418566
2 438 1493
2 1480 1682
2 703 716
1 921 1723 0 391719455
1 1030 1525 0 596539963
1 774 1318 0 481055072
1 222 500 0 411760571
1 445 726 0 447236392
2 27 694
2 1852 1895
2 1653 1908
2 77 1056
2 160 380
1 393 1184 0 252288283
2 1119 1716
2 1803 1872
1 44 1495 0 304604658
2 729 1850
2 229 1650
2 497 801
2 698 1068
2 873 927
1 102 270 0 194885956
1 251 1571 0 776976959
1 432 1094 0 875413754
2 1718 1955
2 224 1228
2 1680 1695
1 291 1184 0 679196285
1 163 980 0 556214592
1 75 1178 0 375734179
2 504 661
1 225 1036 0 945798109
2 1690 1848
2 412 1347
1 1256 1412 0 64303505
2 335 1648
1 1447 1454 0 581428329
2 309 1583
1 36 613 0 486532497
1 291 758 0 896973685
1 1239 1522 0 137887210
2 1462 1917
2 930 1086
1 281 552 0 883199215
2 1250 1293
2 802 1454
1 1891 1933 0 523561135
1 468 1824 0 641184445
2 1087 1384
1 151 1412 0 143930480
1 550 707 0 412422973
2 700 1374
2 286 1370
2 1066 1908
2 189 861
1 316 731 0 571131820
1 818 887 0 222595841
1 445 758 0 822339314
2 817 1723
2 611 1733
1 1381 1979 0 290739024
2 169 493
2 1305 1426
1 1029 1568 0 629862317
1 1103 1959 0 53455346
1 800 1293 0 756559560
2 760 1108
2 183 482
2 1207 1792
1 33 937 0 957457617
2 212 998
2 482 876
1 1636 1713 0 311401994
2 303 603
2 605 746
1 705 887 0 594973081
1 1479 1718 0 599973366
1 1118 1480 0 92076488
1 800 1703 0 555272899
1 1416 1791 0 726531199
1 1085 1147 0 191621462
2 493 1348
2 1312 1464
2 608 671
2 450 1124
1 454 1388 0 919539475
2 399 738
1 1314 1431 0 831600530
1 76 1702 0 575581700
2 20 758
1 23 607 0 538055670
2 45 1629
1 1285 1476 0 932503811
1 238 504 0 921972064
1 660 1233 0 938655329
1 1311 1539 0 486834200
1 781 1740 0 834279292
2 517 660
2 750 1841
1 1169 1922 0 927658624
2 3 124
1 515 1223 0 930076931
2 294 1937
1 229 1695 0 4222941
2 484 1591
2 472 883
2 766 1449
2 726 1556
1 66 552 0 827586286
1 166 1651 0 332402033
2 18 861
2 645 987
1 650 667 0 648461412
2 824 961
1 1033 1919 0 800784128
1 1537 1640 0 337000521
2 549 1347
1 321 783 0 715324271
2 1187 1747
2 1073 1461
2 412 1423
2 143 786
2 1592 1757
2 171 223
2 448 486
1 83 1648 0 166011170
2 417 1948
2 426 1764
1 1433 1821 0 698262586
2 1118 1300
2 219 652
1 317 806 0 73199405
1 214 509 0 955441467
2 105 1580
1 197 369 0 245845687
2 1352 1943
1 1614 1892 0 665223033
1 797 1528 0 49613397
2 790 1756
2 502 1927
1 1053 1256 0 448479759
1 439 1067 0 937808659
2 570 754
2 585 1358
1 1538 1766 0 800878858
2 953 1284
2 1515 1950
1 313 925 0 290311923
2 520 1672
2 555 1205
2 243 1706
1 55 1947 0 949756257
2 346 796
2 1042 1689
1 621 1086 0 659432573
2 465 1361
1 913 1729 0 261748122
2 537 1878
2 273 658
1 418 1155 0 2290177
2 1185 1602
2 708 1012
1 992 1029 0 889221422
2 532 757
1 207 1134 0 555275851
2 70 1375
2 490 1575
2 346 912
1 118 1987 0 821788869
2 474 1657
1 310 1084 0 655785685
1 284 1174 0 206337262
1 689 1753 0 656025474
2 1054 1508
1 935 1131 0 346025513
2 1395 1923
1 779 1291 0 680769655
1 959 1302 0 123052127
2 519 1832
1 994 1747 0 41520220
2 1336 1345
1 1112 1968 0 246760149
2 461 804
1 195 1979 0 188843278
2 163 1197
2 858 1717
2 262 1078
2 1879 1935
2 394 651
2 715 1685
2 414 599
2 975 1942
1 1374 1885 0 764120966
1 1524 1557 0 857332602
2 177 1753
1 130 974 0 830621193
2 485 1092
2 807 1223
2 403 605
1 602 1157 0 307509783
2 517 1332
2 65 1411
1 339 562 0 581716871
2 755 1048
2 760 1056
1 383 1161 0 548587193
1 1575 1712 0 963656167
2 423 1657
2 1373 1801
2 247 1837
2 128 1785
2 383 1036
2 885 1357
2 1609 1660
1 180 958 0 894244233
2 1262 1733
1 227 756 0 695032169
2 280 1098
1 806 882 0 443017423
1 1585 1669 0 914288463
2 270 450
1 585 1812 0 372966175
2 60 1626
2 1001 1575
2 1608 1972
2 401 1024
1 172 385 0 420690527
2 216 1284
1 1104 1305 0 48558572
2 1081 1589
2 534 1985
2 545 1697
2 413 1402
2 1144 1733
1 497 1861 0 847997813
1 518 939 0 838812161
1 516 1770 0 813891031
2 444 1379
1 908 1606 0 662853301
1 909 1562 0 230975796
1 208 1211 0 370346916
2 702 1072
1 1311 1418 0 933973598
2 279 535
2 699 1849
2 520 1758
2 1257 1712
1 1118 1923 0 547657151
2 836 955
1 93 1106 0 253391265
1 1571 1869 0 120229591
1 101 1208 0 278536227
2 969 1638
2 173 956
2 478 1877
2 668 701
2 943 1677
2 1161 1632
2 1128 1875
1 556 1878 0 936719080
1 435 1500 0 211494059
1 577 789 0 322483720
1 585 1604 0 403720286
1 528 1529 0 233492999
2 923 1162
1 406 829 0 650014411
1 1130 1273 0 662278862
1 357 1946 0 340899058
2 271 542
1 329 1953 0 524647574
1 1147 1438 0 782871778
2 637 1376
1 624 1171 0 711811059
1 448 1914 0 956234422
1 291 1975 0 40219731
1 358 787 0 689554254
2 537 1250
1 1030 1885 0 254822048
2 360 374
2 821 1118
1 540 1005 0 249395782
2 699 926
1 139 784 0 125643584
1 774 1665 0 935518733
1 1638 1674 0 415579470
2 296 448
1 1120 1669 0 788218380
1 527 1966 0 204699730
1 830 1520 0 751925704
1 85 1562 0 273976833
1 70 1684 0 509102985
1 1206 1573 0 578947271
1 1382 1856 0 83867026
2 159 871
1 172 1595 0 832713196
2 978 1619
2 1932 1974
2 591 1914
1 949 1058 0 467167194
1 504 1476 0 729858014
2 119 531
1 840 1783 0 155248782
2 892 913
1 548 620 0 245317406
2 298 1235
2 1332 1529
2 308 1853
2 963 1562
1 715 1189 0 66925281
2 387 1223
1 185 1922 0 192795967
1 688 1478 0 868743201
1 306 713 0 916907174
1 1256 1384 0 677858588
1 317 1526 0 286544090
2 569 1453
2 804 1074
2 252 376
1 1001 1730 0 55210887
1 470 645 0 811639972
1 1239 1612 0 171518737
2 1193 1293
2 679 1744
1 1307 1365 0 732089223
2 378 1451
1 223 1937 0 580648112
2 1306 1664
1 952 1142 0 759615726
2 1590 1600
2 71 548
2 178 540
2 155 1005
2 498 819
2 1119 1336
2 1803 1985
1 42 402 0 106633481
2 1021 1336
2 84 221
1 124 1025 0 656966985
2 1310 1922
1 840 1248 0 218467776
1 980 1683 0 242893644
2 484 715
2 561 1001
2 1841 1986
2 422 1821
1 51 319 0 660883917
1 1519 1685 0 964828367
1 452 570 0 661902087
2 629 670
2 1452 1647
2 733 1183
1 1608 1846 0 294608177
1 1017 1352 0 798931916
1 1289 1671 0 354148751
1 275 1597 0 332927583
2 1340 1458
2 1376 1921
2 129 1881
1 126 783 0 585908312
1 883 1333 0 779218058
2 1899 1912
2 1353 1415
1 124 1133 0 307018601
1 604 993 0 778581196
1 637 934 0 605847992
2 1702 1873
2 210 1621
1 379 1505 0 304914575
2 817 1636
1 739 1292 0 372259118
1 246 1890 0 715542533
1 792 1629 0 298723527
1 135 334 0 531566575
2 188 1910
1 94 220 0 759752619
1 1066 1628 0 453789742
2 774 799
1 118 1794 0 877245557
2 305 629
1 403 752 0 241573432
1 1743 1793 0 946320354
2 624 1353
1 450 1173 0 192900704
2 1662 1900
1 441 696 0 98659505
1 1141 1888 0 33435285
1 1316 1573 0 856686864
1 1164 1618 0 706523767
2 811 1101
1 1236 1449 0 981425217
2 529 1418
2 1172 1402
2 591 731
1 964 1465 0 122963610
2 1618 1751
2 1761 1931
2 819 1604
1 181 417 0 450936681
1 1398 1410 0 319928962
1 586 1926 0 93740931
1 983 1929 0 816080574
1 33 1139 0 378438563
2 511 1604
2 997 1580
1 595 865 0 905656517
2 444 596
1 715 1476 0 534721681
2 404 1524
1 1093 1215 0 181757140
1 789 819 0 372300687
1 1040 1474 0 410545262
2 1181 1780
1 492 1461 0 867527615
2 217 270
2 533 1359
2 1183 1928
1 525 601 0 134110596
1 194 1989 0 386765029
2 375 1506
2 240 307
2 136 1594
2 258 283
2 186 1966
1 839 1692 0 261113622
2 981 1382
1 211 1934 0 211229452
1 622 743 0 824380710
2 418 1600
1 425 731 0 420739043
2 1375 1856
2 220 1518
1 146 653 0 717734645
2 574 1157
2 198 1262
2 117 1461
1 14 1890 0 691612520
1 131 1439 0 593354313
2 728 1548
1 490 1968 0 975400705
2 526 718
2 891 1624
2 427 763
1 201 1647 0 521006893
2 1129 1669
1 1069 1452 0 381124322
2 864 1931
2 109 1298
1 111 1576 0 371136325
1 1118 1362 0 653248721
2 750 1031
2 48 142
2 709 1374
2 817 1711
1 1208 1808 0 526249918
1 70 907 0 513691014
1 787 1424 0 22471091
2 121 1734
2 751 1910
2 517 1536
2 1487 1900
1 229 1870 0 109867003
2 675 1499
1 114 527 0 285689361
1 919 1090 0 391182388
1 189 1412 0 813213954
1 1098 1938 0 216037744
2 53 715
2 1301 1449
1 289 1358 0 85733034
1 821 1781 0 310734020
1 1043 1680 0 773250567
2 1126 1745
1 88 520 0 357371838
2 570 1088
2 103 1325
2 1210 1609
2 584 814
2 181 1067
2 512 1772
2 381 1762
2 1 1823
1 722 1185 0 897979780
1 4 937 0 407752157
1 189 817 0 281352495
2 1683 1920
2 994 1157
2 167 332
2 191 1232
1 1122 1845 0 744020241
2 68 1416
2 12 428
2 374 653
2 1329 1900
1 1231 1987 0 681326639
2 109 491
2 894 1922
1 769 1155 0 476955640
2 598 1530
1 101 547 0 687262718
1 909 1534 0 625255163
1 355 512 0 257303526
1 255 1434 0 671893586
2 107 1979
1 726 1261 0 516146998
2 162 1111
2 77 1242
2 476 1729
2 954 1566
1 1058 1977 0 745945878
1 260 1598 0 768105403
2 694 1372
2 468 626
1 941 1131 0 642484241
1 269 1141 0 808162668
2 124 313
1 664 1527 0 95585537
1 1965 1982 0 239225732
2 1241 1497
2 708 1823
2 873 1401
1 1153 1317 0 8926997
1 958 1694 0 851684809
1 710 1202 0 954412271
2 255 772
2 215 1068
2 314 657
2 688 1097
2 831 1486
1 1349 1569 0 248779068
2 1240 1316
1 105 1879 0 698355321
2 652 1827
2 279 1070
2 1803 1855
2 369 513
2 142 1179
2 124 1103
1 336 1056 0 173589288
1 1247 1501 0 646175738
2 11 1886
1 930 1760 0 16143605
2 213 1649
1 96 1243 0 749817022
2 797 1837
1 409 1320 0 301081370
1 1099 1904 0 809738754
2 515 912
1 618 1677 0 769715661
2 518 774
2 213 1560
1 1879 1933 0 118239387
1 53 1816 0 319995853
1 6 359 0 88208697
2 188 493
1 713 762 0 800921098
2 337 424
1 446 486 0 385099022
2 808 838
2 972 1975
1 1299 1930 0 109581295
2 1092 1111
1 684 1192 0 549130231
2 218 1735
2 570 1186
2 880 1532
2 1176 1237
1 697 1137 0 257256999
1 277 1126 0 29624401
2 647 1702
1 1001 1772 0 901711216
2 100 786
2 982 1672
1 217 1634 0 924574107
1 1376 1769 0 214777200
1 84 546 0 734916062
1 960 1961 0 489061562
1 124 124 0 948084872
1 42 748 0 203580647
2 374 940
1 608 1679 0 301424440
1 780 817 0 34698096
2 57 897
1 67 1888 0 189870670
1 668 1966 0 216207646
1 1631 1698 0 935652627
2 1483 1935
2 1816 1986
1 280 1853 0 738684516
2 201 392
2 270 1536
1 236 990 0 580634881
1 930 1567 0 183334037
1 259 293 0 691992106
2 57 1795
1 737 1837 0 734062506
1 1777 1860 0 523085866
2 999 1936
2 531 1158
1 1419 1896 0 230679160
1 316 887 0 721596312
1 81 271 0 136337507
1 898 1582 0 233340753
2 115 655
1 281 1294 0 799099125
2 185 361
2 265 1576
2 784 1893
2 123 578
1 1797 1981 0 486555747
2 116 1588
1 257 979 0 168215102
1 1235 1517 0 36095682
1 1678 1876 0 667251154
1 379 1291 0 491715334
2 1649 1824
1 1365 1880 0 559539204
2 1038 1706
2 759 1547
1 1270 1308 0 512371594
1 1628 1638 0 717281961
1 386 1465 0 212425110
1 437 979 0 65894820
2 513 720
2 486 1772
2 627 738
2 324 688
1 1346 1892 0 834984292
2 1280 1645
2 294 1236
1 1092 1673 0 64797272
1 1317 1713 0 286907835
1 465 927 0 464361179
1 115 525 0 741101934
2 959 1755
1 1359 1447 0 182573460
2 552 1097
1 82 1766 0 408178466
1 86 1474 0 952857044
2 829 1490
2 871 1636
1 79 981 0 9995674
1 1066 1357 0 646341050
1 725 898 0 951126644
1 433 1542 0 804464065
2 275 1523
2 316 1340
1 113 1202 0 969550062
1 259 1938 0 137235173
1 222 401 0 768995508
2 317 1569
1 546 1512 0 531350316
1 127 554 0 245784766
1 1533 1946 0 857253912
1 554 1424 0 48212186
1 468 848 0 435794980
1 161 316 0 704508638
2 1207 1779
1 561 827 0 794980166
2 156 1138
2 79 562
1 253 1792 0 475871376
2 738 861
2 1451 1841
1 436 1184 0 352562451
2 1118 1522
1 159 1931 0 666532061
2 1266 1352
2 1087 1640
2 823 1838
2 237 1251
2 1384 1980
2 604 1954
2 98 632
1 268 1089 0 393762793
1 1358 1505 0 552295438
2 314 377
2 511 1826
1 827 1420 0 701523059
1 1208 1254 0 24237358
2 1658 1867
1 359 1340 0 458523247
1 1545 1920 0 857498206
1 186 988 0 872520713
2 650 1881
1 385 1479 0 739859271
1 1027 1442 0 54456155
2 1196 1580
2 114 1007
1 604 1584 0 696398934
1 1352 1881 0 695000322
1 1274 1750 0 867812575
1 510 983 0 199754049
2 687 1628
2 165 462
2 131 176
2 352 1195
2 601 1874
2 1047 1472
2 722 1838
1 2 1436 0 970160715
1 780 1104 0 556393912
1 1669 1680 0 843091755
1 265 678 0 594608713
2 496 561
1 775 1132 0 484370090
1 1782 1871 0 194265882
2 273 1156
1 262 1074 0 904293641
1 1648 1743 0 362304455
2 658 905
2 437 919
1 1009 1059 0 619292013
2 241 450
1 1329 1459 0 745826839
1 471 501 0 883386205
1 1270 1711 0 975936922
1 347 1761 0 628996022
2 122 1850
2 54 407
1 607 1220 0 461954644
2 71 1150
2 1418 1944
1 169 1022 0 672133580
2 754 1763
2 87 1911
2 157 1161
2 296 1160
2 616 1224
1 489 955 0 128004034
1 119 328 0 694273907
2 1301 1427
2 1519 1946
2 1031 1555
2 41 1139
1 44 1576 0 527939304
1 1146 1611 0 445171532
1 1149 1426 0 851623980
1 191 213 0 376433614
2 354 1508
2 1059 1134
1 347 553 0 753066597
2 372 1829
1 459 1640 0 656137391
1 517 1180 0 887815049
1 484 1520 0 98442085
2 952 1547
2 83 553
1 998 1664 0 720493430
1 14 1168 0 878870022
1 1368 1724 0 519340368
2 1241 1400
2 306 1516
1 1078 1601 0 689525664
2 1014 1864
2 428 682
2 186 1959
1 443 601 0 837773047
2 1004 1379
1 1195 1492 0 719985951
2 1034 1086
2 1448 1519
1 101 1139 0 964651723
2 603 710
1 635 1705 0 525629564
1 311 1001 0 526612962
1 406 1185 0 256298336
1 677 900 0 755998360
1 513 1451 0 649841308
2 699 889
2 142 1672
1 1120 1359 0 523166410
1 739 891 0 89829647
2 1104 1164
1 99 1649 0 320802155
1 815 1427 0 544858341
1 1328 1479 0 625450028
2 1296 1645
1 1951 1988 0 755192306
1 1281 1935 0 681991641
2 958 1824
2 543 876
1 859 1225 0 741207788
1 14 691 0 386046106
1 559 1797 0 659277827
1 332 534 0 677217740
2 462 505
2 732 1709
2 1020 1392
1 931 1662 0 71310244
1 408 1584 0 52229898
2 399 1211
2 231 277
1 1487 1660 0 313053790
2 199 1091
2 665 1737
1 658 1149 0 633194153
2 79 305
2 475 1179
1 358 1525 0 10941562
1 1113 1805 0 319305058
1 1062 1472 0 513035065
2 433 750
2 67 1801
1 916 1444 0 253905887
1 257 1104 0 66574671
2 766 1233
1 831 1857 0 593034866
1 811 1854 0 24347023
1 538 805 0 127036870
1 503 1025 0 325057510
2 784 1498
1 1199 1628 0 642248492
1 1020 1039 0 175737730
2 696 1213
1 434 622 0 595732383
1 90 999 0 146440480
1 1118 1400 0 41925023
1 51 1213 0 587414135
1 750 1872 0 745040906
2 794 1621
1 542 1055 0 258053396
1 385 1360 0 843611572
2 787 1093
2 395 674
2 572 1500
2 287 1376
2 894 1004
2 230 1475
1 73 1445 0 579803308
1 1288 1454 0 111314571
1 1797 1893 0 16583590
1 723 1653 0 294260957
2 211 1144
2 333 666
