39752808
1027679131
1027679123
4116883944
4116883955
4116884072
4038193325
4595564153
4054119622
4054119840
3375168454
2644990031
1244322195
1244322546
1585261565
1477350516
1477350462
2028955611
2028955671
2028955521
744789117
846261767
757501242
757501079
164104853
164104443
390448389
390447305
508051376
1735031654
959799649
959800476
959800019
959798926
1536408400
1066174225
1066173855
1066174206
1066174745
1066174402
575746710
-381764441
-352061930
-1382592859
-1097500532
-2196457666
-1601669050
-1689884059
-1689885123
-1689885073
-736289616
-736288891
-736289414
-736290306
-822403907
-822403873
-716665989
-716666589
-716666103
-716665931
-224611309
5317125
-330603796
-1237395151
-1237394618
-300609706
-98550337
83034435
970726536
1082910884
1082910084
1082910543
2017002850
443928627
443928017
-1407835670
-1407836626
-1970709948
-1970710216
-2785066584
-3452293721
-3959665045
-3799745655
-3799745501
-3799745186
-3799744254
-3799747199
-4356189313
-4356187961
-4356187279
-3391293085
-3391291469
-1302371018
-2164521356
-2164519912
-2164521158
-1858894616
-1947206397
-2700291041
-3559616653
-3559617873
-4284718736
-3856455342
-3856453285
-4193677698
-4193679146
-4193678890
-5597361131
-5597362037
-5597361399
-5331507324
-5331507982
-5331506146
-6099831122
-6099830356
-7395784697
-7395786904
-7724102268
-7081215931
-7081216952
-7081215279
-7081216422
-7081214994
-7531797394
-8831440056
-8831439582
-8927242402
-7724400005
-7724399487
-8536468908
-8536469699
-8251466128
-8079544647
-8079544671
-8881117706
-8859371924
-8859374167
-8719847601
-8719844988
-8303093321
-8585638159
-8585632327
-8585634923
-8585635065
-9391562435
-8187116682
-8187115828
-8959986647
-8959984997
-9118768820
-8791516737
-8430178522
-7510868724
-8041383301
-8635689936
-8703473236
-8703474631
-7753533323
-7753533522
-8021467474
-8743267127
-9319667054
-11649773641
-11649774753
-11458072802
-11855975196
-11855978023
-11029025033
-11263955171
-11263954225
-12239390180
-11941591444
-13917493085
-13917492189
-13917499988
-13433152129
-12702653627
-12702649866
-12702652931
-12702653429
-12609252057
-12609249112
-12345782881
-12345783459
-12725501169
-13354175958
-13354174884
-13354176158
-14765482418
-13160839201
-11467635353
-11467633704
-10940496947
-10940495795
-10781979119
-11746745290
-11746743928
-11746743534
-11746741512
-11746743366
-11715293143
-12715179623
-12715178996
-13321001295
-13321002497
-13320998267
-12562250776
-11877156857
-11877159081
-11877156780
-11877163875
-11588665672
-12196024007
-12196021714
-12196020155
-11244582259
-10697044711
-12497534010
-12497533934
-12497534415
-12497530611
-12497536937
-11657703779
-11155090664
-11649075700
-11673197057
-11673200021
-10398026096
-9725899983
-9725905335
-10080062092
-10318563956
-10442205131
-10442202515
-10442202567
-11049612814
-10473021318
-10473025626
-10473025434
-10473024678
-10301840685
-10301830515
-11329946721
-11329940711
-12334395704
-10724210671
-10724211841
-10724212173
-10724215865
-10242458728
-10242457570
-10242456604
-10242464867
-9849853867
-9849857064
-9849851333
-9994205828
-9994212099
-9669187053
-10336996624
-10337000952
-10337000004
-10336999826
-9630620620
-9630619080
-9630621555
-8914111603
-8363993081
-8363993471
-8363991905
-8363994923
-7484574655
-7484569490
-7236048941
-6333386327
-5017667931
-5017664458
-5017673647
-5017668047
-6458842099
-4926833972
-5089210747
-5338591976
-5338594180
-5338595172
-6164894281
-5807117176
-5711226236
-5711224425
-5711222354
-5287108316
-6794346178
-7708009394
-7708009876
-8344206461
-8344197089
-8344197705
-8344193585
-8344197395
-8344192867
-8344195385
-8177660390
-8591647386
-7621864163
-7569410374
-7061142843
-7061143293
-7061144823
-6473347637
-6473350515
-5629162172
-5629165319
-5629163480
-5216365941
-5216364445
-5381488427
-5381487788
-5381491661
-5381492071
-5381487690
-6087846839
-6087848875
-6087849919
-5266710276
-5266714654
-5266714374
-5266714634
-6263578267
-6263577527
-6263577803
-5837720500
-5837721266
-6067935135
-6067933241
-6067929183
-5186669887
-5186679506
-5186676472
-3614888034
-3614886100
-3614893066
-3614886764
-3614888526
-2919571147
-2919566605
-2919571715
-2919570181
-2919566563
-2919565063
-2846223069
-2846218857
-2019525321
-1756133690
-1756137721
-1756131789
-1756129390
-1458991618
-1458991476
-1061300107
-1198974062
-646576970
119799540
917027236
917027640
917029010
917028779
1289426940
416293882
-546720688
-546719048
-546721942
204825641
204823690
204826503
204825628
-2577257221
-2577264079
-3491579576
-3491583499
-3840923081
-4036269780
-3571929162
-3571928284
-1951902818
-2736311220
-2736314169
-2736316844
-3479686212
-2166929423
-1596355968
-610897337
-660432664
-660430106
-660430300
797037736
797038708
797035464
797041136
797035970
211415692
211410968
710365552
710366174
350291004
350291593
350285240
426635725
-506424640
-506425024
-918831122
-918841994
-1030468086
-1030468747
-713325350
-457663960
-737757616
-1491119046
-1491123245
-1491119613
-1491121209
-1046427848
-1046421751
-607917357
-698472726
-664936825
212022425
212023351
-296376034
-296366856
-296370584
2024109444
2024105498
2024106261
2024109773
2433228426
2433230903
2888132288
2888126558
1671600324
1671595844
986311424
1249502573
1249508108
2033205061
2540879201
2540881292
3244489217
3538951717
3738089020
4228151017
4228154951
4228146445
4228151767
4228155221
5997293245
5617022483
5617021069
5617025198
5617017435
5617022087
6129048734
5191216394
5191217184
5700058575
4138948957
4587275618
4565224614
4961102770
4961094556
5300581223
5300573379
7343612642
7343622532
7571863725
8532131423
10853932422
11206341362
10739256741
10768497869
11151223196
11151225408
11443493567
11443492800
10992719120
10992724702
11703642151
11703644137
11314560167
11128457617
11154078875
11154070949
11154075717
11154081463
11154071443
11154076973
11569247415
11052444214
11052446146
11052451130
11901003608
11901007780
11901005126
11277459532
11414813546
11375030264
11375035042
11375034532
10561484464
10683560550
10058630982
10175471913
11966308619
11299598732
11299600677
11675593616
11675594014
12876677794
13255120687
12737304672
11939560977
10973539461
10973536049
10973547544
11065207842
11065215548
10080962383
9249008122
9919763738
10389016717
10389023355
10389026957
10389020423
9206463597
10441441400
10441438376
9750225932
9750230647
9750222534
9750229507
10741404638
10427408991
10427415048
10427416637
8906775815
6604570781
6149183155
6149181865
6149178303
6149176907
6304267161
6426863205
6516324591
6516312991
6516324591
6754551825
6007418985
6007430818
5785039950
5785042098
6682951531
6059872624
6059873057
6059870077
5969493804
5969499390
5082587457
3977394608
4419830417
4191886500
4191892212
4083005927
4083015311
4078928728
4078929172
4833219662
4578201168
5127133584
5127131559
5127131608
5129082389
5129075160
4830042336
4830047403
4830046290
4576742529
4576748292
4424425515
4424429469
4424422400
5226298121
5226298801
5226293489
5226289593
5705897406
5705898880
5705901092
5545150113
5545152261
5545156208
5545150898
5576349788
5089200443
5702529016
5702536578
6088048012
7352244607
7349419094
7349423728
7349422278
7349424752
7349427546
7349427540
7204529640
7204520878
7204522860
7204522920
7204527232
6696823661
7075717506
7075717988
6481281628
6616221698
6616231024
6616235610
6616235490
6616234584
6222858443
6395369186
3478436707
3478441330
3478437618
4061866061
4061862719
2017872839
2869510660
3124328978
3407104538
4425675645
4425667505
4425668937
4425662530
4425669960
4818419756
4818416104
4818412590
4420975291
3965129710
4008045130
4884397263
4884410193
4884400712
4884400329
3542739306
2652862062
2652856534
1961554148
2647107276
2647117088
3220400052
3220412188
3220407255
4556392832
4556393342
4579873566
4692020977
3038385829
3038395789
3097478771
3097487351
3009340361
3704099661
3912721586
4323396831
4323396669
4323400729
4323401527
4323391305
4323381063
4323397633
4323392249
3935799187
5304486493
5304474609
6186997961
7759404582
6910017300
6910030090
6910014546
6910024898
6280303027
6280298550
5350254492
5350249596
5350251570
5350243938
4700765359
4700759381
4129174190
3863990734
4499533767
4499538383
4499533089
4499535033
4144292578
4229757115
2576037745
2576035433
2576041343
2731547805
2731553591
2731536064
3333957089
3237029757
3237042405
5330782703
6450500824
6450506927
6450498703
7125875290
5814060816
5234141669
6197852795
6197857152
6197858674
6197859446
6197852290
6197853765
6197856788
5269498583
5272655117
5169002677
5169008087
5169003839
5169005855
5168991367
5180994405
5181002880
5180992068
5180999806
4360123996
4741161433
4741157038
6299051514
6299056725
6299047876
6878244482
6630486188
6353815454
6289407270
6357881606
6357892563
6269019918
6269019322
6041357338
5886803380
5886808315
5886801643
5663615360
5663623939
5663629016
5663630465
5663616123
6417481673
6417477431
6010253325
5083090965
5083088795
5083086161
5571655331
6772344788
6935193203
6935186499
6935196055
6435111758
6435123354
4966949596
4966944592
4966953250
3340203239
3340217510
3340196017
3340211736
2549454819
3250995120
3250990953
3251007628
3250992141
4236465668
4236458264
4236462204
4236457974
4236460526
4236466886
4377520356
4377533235
4887633731
4887627803
4887624555
4887621639
4887629703
4887631013
4887631637
4887626431
4887622653
4887628077
5612056149
5612055343
6337155604
6337144532
7573487456
6518056470
6518071452
6518072607
7036577889
7036571381
7924577960
7924574958
7924597142
7413479387
7663379682
7663384730
7663400504
8066972764
8066979183
8121351365
7501822879
7501819681
6289281001
6289283317
6289295027
6289292975
6289287393
6289281475
6289280743
4831929739
5570596500
5570596510
5570589039
5356008110
5852407238
5880300021
4210585408
3697377812
4644192153
4234691413
4234690872
4234705357
4756928850
4820784539
5493520115
5493533511
6430430926
7002607761
7002613082
7002611759
7002614088
7002621073
7002614959
7060875851
7978848471
7822949592
7822952316
7822928780
7822934218
7972019872
8757514738
9378163372
9378166203
9378167974
9378161064
8693973679
10175359526
10640177147
10640177521
11161078007
10697490595
10652988727
10607389658
10607394798
10607388586
10541664132
10235523972
10235518024
10113982424
9659961424
9866119303
10563713963
11607078754
11607074152
10844433737
11677334595
10852212687
10276419492
10631371056
10631370453
10630613512
9808808216
10356443413
10352170344
10352172547
10352181370
9618189479
9746994224
9030194170
9030181561
9625640483
8146931015
9052515872
9113349014
9888860985
11003441426
11003442388
11003421064
11467915522
11395662099
11395676111
10653932304
10280578449
10637850744
10637839806
11600700098
14319499680
14319478578
14319493082
14319500922
13383885873
13383879129
13383877125
13383884904
13914492631
13914486297
13280297179
13280284409
13280293032
13280278873
13280283695
13280281594
13616517792
13616523056
13483469400
13483477656
11905285020
10917885382
11177550359
10959842312
10959828418
11056589116
11056579378
11056591828
11056589524
11215051333
10441876335
10441876177
10441887426
9864550947
9864536606
10812213195
11120799087
11584211523
11584225053
11259817952
11259816206
11259833170
11259833518
8507104630
9068573895
9068568231
9068565459
9173041774
8195757636
7610342842
6681864137
6681875806
6681858077
5494155264
5494161890
5494174254
5318898560
5318892830
4658786545
4962723123
5281401638
6829390858
8778625753
9214702090
9214722839
9214720348
9214713269
9214718291
8605524310
8605541106
8682980112
9093713318
8494663190
7590124375
7722687679
9211318545
8650689459
8650668743
8405909373
8405912592
10275333181
9919656120
10218936441
10280349135
10280347031
10280347517
9397877330
9170557971
9170546181
9170546049
9170553451
9544460219
9544464916
9126404009
9126413513
9210279994
9210269010
9210275060
9280198746
9280202682
9280206894
10559298830
10559304296
10559315530
11915415323
10935975612
11404517033
11404497055
11404500953
11404515866
11208449227
11208444980
11419691871
13417080684
13417075114
13417077486
13417101518
13417081433
12316546432
12445459730
12445459644
12888926371
12396815800
12396822308
12396819704
12396809466
12396814294
12944962548
13241738950
13241745474
12656913084
12656927659
12467089055
12467093289
12467083899
12284879120
11472943283
11168583303
12093705781
12093712140
12926678094
13563803088
13440648126
13440655939
13440651924
12416498525
12416496588
11677875510
11677864862
11677851566
10207588801
9824613586
9423623631
9423642853
8864884558
8864881802
8549003232
9740428928
11107473710
11107473395
10599317879
12335886606
11859396691
11859407693
12142121319
12142092822
12212025454
11322307489
11322300496
11322314868
10971199966
10971201832
10971190762
10971200022
10971197958
10971207054
10417218415
10027117985
10683524641
10378173734
10378159052
10378166440
10378171608
8994745252
8994772090
8994752018
10252812412
10252807460
10252786920
9619891639
10302041279
10302048173
10302037993
10722553151
11227253311
10770592852
10770599050
10770604836
12492618471
12110514554
12857009462
13458117632
13458119187
13216554541
13216541089
12605733892
11985238667
11985256253
11985235417
11985241681
11819710829
11819696609
11647454703
11647472842
11647462154
11647469698
11698613322
12685093527
12685099533
11866004944
11542981113
11542986430
11542989904
10741936593
12252040130
12252038674
12415567039
11758799889
11404670275
11404684751
11404690333
11404673625
11345742414
11345747386
11890744396
10658345965
10658321727
10338167724
9615733845
7428618798
9092552759
9092547307
9092546561
9092545803
9092543071
9270916155
9548863536
9660628725
9592209312
8945429040
8945446504
8945445430
8652274756
9501781834
9501779494
9501777736
8908308676
8908307940
8337158701
8998223444
8212811238
8212807172
7926532953
7898574222
7898580612
7898569791
8102027755
8591016169
7587086780
7952223972
8132297996
8128173309
8658081813
8953772183
6926627782
6076474487
6076489867
5349997316
5671711387
5702269014
5826047484
6057273849
5189598359
5579777242
4980428204
4980416722
4980424966
4980434610
4980425316
4980423207
5129030518
6049762199
6132511757
5197492806
4806894105
5859301985
5859310647
5859295705
7453686080
7453685108
6644678419
6721667426
6721661650
6721674674
6721672358
6721655528
6721642602
6721659376
7603328211
7603330105
7603343134
7603346324
7796795275
8596563057
9314348566
9106550114
7942196463
7942178239
7942210673
7447864958
7447898030
7447872870
7095199222
6411398597
8061798176
8582692447
9478213909
11240667438
10632131278
10632126662
10810719407
10810730547
10810735754
11596308307
10568667880
9398841074
8900634227
8900629041
8900624311
8900640284
8900647171
8900631203
8915087546
10156822919
10634759198
10634765707
9002655807
9926945458
9930268562
9930249630
11259990627
10661841066
11204392945
11204371985
11204381797
10186958046
10186965273
10907544877
10256799553
10256812467
10256808333
10256826871
9467679547
9467703187
9080209590
9080200249
9080213367
9080227814
9165516966
9982379843
9982376872
9982379159
10033328526
10728894375
10728864173
11459911052
10431145175
10431165236
10431159000
10431145776
10431152331
10171312124
10171291048
10171274201
10072064901
10346254065
10346275855
10346267961
11015024899
9715279478
9715257894
9715276692
9715256537
9472298798
10397075732
10397093822
11126140027
10231141224
10231155106
10231165043
9331644157
9331631421
9331624869
9175994815
10140132151
11529423984
11529432426
11529410062
10806084875
11550460340
12434056767
12612411873
12612395401
12612408601
11686806869
11686800551
12313915981
12313932235
11157095165
11157101266
11157098892
11157090512
11764078906
12748696565
12748717138
12404323249
12404320355
12404336347
12404328957
12864046386
13109712923
13060647513
13002446785
13600445362
13600413041
13600427976
13535660568
13535644286
13349188396
14140526859
14140502320
14140509390
14022854350
14022837694
14022838282
14022860654
14022861208
14022838130
14439111803
13674374697
13674362796
12752059195
12752045957
12459255044
12459272963
12328168630
13048169585
12740657012
12740658282
11998707043
11998697294
11560364559
10826157565
11026325458
11026335489
11026324071
10538836463
10538817669
10538827395
12105707660
12105716542
12845058192
12845052696
12845063226
12318356159
12318374909
12318343300
11858719657
11858717059
11858713933
11384587152
11384599024
10267424227
10267401067
10267406981
9689903147
9689879879
9689901659
9689884337
9689911805
9023013463
8827581345
7298413019
7638804645
7638791017
6678185388
6664951204
6387094884
6732102485
6732112686
8811393536
8654526528
8654506388
8654515404
9196933930
8857481030
9221851614
9221877264
9221876259
9221873397
9221889010
9153789590
9561349553
8720638709
8720649995
8720632659
9019816649
9019788261
9019808133
9424612505
10487847744
11162142217
10726819049
10726813727
10726796707
10726810409
10726802235
11344293199
11344287613
11946499467
11199898947
11430692859
11755021165
11117592182
11117594062
11710410533
10980736875
10980751505
10980769453
11170845471
11170875025
11538225691
11538250899
10696486706
10696494068
10319081731
10651677927
10349726263
9787109208
9787081116
9787087986
9787091100
9787095371
10729978143
9960092285
9960074049
9960072107
9467728841
9467725565
9028869174
6201403615
7098345434
5681780199
5681780891
5681776327
5681751913
5681803191
5681772809
4862396393
3775107326
3775125501
3775121635
3775091303
4659950651
5235449618
5235440266
4301829391
4301799819
4301799133
4301820695
4702515926
4702514124
4702510840
3107879304
3107897488
3107886832
3467202621
2355080183
2355085005
3582126955
2034008904
450803313
450832567
97471253
97479819
97494457
97468073
97483657
97473521
-836174663
-836186769
2266985731
3844673934
3844678718
2830288760
1927845171
2228603121
2326484563
2369384623
3701663569
3701674407
3701659514
3869363191
3869375463
3074818111
2822848055
2822855782
1038624058
1038622713
1887846954
2159972295
2445099639
2445072837
2445115584
2445123709
3122518961
1422644271
1244280605
1244266463
1244268929
1244256965
1244272853
300099610
331478493
-487703955
-487682153
-1455565759
-1528783042
-2285291409
-1511496047
-1511489679
-1511478625
-634192832
-634211540
-634190758
-267762890
4133721
4161017
494661769
494687705
494667953
494673181
1130782645
1130814911
1130801053
1130790053
1130806398
717843516
666398204
1945975275
1945968747
1945970079
3524240859
3524236826
3993819749
5196187025
5196196255
5192638338
5192633516
6434157426
5982645727
5592938789
5592911930
5991195021
5836825977
6465662633
6316027610
3950200619
3950197933
6733407161
6733372151
7329584432
7329541082
7419026133
7419029538
7419016069
7419001875
7419015153
7419018475
8230646032
8552439534
8146393240
7703301846
7870577718
7234634811
6316335018
6517152653
5265668982
5265672821
5265658542
5526059174
6007370920
5227219263
5227253633
5227193725
6062114905
7061777857
7061780560
7061758770
7061774019
7061765111
7061778445
6308068710
6308070998
6149085782
6149118292
6149106570
6149105544
6149130268
6149106738
6149077528
6149121094
6149094514
6426644019
7058697177
7058702959
6625873427
6625887261
6655637199
6760752519
6120264459
6345830631
6402707340
6402718454
7347797925
7347801227
6396700157
6396711426
5573088613
5869502502
5869528468
5869530504
5869545140
5869508836
5869506060
5869503764
5869512666
5041124597
4813207479
5688790822
5381295494
5515022713
4624347921
4624333224
4624303092
4624343193
4727353988
4727374390
4692703589
3941255524
3941253038
3941250956
3949219598
4141534320
5405118712
5463899350
2370897163
2370881585
1458826815
1458827885
1422872815
2168255315
2424417365
2424388049
2636979080
2133565856
2133549950
3072145365
3072112589
2830588226
2830599288
2830597368
2339370403
2339374443
2339395469
-1176626321
-694437764
-1663477541
-1663477020
-1775549425
-1775574459
-3145491096
-3145483089
-3145473262
-2340083430
-1443137632
-1443114022
-2199681476
-2469765582
-2469797080
-1611160776
-3746505332
-3746507880
-3746516540
-3374786492
-3374773449
-1987360956
-1987348031
-3778334450
-3778348144
-4015917805
-3895042141
-4444589832
-4582886304
-5164289290
-7841417593
-7279842448
-7279870878
-7279838291
-6343574338
-5831424249
-5831405281
-5831418677
-5831413157
-6050999973
-6051002948
-5407474617
-5227772110
-5227789724
-5227769944
-5227793462
-5950080496
-5950115854
-4816545052
-4816576800
-3336593293
-2728945584
-3275236794
-1878370693
-1878352036
-1966445976
-2213726269
-1773913533
-1773926393
-1483607294
-2425762309
-2145014898
-3480605689
-3480609045
-3480635325
-4014316591
-3992301201
-4297863539
-3712434970
-4201229574
-4201250441
-4201238506
-5190305451
-5190326725
-4549833805
-4549817906
-4549801434
-4115210216
-3282949907
-2908811142
-2908831802
-2908810665
-1997228454
-1997209754
-2473060464
-3171920668
-3171920692
-3562357853
-3247897318
-1893384791
-1893371322
-1893378245
-1465752006
-1465758794
-1465766634
-1465729244
-1465774304
-1603113912
-743264896
-1472550518
-1472543490
-1472544497
-1472540416
-1472566689
-1220629229
-411434898
-8810722
-593537669
-593523927
-512500221
-512517670
-512509400
-512492324
-1774604048
-2516620859
-2516604215
-4126706166
-5419467710
-6367599038
-5665371716
-5665376954
-6724392440
-5867123502
-6518137479
-6518123765
-5352346730
-5189679477
-5948214251
-5948261219
-5948235711
-5948231553
-5948251005
-6818484863
-7203044195
-7422149537
-7675153229
-9041370501
-9041354219
-9041392191
-9041349897
-9916033738
-9916039546
-9916054397
-9779696667
-9176404826
-9015903480
-9015946236
-9015946660
-8869766139
-8910895388
-8910884274
-8741617541
-8741616114
-8741648917
-8489097605
-8449381323
-8449361587
-8449361471
-8449388513
-8009793651
-7210784097
-7210801481
-7227666251
-7227639217
-6489512734
-6326525192
-7473280884
-7999163569
-7360122788
-7216697615
-7216732963
-7216721136
-7216716754
-7216723972
-7932011795
-8902376272
-8902361554
-8902346824
-8902353849
-8902336015
-7989115631
-7989134161
-8528078857
-7719148383
-7719137355
-7719154809
-7719168683
-9804743366
-10662617006
-10067293698
-10675340809
-10675353909
-10007655778
-10195536200
-10195526462
-10195508306
-10195540330
-9231319904
-9231324274
-9231333110
-9231341090
-9195817164
-8928043286
-8928038210
-8928030576
-8943525724
-9056640900
-9056626552
-9056620538
-8224674568
-8224661445
-8224665328
-8224638366
-8224655056
-9960831101
-9594459986
-9711792919
-9711816397
-9711837445
-9711833825
-9970880885
-9970866545
-9970851519
-9970867983
-9970873171
-11101362050
-11101326146
-11101341106
-11101354312
-11101317726
-11101382128
-10533962686
-10533988688
-10898511316
-10898477547
-12444940512
-13146686633
-12153357986
-11912532337
-11912557310
-11912544835
-13336159661
-12660270647
-12660249488
-12588149334
-11937874816
-12022270109
-12022242572
-11599137266
-11226358591
-11600895900
-11600855120
-11600836390
-11600881478
-12811294206
-12811310232
-12811320237
-12978532451
-13559483907
-13871438778
-13915240174
-13915260441
-14158316333
-14348668839
-14495023744
-14495040664
-15960329645
-15960347159
-15960319787
-15960322093
-16785881647
-16837536748
-17654111229
-17654111189
-17941809342
-17941786138
-17941789460
-17941809314
-17196031731
-17457877637
-17553038347
-17553053487
-17567141354
-18404423050
-18799831682
-18571730640
-19162001492
-20613461566
-20613451513
-20483137817
-21337310668
-21337317658
-21337321056
-21337333980
-21337328830
-22197249512
-22197182890
-22197217605
-23128141210
-23128111262
-23128151543
-23128123335
-23128127060
-23128117745
-23128105209
-23128119784
-23128146831
-23128129121
-23128104804
-23128124092
-23128128947
-23807064673
-24158837271
-24393711323
-23595796746
-24942676446
-24942643314
-24942675414
-23742440347
-22828661886
-21614659338
-21614654952
-21308904868
-22272228234
-21495304922
-21929558647
-21929520335
-21929576847
-21929529401
-21929539507
-22018631774
-22018628046
-22018644654
-21279039870
-20928436754
-20928420542
-20928406982
-20928409904
-19535425623
-17996193517
-17996181918
-17238134527
-16988107912
-16988094576
-17906897243
-17906865695
-19057849097
-19057827005
-18561021204
-18560987932
-17941179336
-17146741846
-16900886401
-16900894991
-16649044434
-16649084427
-16649090968
-17959570301
-17959605591
-17959558752
-17959531816
-19331127378
-19331123541
-19853525494
-19853507892
-19853515016
-20368287785
-17900740147
-17900768449
-17791329117
-17791318863
-17299174133
-17407420643
-17407422583
-17407399633
-17407401533
-18091718266
-18091725378
-19263777426
-20069616804
-21048637553
-20849900853
-20849882080
-20849872766
-20849920949
-20849905101
-20849916256
-21350734290
-21350742800
-21350736918
-22446893032
-22446900614
-23241705579
-23241707937
-23885205678
-23885213558
-24434933802
-24434874471
-24434934160
-25196603823
-25927750324
-25927713854
-24589586513
-24589560173
-24589531011
-24589588334
-23927876594
-23927894092
-23927880271
-23254459287
-23457236854
-23919566360
-23454906586
-23454888746
-23458654826
-22350541141
-22350523447
-21454540596
-21818052450
-21818084025
-21818089129
-21818048691
-21818087721
-21818080517
-21752251973
-22283943808
-22283936422
-22283930272
-22283949628
-22283936693
-22283941337
-22291158634
-21550579683
-21361721871
-21361740029
-22584253874
-22584222066
-23972372960
-23754207368
-22866795560
-22866795714
-23830037201
-23830042556
-25634967823
-25090245951
-25347663195
-25347662815
-25347639273
-26892530814
-26892564723
-26326233257
-26326229202
-27253308064
-27253292666
-27253319198
-27253303120
-26395710950
-26395711637
-26395734713
-27071586888
-27071582728
-26381088393
-26381067983
-26987220855
-27261593827
-27611966435
-28589920315
-28526564171
-28526532299
-28108665936
-28108650223
-28619563840
-28840374991
-28840339873
-28840345581
-28922330696
-29561172196
-29608152431
-29608161586
-29608150276
-29865652139
-29865701472
-29865703797
-29865677967
-29865652107
-29865678072
-30099415990
-30099425484
-30099407442
-30003415962
-30003405533
-28750423560
-28750458833
-28750454589
-28750424480
-28438404025
-27026156405
-26613344489
-26613353259
-26613385104
-26613370946
-26895707302
-26895665876
-26895686706
-27853873425
-26724167452
-26910004633
-26362864534
-26362867124
-26362940614
-26362890374
-26828376516
-26071982847
-26071967995
-26071990727
-26272102518
-26039706414
-25483542370
-25483521102
-23964382739
-24557611838
-24557604733
-24557601228
-25203212545
-25203181597
-25323801070
-26847745897
-26847739593
-26847747071
-26939279147
-27921453720
-27886873999
-27886854316
-27646345857
-27524040258
-27523992174
-27524019068
-27523988999
-27464954625
-27464998250
-27987833815
-27908145915
-28061185834
-27317375600
-27910242829
-27910263563
-27064814541
-27064797183
-26982232686
-27876631627
-28769152346
-28769145128
-30892518999
-30144337856
-30144376106
-30144340478
-30144383408
-30144354430
-30144372904
-30545397205
-30545410633
-30545401011
-29141369363
-29550446500
-28914071928
-28914048530
-28914069326
-27882167585
-28856822444
-28856798026
-28856818106
-29855681142
-29617869613
-29617849317
-29603428029
-28930408588
-28930413666
-28184070760
-27562488427
-27562475509
-27562454009
-27562463153
-26731918035
-26731899573
-26731870257
-26731920365
-26731911055
-25964227419
-24519012651
-23741757438
-22937083558
-22463070725
-22463081591
-22463103989
-22629874841
-22537852993
-22537817351
-23431080650
-23431047696
-23414670465
-23408955618
-23408956306
-22347238201
-22347281869
-22347233747
-22347244333
-22506983516
-22506989440
-23545270993
-22741947348
-23305253254
-24051475758
-24051477002
-25168537163
-25513815370
-25513797490
-25270232829
-24923170588
-24923182604
-23584693112
-23351977782
-22364059181
-22364072875
-23064690432
-23064685658
-23569501198
-23569472455
-23569442377
-23569505501
-23569473911
-23635936346
-24475214465
-24475255348
-24475220082
-24839763838
-24839752386
-24839758302
-27284924375
-28038916056
-27941472572
-27284499749
-27284539119
-27284496225
-26702322580
-26135473794
-26135491572
-25593186775
-25656541249
-25049878928
-25142193324
-25142173714
-25941648110
-25919585646
-27167593310
-25415858532
-25415883446
-25415834600
-26179028715
-26179034279
-26179060070
-25544062977
-25544032091
-25544083057
-24942234505
-24942247777
-24564513162
-25106562131
-25106525575
-25106538603
-24919756202
-22782913684
-22774367669
-22774452281
-22774381339
-22774433967
-22774405397
-22774409681
-22774410805
-21461348686
-20694403562
-20979082960
-20979103294
-20979100134
-20838623009
-20838644047
-20838627649
-20838650135
-21285791452
-19271484870
-19748200798
-19748195753
-19292331916
-19292370278
-19292364266
-19292397224
-18513631353
-18513600305
-17555692250
-18611213970
-18252132728
-18056270330
-18056275720
-17866722857
-17866716410
-17866711834
-17405416298
-17623696302
-17457820632
-16335704796
-16335672381
-16236240972
-16236220156
-16236249592
-16275805392
-16275793914
-15777509886
-16018165664
-15852619592
-15017147589
-15017201139
-14415123737
-15681658452
-15755456435
-16658886695
-16658881839
-16658885892
-13823668712
-13823680709
-13823651051
