0
-3287
-3295
3023
9914
9962
10130
11082
11090
13342
13356
-1239
-9344
-9283
-1510
-6378
281
281
-1015
3862
8881
4640
4599
4581
4459
-2169
-2140
-2088
-2206
-2205
-2066
-7334
-688
-694
-6748
-4455
-5363
1918
1693
1829
11778
7317
6048
6043
8387
8050
1511
1803
-2752
-2798
-6694
-6696
-6832
-6862
-6828
-10773
-6013
-14615
-14535
-13141
-11584
-11582
-11936
-11632
-11996
-11820
-12239
-12228
-15230
-5780
-5844
-5472
-5540
-9924
-16567
-8292
-16824
-16659
-17036
-26970
-27082
-36555
-36850
-37124
-30883
-30929
-40860
-40682
-39629
-39265
-39033
-38752
-38233
-62794
-63781
-63830
-64041
-76012
-76440
-76304
-76104
-76190
-76440
-76026
-76366
-76444
-76248
-76262
-75968
-76012
-75988
-72510
-65385
-65843
-69555
-78248
-77804
-78250
-86182
-77435
-88056
-88238
-87812
-88256
-84075
-83965
-83609
-88421
-88003
-88817
-88269
-80573
-75162
-75983
-75810
-69752
-63198
-63047
-63581
-53474
-53874
-54095
-54037
-53276
-58605
-64794
-65332
-62898
-63368
-62968
-62886
-62918
-62898
-52551
-48815
-47920
-48659
-48655
-52238
-51444
-52148
-34673
-35503
-38924
-48448
-44738
-49965
-57184
-57218
-64932
-65570
-65320
-65538
-72504
-75910
-75414
-67470
-67518
-65382
-48893
-49943
-58514
-58133
-75063
-86222
-86604
-86716
-85942
-80259
-96123
-91795
-91597
-73712
-74432
-76215
-76489
-73340
-64450
-43739
-43981
-18883
-8014
-8432
-16991
-10119
-9669
-10655
-7240
-12636
-15669
-16094
-15019
-19650
-20368
-26046
-24428
-26366
-39041
-39001
-39651
-26764
-27394
-17453
-18203
-13873
-22071
-15559
-20420
-20986
-20018
-21414
-44107
-51675
-57874
-52983
-52137
-52407
-57347
-57728
-62748
-71744
-72509
-72525
-56500
-57472
-55837
-55551
-48057
-49409
-48373
-48837
-57164
-64842
-73422
-74836
-64392
-64669
-64733
-63558
-62049
-61935
-63578
-61778
-60594
-56054
-54147
-63199
-62941
-61130
-59008
-71764
-72102
-66629
-68862
-68862
-73185
-72906
-48325
-55509
-55233
-71695
-71955
-67965
-67655
-93650
-94857
-93810
-84432
-86109
-75630
-80139
-79163
-77023
-85632
-70894
-71307
-71535
-76314
-77156
-76534
-70486
-75860
-75294
-76040
-76386
-77460
-76040
-76386
-75860
-84288
-82632
-91761
-89636
-91186
-84815
-84415
-84017
-86305
-85126
-77686
-77420
-76868
-77053
-79930
-76717
-77101
-85462
-82198
-82732
-81954
-82838
-89527
-89451
-81177
-80785
-81313
-84927
-81073
-81365
-81575
-81167
-83178
-58815
-72311
-70844
-75268
-77219
-75370
-70835
-66534
-72269
-72727
-71419
-74299
-73440
-73810
-75196
-73952
-73772
-72026
-62159
-62493
-63991
-69236
-70008
-69316
-61822
-55531
-54456
-52648
-54456
-61883
-61415
-61985
-60647
-61647
-61015
-61997
-61883
-82052
-83669
-81592
-76443
-76497
-78105
-77861
-62296
-56609
-57938
-57310
-57600
-56941
-63632
-67590
-68754
-64467
-73756
-75524
-86443
-87001
-91846
-92256
-96427
-94955
-112433
-103485
-103197
-101238
-105336
-103419
-105894
-104148
-106290
-100142
-98978
-89641
-91257
-105592
-110024
-119310
-120106
-118172
-117870
-117832
-117628
-117248
-117134
-120992
-122158
-120765
-121604
-121246
-114925
-113459
-110995
-122337
-122863
-117515
-115329
-121036
-117394
-116994
-118118
-117129
-117494
-114785
-126307
-135760
-134002
-134002
-132280
-131680
-133184
-129312
-130594
-130250
-129810
-124091
-123828
-133353
-127352
-136163
-125279
-129161
-123197
-121651
-118178
-120354
-112605
-103297
-102664
-113007
-110885
-110903
-111309
-106165
-107361
-105961
-105475
-107041
-97008
-93033
-93377
-90942
-88764
-84792
-83509
-84792
-99999
-98207
-89847
-89964
-89053
-97372
-98374
-87695
-91432
-90386
-78327
-78957
-77119
-78861
-76965
-94554
-93228
-86204
-83047
-77519
-72755
-74327
-66081
-66495
-65782
-75604
-72760
-73158
-68727
-68445
-75153
-75176
-76738
-77321
-84444
-82868
-82487
-76700
-90518
-100290
-111752
-110342
-108574
-109021
-108579
-110344
-108854
-109526
-109835
-113070
-114556
-117880
-128675
-129991
-128959
-128299
-130991
-115762
-110684
-108465
-107419
-110296
-110296
-99349
-98838
-101285
-108856
-114877
-123317
-124737
-126147
-127876
-127919
-127293
-127533
-134407
-133425
-153780
-154166
-151384
-153038
-147592
-148132
-149436
-146988
-141824
-142989
-143440
-144916
-143922
-135174
-136736
-141891
-142632
-138455
-136964
-127549
-128119
-128445
-128735
-124145
-110872
-119360
-110253
-108271
-113901
-95599
-89072
-72721
-64061
-64695
-59497
-61904
-58953
-57167
-51011
-52766
-52280
-45896
-44378
-44944
-39042
-38934
-39022
-38090
-38988
-39506
-40198
-41638
-44362
-40116
-40930
-42695
-43832
-43412
-43412
-45314
-47970
-36721
-36775
-46328
-42651
-42618
-51585
-39638
-53048
-52398
-50868
-48052
-46098
-53649
-53503
-55929
-57069
-62871
-61815
-53555
-64278
-58602
-59854
-59791
-58833
-61474
-58107
-62943
-56723
-45631
-50422
-49629
-64161
-79740
-76598
-67910
-66128
-66128
-67910
-66696
-67958
-55892
-57004
-60670
-54798
-55106
-49570
-36928
-31467
-40284
-48425
-50597
-54999
-72718
-76882
-90737
-93989
-90707
-104945
-102931
-106131
-105058
-100465
-101205
-102462
-99808
-106250
-111587
-113644
-121797
-115650
-114660
-95326
-95101
-97284
-92094
-85838
-88184
-84410
-61858
-62650
-62858
-64594
-65028
-47020
-47663
-45759
-47540
-56495
-56607
-56451
-61273
-56328
-70824
-55557
-61551
-56487
-59926
-56393
-57129
-59752
-56983
-57037
-46545
-44928
-42878
-48270
-39263
-49629
-44425
-51502
-53462
-59110
-60512
-58557
-54508
-52758
-56580
-54654
-43706
-47711
-49628
-45543
-51250
-55136
-36842
-30325
-27584
-26678
-33170
-30793
-26817
-21345
-20605
-20553
-21971
-15214
-15214
-15214
-14440
-8744
971
3269
1572
7452
10811
5115
6118
9000
16174
15464
14670
8069
4607
-5993
-9027
-26120
-30524
-31301
-32925
-31267
-28854
-34474
-29794
-32366
-53802
-38262
-42140
-46760
-43943
-35177
-38829
-38990
-40882
-42565
-41270
-49217
-50775
-54414
-62391
-54100
-60499
-57146
-56925
-64443
-67651
-68130
-76913
-65603
-75107
-80029
-83084
-87138
-89786
-89623
-83949
-88139
-87268
-95172
-86471
-88483
-90761
-88551
-95058
-86612
-90317
-94738
-101451
-102763
-106791
-102606
-102984
-102219
-103808
-105794
-99735
-101042
-106368
-106244
-104466
-114620
-114166
-121357
-124368
-116754
-110226
-110646
-111244
-116109
-127110
-126037
-116452
-132063
-123858
-130942
-120238
-119139
-118845
-124382
-135489
-119226
-123730
-122414
-124356
-105854
-106568
-88643
-84098
-79175
-81409
-72865
-76370
-72253
-81369
-84053
-97931
-95223
-105452
-98019
-99944
-99380
-96051
-98577
-97546
-97546
-100787
-85836
-85716
-88966
-86919
-95261
-94262
-92985
-95751
-96168
-101880
-97228
-99258
-97846
-98993
-97798
-103354
-108875
-121854
-113972
-120132
-107030
-107400
-108473
-107500
-104453
-104223
-106868
-101726
-89367
-87750
-90535
-87852
-85346
-87142
-85822
-85822
-86744
-73266
-70731
-74288
-74292
-72452
-75576
-68916
-67722
-73381
-73364
-72803
-70171
-70151
-71724
-68573
-72799
-70151
-78209
-78757
-80661
-86635
-87609
-87532
-84338
-83421
-85949
-82983
-96361
-94295
-97621
-95332
-92746
-105110
-109876
-107531
-95117
-93608
-86297
-79426
-81115
-76646
-73394
-78816
-82669
-83051
-82025
-96192
-95900
-106257
-99817
-118686
-121780
-126694
-128154
-129051
-129110
-131498
-131570
-130247
-129775
-130676
-142151
-133303
-147438
-151465
-152674
-147092
-144115
-144859
-141612
-140808
-146099
-142504
-142880
-139864
-138383
-135950
-128801
-131041
-129639
-130495
-119155
-122367
-119025
-119022
-130332
-132109
-134759
-136300
-134210
-126340
-123798
-122806
-132448
-127399
-127833
-137424
-138098
-145739
-146096
-140126
-140149
-146114
-144196
-136780
-137688
-140184
-132875
-129740
-119134
-113754
-113908
-114937
-138329
-135725
-134491
-135241
-133797
-136527
-143951
-150091
-150737
-150902
-164246
-163087
-137958
-153512
-138795
-143004
-169353
-157061
-162222
-158202
-159188
-164212
-164296
-164306
-167794
-162924
-167518
-177840
-172446
-171217
-150432
-152766
-157166
-152406
-152852
-150114
-143584
-134469
-118527
-108660
-107002
-104454
-99477
-103904
-97301
-98500
-98367
-104989
-103811
-111964
-109930
-103702
-117315
-102849
-99745
-95981
-100739
-103783
-97307
-106254
-102734
-104011
-99697
-98558
-99208
-102837
-106991
-108701
-102145
-102679
-105895
-109003
-102319
-108701
-105509
-103315
-120894
-130111
-120083
-119033
-122481
-129772
-125348
-120130
-122000
-118110
-118558
-118390
-115780
-125412
-121878
-122065
-117423
-113398
-108551
-111608
-104408
-117718
-127664
-121602
-121730
-111720
-111716
-102173
-104420
-106395
-109310
-109572
-113684
-112400
-115286
-113190
-125705
-121027
-121998
-119134
-117073
-122399
-113146
-111040
-110440
-126287
-120095
-121113
-116145
-121994
-105116
-107066
-107609
-109369
-119520
-112181
-110306
-109362
-105292
-103572
-112461
-108727
-113809
-118006
-103797
-99500
-101698
-102092
-89909
-83549
-95112
-87692
-93261
-96650
-93784
-94334
-90386
-89246
-83899
-82908
-82693
-79640
-83623
-89445
-84003
-88077
-85213
-85586
-82451
-91009
-78539
-85182
-91463
-81585
-66377
-66985
-64549
-60805
-62750
-60222
-35043
-53074
-42012
-40072
-41846
-41074
-33834
-37008
-41406
-38560
-36084
-39986
-41100
-37422
-57167
-48181
-50556
-59828
-59954
-60100
-54735
-54599
-50786
-52328
-42920
-38539
-41577
-38063
-36882
-37799
-34481
-41238
-34678
-42501
-34678
-41169
-38921
-41166
-37381
-36875
-38345
-39166
-37604
-37418
-31150
-32293
-33571
-36756
-39444
-34780
-34780
-34930
-30730
-40739
-38815
-39561
-35222
-22263
-22781
-13193
-9145
-14117
-9649
-18846
-17904
-15670
-19063
-16036
-2975
-537
-263
-6979
4007
-6154
3365
5989
-836
-6714
-10958
-9678
-2174
-2328
-10753
-12140
-17377
-7186
-5556
-7408
-1914
-2448
-6733
2
-581
15229
9891
12295
9324
-1936
-2835
-5807
-381
-6789
4227
18149
32922
9148
-1191
2751
-4009
-7163
-8415
-8707
-8345
-1279
5983
-4554
-380
-6486
-9153
-6646
-12248
-9680
-16516
-7913
-23055
-13569
-15512
-15386
-25555
-20629
-29662
-35043
-23902
-28112
-30767
-41614
-47661
-58297
-62803
-61009
-57729
-59206
-68680
-66342
-66116
-61718
-67858
-62694
-63594
-67362
-66152
-64998
-64942
-73339
-69138
-70918
-57154
-57344
-50737
-45046
-26334
-28555
-29050
-34586
-28147
-41431
-52660
-48479
-42741
-38926
-37002
-48645
-42131
-45117
-53632
-53760
-51272
-51849
-59077
-62362
-37349
-40924
-42303
-46405
-56381
-43372
-46455
-44302
-46787
-46557
-41673
-48214
-45715
-48237
-41357
-32653
-30211
-25974
-28569
-30438
-31272
-34972
-29840
-33818
-36678
-23542
-19356
-18559
-22383
-23098
-22174
-31367
-31030
-26863
-23406
-26823
-26577
-17538
-24388
-14837
-14086
-24069
-21707
-21667
-22753
-17359
-14263
-3613
-4507
-12821
-6071
-4023
-6257
-15587
-14263
-6889
-5947
-8045
-3215
-11209
-4240
-10070
-1553
4883
2065
-7906
-2838
-4827
-9714
-688
-4667
-1243
260
-3803
-3851
-12577
-13137
-11583
-17095
-25704
-18988
-6832
-26791
-33756
-29230
-33164
-24794
-40224
-39348
-33973
-33195
-46250
-45420
-44048
-44218
-51642
-58126
-56104
-55957
-52428
-58209
-57759
-54888
-50623
-47078
-45585
-46129
-38592
-41605
-41338
-38458
-48497
-52646
-51162
-51445
-40565
-40496
-37160
-36182
-35134
-52546
-45240
-52701
-59108
-55532
-59243
-57868
-54279
-63367
-57863
-71355
-70521
-69833
-76312
-70008
-75320
-74409
-73505
-61581
-66893
-79057
-67379
-68370
-72737
-78461
-75793
-81340
-74618
-80032
-94143
-100738
-105691
-103932
-94252
-94520
-96476
-94672
-101770
-104763
-108088
-106830
-103218
-101849
-102810
-105802
-108570
-104667
-88273
-78259
-79242
-83708
-70236
-69585
-63857
-68663
-74127
-63689
-66934
-63044
-75749
-67846
-63229
-63450
-60621
-72528
-77326
-70888
-68408
-74046
-65339
-81737
-76249
-80305
-80464
-88369
-82115
-83790
-80485
-82911
-80465
-84896
-79004
-83952
-69960
-74206
-68909
-61695
-61719
-60181
-53507
-56377
-56664
-54016
-48439
-43887
-49514
-50555
-57021
-46567
-47747
-55436
-60447
-54687
-56159
-60323
-58720
-44123
-54222
-70664
-65984
-62398
-67642
-65174
-59049
-52585
-51165
-61482
-57144
-64197
-56274
-51567
-59236
-56981
-44144
-41144
-34865
-35710
-36982
-40295
-46060
-50681
-64395
-43000
-39820
-49649
-42916
-30189
-23078
-23297
-28067
-32855
-27677
-35435
-19404
-12498
-18050
-8510
-11874
-2426
3634
-6816
-16904
-6523
-5146
-13945
-8946
-3106
-16650
-7959
-11529
-11215
-7913
-8207
-21490
-13113
-16992
-22010
-19421
-30308
-41308
-38844
-18752
-26938
-20398
-13961
-19549
-18571
-16267
-19421
-22365
-19595
-21294
-15583
-12410
-26657
-30795
-29039
-30311
-22291
-31999
-24190
-27367
-40021
-27703
-40730
-39230
-43699
-41912
-47031
-35740
-37619
-34488
-44059
-37191
-48440
-55262
-58137
-49293
-58198
-50672
-50585
-60097
-56805
-59152
-55066
-49548
-52197
-47043
-52783
-49545
-50135
-56231
-57836
-55372
-60569
-81507
-79035
-79779
-70873
-65443
-83774
-81028
-90036
-79516
-79398
-72448
-83141
-86748
-69489
-72490
-76916
-69570
-67752
-70339
-69204
-75985
-71301
-76033
-74098
-68802
-73266
-73610
-74582
-76921
-77275
-75277
-75157
-89367
-74107
-66378
-68949
-88142
-75874
-80894
-81672
-99604
-89580
-84786
-86359
-84602
-74006
-82931
-69543
-75647
-70604
-72521
-80793
-67772
-77961
-66611
-78697
-83865
-88136
-91139
-89450
-107626
-101294
-109104
-114261
-102632
-103450
-104883
-108624
-115734
-98909
-99005
-99439
-104860
-106122
-98272
-105943
-121882
-117673
-109524
-107952
-109524
-116006
-102302
-102852
-113157
-106508
-117249
-101992
-106562
-110448
-114404
-110038
-122768
-125916
-111268
-121988
-133501
-116905
-126197
-125620
-139609
-146361
-147689
-149505
-146587
-152627
-153112
-171512
-171218
-174392
-188348
-188217
-191137
-200764
-201945
-215522
-222369
-213377
-220528
-219807
-235077
-231536
-228693
-234981
-218621
-213373
-214445
-210488
-203740
-209108
-204954
-188147
-201911
-185546
-192356
-167844
-179060
-170845
-179033
-177213
-171038
-177275
-200207
-205521
-202435
-196669
-206125
-210822
-215347
-215875
-220578
-225480
-213330
-218298
-211501
-219399
-218077
-199719
-208617
-187171
-192815
-193117
-180108
-190643
-188739
-184096
-192948
-177210
-189371
-180148
-181518
-174365
-178091
-182491
-173853
-178091
-168241
-172883
-182998
-184008
-173943
-158764
-159970
-158900
-156914
-161455
-164779
-166584
-172921
-164751
-171093
-171093
-181698
-160103
-157931
-146721
-149872
-151137
-152796
-141393
-150221
-142205
-138253
-136636
-142493
-139688
-135817
-145519
-148571
-143717
-150571
-156807
-147991
-138326
-142786
-136196
-157089
-153023
-138722
-145597
-137059
-140715
-141579
-138878
-138878
-138760
-180099
-161030
-170190
-164881
-168005
-170084
-168259
-170084
-153445
-150698
-163991
-139931
-147306
-148823
-142264
-143726
-156030
-161589
-156279
-163673
-154773
-167626
-154802
-154448
-161213
-158131
-154519
-147073
-148142
-151570
-143767
-154591
-147099
-153768
-147536
-150156
-145230
-128125
-107705
-108670
-112387
-120282
-108766
-116006
-109193
-120343
-122268
-117171
-117881
-116673
-118079
-124509
-122629
-118341
-111603
-108538
-107266
-119994
-120022
-104175
-120429
-116137
-114577
-124789
-114611
-113982
-111044
-110992
-109114
-87216
-94635
-96767
-102653
-91603
-87663
-82461
-91232
-103985
-108774
-111488
-109900
-118173
-119715
-103978
-116305
-117866
-115259
-109547
-110267
-99666
-94131
-99217
-84509
-98305
-81061
-79666
-80062
-88404
-85291
-87291
-89695
-87571
-103320
-99548
-94218
-85081
-90893
-82903
-72193
-76339
-85493
-91846
-89352
-83980
-77917
-86001
-87901
-120706
-113247
-115583
-104237
-110181
-119649
-110283
-113517
-122320
-131871
-137831
-136492
-134438
-144842
-134438
-151976
-147013
-136356
-131444
-140705
-133451
-119766
-109319
-103455
-108926
-110732
-124764
-126878
-125286
-142406
-142406
-153117
-150466
-158804
-138803
-136937
-136872
-138646
-136739
-131973
-123082
-125979
-133742
-135331
-127119
-136657
-127475
-125263
-130837
-146011
-136332
-135053
-138245
-140148
-134121
-142083
-119486
-117678
-120879
-115190
-117479
-129390
-131796
-120414
-114847
-120764
-114234
-119847
-117585
-128756
-126707
-121075
-125062
-130464
-124596
-127720
-128816
-112680
-111326
-111080
-107392
-113649
-113483
-108231
-115714
-118365
-110833
-118490
-106937
-102223
-104388
-107590
-121900
-127589
-108000
-91521
-94059
-118030
-116303
-112569
-122617
-107241
-103843
-100340
-98198
-101682
-102750
-102155
-97693
-100081
-114874
-119769
-125308
-117255
-115671
-107122
-117795
-108600
-112593
-111618
-120813
-123168
-126795
-108951
-116887
-112323
-118337
-108621
-120449
-117199
-121976
-126999
-120015
-118823
-118823
-114704
-124974
-126563
-127159
-106390
-116172
-105864
-109660
-108607
-102508
-114429
-104615
-108739
-104608
-109557
-108556
-106381
-103938
-102848
-111616
-118536
-121984
-109113
-103420
-108649
-110362
-91916
-98086
-74625
-74612
-79012
-80852
-59425
-60721
-61722
-61332
-65739
-69075
-69043
-70976
-64763
-86573
-75517
-66017
-73737
-73694
-57239
-65945
-56409
