83 4535 0 1
56 47
30 74
28 43
78 12
56 76
39 45
17 36
28 60
5 2
45 64
19 21
22 67
62 79
64 54
61 18
45 65
26 7
8 23
65 4
18 44
73 72
43 11
48 39
47 23
3 47
40 1
51 31
6 55
59 27
68 82
12 27
14 35
19 55
1 13
44 68
17 73
29 73
58 83
9 8
24 60
13 55
31 72
3 22
40 64
58 63
80 32
7 54
57 60
13 5
61 59
49 23
43 42
82 4
63 37
49 12
35 50
8 83
12 16
2 73
4 25
66 12
58 52
14 27
70 38
42 21
38 47
71 45
81 9
36 30
5 34
64 69
24 62
38 15
77 35
40 75
58 10
78 46
20 9
35 33
32 43
53 82
8 41
2 22
1 19 -3273
2 59
2 67
1 54 6312
2 68
1 62 6938
2 38
2 42
1 59 234
2 37
1 76 948
2 70
1 49 -4599
1 65 4592
2 59
1 55 7801
1 28 2592
1 46 -8074
2 72
2 66
1 53 -2800
1 68 -341
1 79 -8100
1 32 -3334
2 5
1 6 -8009
2 38
2 27
1 72 1232
1 59 6559
2 27
1 48 3469
1 4 -8384
2 45
1 7 6844
2 20
2 58
1 51 -6848
1 20 5559
2 83
1 28 -5421
1 74 2937
1 3 -2518
1 69 10000
2 63
1 81 4923
2 35
1 27 5492
1 31 -9810
2 53
2 27
2 43
2 58
1 14 -7889
1 58 1174
2 78
2 12
2 69
2 32
2 8
2 40
1 60 -9767
1 77 2123
1 18 2459
2 19
1 79 6663
2 7
2 27
1 77 -5809
2 37
1 4 1991
2 45
1 56 6333
1 28 1706
1 61 -8784
2 35
1 29 7156
2 65
2 9
2 6
1 75 9926
2 5
1 32 -4218
2 58
1 83 3236
1 54 -4574
2 77
2 47
1 41 -6109
1 74 8274
2 82
2 63
1 42 -6559
2 62
2 13
1 50 -4351
2 50
2 9
1 46 -4644
1 17 831
2 74
2 22
1 13 -435
2 13
2 25
2 68
1 21 7950
1 81 -8841
1 7 -992
1 5 9494
1 77 -8498
1 41 6626
1 33 -9304
2 51
1 56 2300
1 63 2380
2 77
1 11 -8738
2 27
2 65
1 21 1586
2 66
1 44 1393
2 68
2 40
2 20
2 69
2 63
2 29
1 32 -574
2 5
2 59
1 7 -2939
2 6
1 78 -290
1 81 3054
1 46 9630
1 9 6833
1 35 -9846
2 68
2 53
1 4 7146
1 30 -3162
1 65 -3657
2 68
2 69
1 47 -4369
2 69
1 21 -5178
1 34 -884
2 79
1 46 2473
1 56 5666
2 52
1 51 -3080
1 16 -5644
2 47
2 12
2 80
1 22 4166
1 32 -9476
1 51 -9686
1 8 3865
1 36 8300
1 58 -9765
1 68 1312
1 41 5986
1 13 -4675
2 9
2 70
1 42 -9840
2 39
2 3
1 44 -659
2 65
1 24 6436
2 7
2 66
1 82 -9519
2 74
2 36
1 10 5430
1 1 -4208
2 67
2 23
2 64
1 16 793
2 70
2 4
1 77 -6148
1 37 -7393
1 70 -7040
1 49 -3211
2 57
1 74 1285
1 79 2663
1 18 -5612
2 44
1 34 -38
2 44
2 19
1 74 -8448
1 30 -2641
1 9 -977
2 13
2 58
2 33
2 14
2 34
2 58
2 53
2 3
2 81
2 26
2 47
2 61
2 13
2 59
1 39 3612
2 49
1 30 7062
2 69
2 15
1 41 -3712
2 32
1 51 -8693
2 20
2 39
2 28
1 21 -8069
2 77
1 41 8774
1 44 3195
1 21 -3398
2 14
1 17 -706
1 37 -9854
2 2
2 17
2 45
2 29
1 70 -3220
1 13 7446
2 41
2 8
2 68
1 54 -6526
1 43 2367
2 15
2 19
2 79
2 83
1 64 7649
2 17
1 65 4962
2 65
1 25 42
2 57
2 22
1 66 5864
2 77
1 39 6175
2 13
1 29 83
2 68
2 41
1 63 9832
2 49
2 81
2 24
2 67
2 1
1 67 -8244
1 47 3728
2 74
1 58 -6391
2 31
2 79
1 38 -942
1 68 2234
2 44
2 50
2 1
2 45
2 18
2 44
1 10 3553
1 53 285
1 9 -3413
1 79 8360
1 22 1752
2 71
1 46 3743
2 39
1 75 783
2 64
2 52
2 10
1 31 -4046
1 1 6487
1 12 -5838
2 37
2 25
2 67
1 39 9861
1 74 -1370
1 43 8181
2 68
2 52
1 79 -4101
2 53
1 17 -8878
2 11
1 39 2949
2 68
1 49 -5220
2 68
1 4 -2538
1 81 2066
1 33 -8862
1 70 358
1 51 1939
2 25
2 69
1 54 -8802
1 11 938
2 68
2 3
2 34
2 83
1 64 -6828
2 36
1 40 -3503
2 41
2 53
1 79 8485
2 43
1 3 -147
2 42
1 83 1569
2 65
1 24 4282
1 11 6872
1 41 5764
2 78
2 79
1 77 -9470
2 47
2 13
1 37 -7224
1 54 -9730
2 1
1 10 -6558
1 18 -4537
1 40 327
2 35
2 31
2 63
2 69
1 37 5512
2 45
1 74 -4632
1 30 -1420
1 34 -9099
2 72
1 73 1610
1 18 2983
2 11
2 3
1 78 9729
1 8 7892
2 6
2 37
1 77 -7960
1 4 -4091
1 73 9521
2 19
2 50
1 3 2505
2 64
1 37 9190
2 49
1 77 3813
1 70 9354
1 51 5611
1 27 5038
1 49 6547
1 64 -9447
2 2
2 41
1 59 -6456
1 6 9738
1 6 8490
1 70 -5396
1 36 5850
1 26 9872
1 28 -5368
1 83 -8849
1 77 8199
1 42 9024
2 46
1 16 6177
1 54 5069
1 46 1348
1 79 6771
1 46 -9051
2 68
2 16
1 44 2944
1 41 -7667
1 67 -3359
2 29
1 15 6781
2 38
2 14
2 37
1 38 2313
1 7 3569
1 45 115
1 61 -3764
2 59
1 53 -4358
1 37 -1011
2 40
1 11 -7063
1 70 -2320
1 12 2830
1 46 9440
1 2 -3112
1 56 -9695
1 68 7484
2 34
2 43
2 68
1 5 220
1 20 -4179
2 34
2 30
1 58 -3918
1 81 -3730
1 81 2261
2 74
2 44
2 62
1 46 -6150
1 59 637
1 77 -8697
2 75
1 75 460
2 21
2 30
1 80 9241
1 81 -4362
1 17 7001
1 46 11
2 66
2 17
1 30 8917
2 4
2 77
1 64 7291
1 12 -2649
2 22
1 82 -7408
2 24
1 1 32
1 31 5904
2 10
1 20 3556
1 2 -9200
2 66
2 42
2 45
2 11
1 51 -8204
1 68 -3679
1 79 -514
1 8 -3922
1 63 -929
1 45 -6364
2 66
1 3 -7038
1 72 -146
2 77
1 83 -8539
1 37 1669
2 27
1 5 5637
2 21
2 65
2 39
1 73 -6900
1 66 2579
2 3
2 43
1 29 -4969
2 10
1 6 -2682
1 82 -7537
2 64
1 11 259
1 61 -783
2 71
2 54
1 39 8549
1 10 8049
2 77
2 74
1 16 950
2 29
2 83
1 18 6626
2 68
2 63
2 71
2 34
1 81 4349
1 62 -4667
1 57 -7342
2 31
1 2 -7573
2 67
1 29 -1477
1 21 -8566
2 65
2 52
1 59 9938
2 77
2 81
2 22
1 18 1085
1 57 891
2 24
2 66
2 75
2 57
2 12
1 26 944
2 65
1 83 6620
2 57
2 27
1 72 -7769
2 63
2 58
1 27 2965
2 62
1 37 -2190
1 74 1523
1 38 2398
2 80
1 78 -8111
1 47 -6541
2 82
2 71
1 21 5713
1 4 -7825
1 49 5183
1 14 2850
2 19
1 18 -2990
2 82
2 82
1 23 739
1 5 -4705
2 39
2 45
1 23 7046
1 81 7708
1 7 1913
1 61 8761
2 6
1 55 -7763
2 53
2 44
1 57 -8825
1 42 -7227
2 49
2 7
1 51 -5576
1 36 9503
2 16
2 1
1 15 -9589
1 12 -9494
1 74 -7119
2 44
2 42
2 27
1 3 3156
1 16 6360
2 53
1 20 4674
1 16 -998
1 8 1116
1 83 -5754
2 83
1 62 9826
2 53
1 33 4027
1 67 -7752
2 21
2 59
1 2 1781
1 45 -8031
1 38 6327
1 62 2554
2 16
1 45 -8632
2 75
1 21 7655
1 75 7606
2 26
2 76
2 31
1 26 -6262
2 27
2 26
2 13
1 71 6226
2 78
1 29 1661
1 37 -8231
1 65 1501
2 19
2 12
2 26
2 17
2 24
2 26
2 17
2 19
1 52 -7286
2 30
2 53
1 46 -4729
1 52 -2184
2 57
2 71
2 37
1 7 5559
2 73
2 7
2 53
1 16 -3398
1 42 1681
2 19
1 18 -5739
1 49 8944
1 44 1042
1 49 -3299
1 78 -1376
1 24 1343
2 23
1 18 6
1 75 8855
2 28
2 10
2 21
1 31 -985
2 25
2 79
2 44
2 39
1 74 -6738
1 40 -444
2 76
1 50 2879
2 41
2 43
2 2
2 31
1 25 -7863
2 66
2 75
1 43 7713
1 81 -6637
1 30 8253
2 22
2 73
2 43
1 60 -4107
2 41
1 58 2787
2 64
2 71
2 23
2 40
1 25 -974
2 3
1 33 5761
1 5 9994
1 5 8137
1 46 -3734
1 16 914
1 74 9316
1 2 2250
1 27 -6295
1 76 -4538
1 5 2597
2 83
1 45 -4058
1 42 -9084
2 72
1 26 1815
2 31
1 6 -5511
2 7
2 24
2 35
1 45 2770
1 45 1563
2 5
1 46 1720
1 13 -4500
1 50 445
1 37 8274
2 51
1 71 -6946
2 6
2 42
2 40
1 25 4357
1 22 -6175
2 77
1 28 -3592
1 62 4606
2 38
2 15
1 41 43
2 62
2 36
2 15
2 82
1 18 6850
1 82 3483
2 54
2 48
2 30
1 41 -7499
2 44
2 48
2 61
1 78 1342
1 57 5311
1 66 1182
1 4 1579
2 63
1 41 7939
2 79
2 60
2 5
2 60
1 30 -8388
2 42
2 6
2 29
2 12
2 41
2 16
2 81
2 42
1 50 -5692
1 61 -5340
1 50 -9000
2 72
2 62
2 26
1 26 3915
2 82
2 18
2 58
2 3
1 44 4472
1 35 529
1 38 7130
1 51 6661
1 36 -3436
2 6
1 28 -2447
1 9 7373
2 1
2 17
2 46
2 9
2 78
1 43 -5937
2 3
1 78 -4083
2 77
2 51
1 10 4263
2 30
1 24 -146
1 37 -1573
1 58 -9757
2 27
2 43
1 46 -9136
1 24 -3228
2 54
2 46
1 36 593
1 27 -6105
2 1
2 5
1 50 -3156
2 29
2 12
1 55 -6191
1 13 -9478
2 52
1 59 9238
2 32
2 10
1 52 1993
2 36
1 48 6313
1 65 -6910
1 79 -3699
2 76
2 4
1 49 -320
2 52
2 53
2 30
1 78 5524
2 76
2 66
1 12 9126
2 49
2 52
1 80 -3245
1 54 -6164
1 78 3563
1 82 -2201
1 4 -7720
2 75
1 68 5544
1 62 -8770
2 72
1 42 -8920
2 10
2 74
2 8
2 66
2 78
2 13
2 59
2 18
1 80 -2661
2 6
2 67
2 35
2 17
2 9
1 60 6844
2 15
2 13
1 2 3947
2 22
1 55 -8044
1 48 -3961
1 44 28
2 26
2 58
1 7 4291
1 76 1503
2 10
2 61
1 14 -1779
2 79
2 12
2 68
2 19
2 64
1 7 -5578
1 83 7827
2 51
2 65
1 39 36
1 19 -4971
1 27 -161
1 80 -6291
2 61
1 83 -5462
2 79
2 52
2 52
2 49
2 44
2 83
1 35 -1988
1 8 -2724
1 23 6800
1 34 992
2 75
2 81
2 38
2 2
1 40 -8419
1 16 1031
1 45 5813
1 8 5112
1 14 1453
2 25
2 59
1 52 -9635
2 18
1 69 8388
2 31
1 5 -9693
2 83
1 9 9341
2 82
1 2 -2054
1 62 331
2 70
1 72 5423
2 73
2 44
1 38 3865
2 12
2 67
1 43 9183
1 7 -3591
2 1
1 42 5055
1 20 5423
2 33
1 74 -36
2 16
1 82 -7774
2 24
2 6
2 34
2 56
1 32 4324
2 23
2 20
2 14
1 20 9054
1 15 -8728
2 71
2 20
1 82 9071
2 35
1 58 4153
2 46
2 9
1 16 8760
1 49 8390
1 31 -8243
1 75 -4878
2 80
2 7
1 78 5887
2 30
2 73
2 30
1 36 -5725
1 18 -3528
1 13 5704
1 34 -7167
1 36 -5587
2 38
2 4
1 8 5050
1 19 5616
1 69 -223
2 17
2 81
2 2
1 20 -3208
1 44 -5184
2 35
2 20
1 57 -1365
1 62 5039
1 70 6232
2 47
1 47 -3039
1 32 761
2 11
2 41
1 36 3647
1 75 8364
2 50
2 70
2 12
2 81
2 27
1 70 -5387
1 37 -8103
1 3 4076
1 7 -9540
1 26 3420
1 48 -940
2 47
2 45
1 10 9786
2 28
1 57 3011
2 10
1 82 3810
2 55
1 25 4622
2 14
2 70
1 78 6444
2 39
2 5
1 33 6485
1 67 -4448
2 20
1 2 -7361
2 79
2 38
2 81
1 34 -4001
1 79 6468
2 40
2 4
1 7 -5653
2 48
2 7
2 36
1 44 -1461
2 77
1 6 -5951
2 32
2 2
2 5
1 15 7579
2 10
1 55 -9936
1 69 -4165
2 22
1 42 -9282
2 32
1 52 4667
1 28 -2266
1 64 -3275
1 13 -2510
1 51 -8129
2 52
1 44 1419
2 10
2 48
2 47
2 66
2 52
2 2
2 56
2 58
1 65 -3287
1 65 -1921
1 14 -8418
1 77 8087
2 82
1 23 4914
1 56 -3642
2 36
1 12 -6029
2 65
1 19 -7449
1 38 -2830
2 53
2 33
2 75
2 64
2 63
1 80 3955
1 41 5603
1 40 2887
2 65
1 4 317
1 82 8029
2 30
2 16
2 65
2 52
2 52
1 37 -3830
1 42 9094
1 68 6541
1 28 -603
2 67
2 76
1 10 -7529
1 55 2491
1 15 -1543
1 50 4156
2 22
1 15 -8111
2 38
1 16 -4738
1 4 -2758
2 12
1 57 -8418
2 12
2 9
2 30
1 72 -29
1 41 -3967
2 66
2 48
1 77 2409
1 10 -2821
2 45
2 40
1 26 -7623
1 36 -2279
1 41 4457
2 26
1 26 -7310
1 68 7658
2 5
1 33 -5528
1 14 -3851
1 51 -4573
1 26 -5308
1 75 -2790
1 54 -3318
1 73 -6160
1 14 9633
1 42 4336
1 12 -2666
2 16
2 2
1 45 1586
2 40
2 33
1 30 4120
2 71
2 23
2 72
2 65
1 45 3082
1 42 -4421
1 14 6525
2 68
2 7
2 34
2 52
2 41
1 72 -3278
1 38 3318
1 43 7811
2 23
2 70
1 10 5502
1 68 -7044
1 63 -5419
2 14
2 47
1 35 4511
2 77
1 8 2297
2 76
1 62 8485
1 14 3854
1 22 775
1 57 -5963
1 62 662
2 5
2 34
2 73
1 4 2052
2 57
1 53 3420
2 52
1 71 5630
1 7 2743
1 51 4469
1 80 -2380
2 59
1 31 -6032
2 20
1 55 9932
1 82 -1691
2 21
1 31 2098
2 73
1 73 -4121
2 67
1 45 6977
1 41 9491
2 6
1 81 6548
2 6
1 68 8783
1 50 -1703
1 68 9887
2 41
1 58 6469
2 45
2 54
1 42 4830
2 40
2 58
1 70 6400
1 9 -1590
1 1 -2706
2 26
2 45
1 38 6095
2 82
2 34
2 23
1 74 6675
2 19
2 65
2 25
1 59 -93
1 25 3585
1 3 4790
2 22
2 81
2 70
2 21
1 68 -9736
1 42 -586
1 65 9162
2 8
2 83
2 43
2 74
1 77 4288
1 33 -6236
1 10 5629
1 35 -8036
2 17
1 50 3607
2 21
2 81
2 24
1 68 -5017
2 54
2 59
2 59
2 83
1 79 4714
1 47 -264
1 73 -584
1 65 -2120
1 11 -5254
2 7
1 14 9958
2 65
2 45
1 73 -3769
1 66 1613
1 39 792
1 68 -2960
2 62
1 39 -302
2 48
2 78
1 71 -6749
2 52
1 7 8486
2 68
1 47 -3206
1 78 -6712
2 52
2 29
2 48
1 16 6875
2 62
2 31
1 8 -8350
2 42
2 3
1 61 -6692
1 56 4918
2 76
2 60
1 63 -3713
1 7 -866
2 62
2 80
1 65 6328
2 38
1 23 -6427
1 53 -8941
1 33 2666
1 14 -419
1 60 843
2 69
1 43 9534
1 64 -5084
1 68 8353
1 16 -7319
2 25
2 47
2 2
2 13
2 36
2 18
1 15 -7222
1 20 -4852
1 80 7355
2 64
1 11 9840
2 32
1 23 8296
2 14
1 58 -4784
2 14
2 64
1 33 -6801
1 49 -231
1 37 -5897
2 19
1 74 -5325
1 40 -7011
2 24
2 47
1 28 6270
1 43 4769
2 37
2 9
2 9
2 37
2 72
2 51
1 61 9747
2 46
2 29
1 17 -3522
2 15
1 43 -4790
1 25 2769
1 23 6695
1 47 501
2 9
2 42
1 56 -881
1 78 9392
2 62
1 2 -5288
1 41 7876
1 80 -9938
1 72 6102
1 77 9568
2 16
1 7 7389
2 76
1 81 -2091
1 28 -4567
1 32 3305
1 37 -7600
1 32 2610
2 63
1 9 -8657
2 20
1 14 -6299
1 78 1796
2 71
2 57
1 12 -12
1 44 -8247
1 78 -8425
1 17 -5161
2 14
2 24
1 42 -918
1 9 -8645
1 72 1723
1 42 -9185
2 46
2 57
2 47
1 73 -6412
1 2 -7759
2 46
2 82
2 81
1 54 3135
2 57
2 1
2 66
2 3
2 4
1 46 -3280
2 29
1 54 -5270
2 81
2 57
1 9 -8343
2 74
1 75 4409
2 70
2 21
1 57 2612
1 80 8167
1 41 1562
1 39 8061
2 15
1 38 -8145
1 83 6591
1 22 -3673
1 83 5936
2 52
2 62
2 39
1 5 7594
2 34
2 30
2 25
1 21 7470
1 65 8154
1 78 -743
1 79 8140
2 75
1 46 -1766
2 18
2 59
2 6
2 83
1 3 3464
1 39 940
1 70 9002
1 59 3413
1 35 -4677
1 3 4776
2 16
2 2
2 45
2 8
1 12 -8816
2 2
2 6
2 47
2 79
1 27 127
2 47
1 23 -7567
1 70 -6926
2 47
1 53 5433
1 20 8370
2 40
1 74 -3785
2 56
1 61 3218
2 39
2 32
2 1
2 55
2 67
2 78
2 66
1 2 7875
1 30 6820
2 57
2 36
1 72 31
2 8
1 8 -2432
2 60
1 64 4361
2 61
1 54 -4331
2 62
2 49
1 15 -6097
2 47
2 36
1 67 -4018
2 24
2 79
2 80
2 69
1 40 2330
2 48
2 74
2 76
1 64 8572
1 74 8607
1 63 -8046
2 7
2 24
1 72 -1869
2 57
1 6 48
2 7
1 58 -6841
2 27
2 32
1 15 7713
1 16 6989
2 1
1 65 9247
2 22
2 53
1 60 3539
2 17
1 36 -3458
2 62
2 52
2 68
1 7 6323
2 71
2 45
2 44
2 55
1 63 -1657
1 70 8379
2 16
2 16
2 16
1 53 -657
2 82
1 66 5393
1 76 4055
2 43
1 23 6882
2 71
1 45 -6117
1 69 8215
1 8 9245
1 44 3334
1 29 -8405
2 30
2 62
1 83 3958
1 15 -126
2 28
1 80 1478
2 33
1 34 -4683
2 76
2 77
1 70 7641
2 79
2 18
1 66 1481
2 6
1 80 2757
2 24
1 66 -4149
1 57 -7003
1 43 -1204
2 44
2 70
1 5 -6790
1 14 -6816
2 40
2 29
1 59 -3236
1 3 -8579
1 52 3722
1 44 -8993
2 17
1 15 1557
1 51 -1399
1 19 -6623
2 78
1 69 1402
2 22
2 60
2 70
2 14
1 52 -1928
2 37
2 45
2 9
1 9 -5716
1 73 -3890
1 76 -6258
1 30 -4680
2 70
1 10 6105
1 83 8687
2 38
1 70 -5848
2 1
2 80
2 50
1 54 -2876
1 40 9095
2 44
1 79 7048
1 33 -6595
2 52
2 36
1 41 -5345
1 34 1426
2 2
2 43
2 33
1 72 -8746
1 49 -203
2 55
1 26 -3308
1 51 167
2 68
2 22
1 57 -8070
2 81
1 2 7435
2 33
1 2 -6264
1 61 788
2 72
2 61
2 68
1 45 -6534
2 54
2 63
1 44 -3381
2 75
1 35 -8195
1 72 3133
2 37
1 71 272
1 61 5569
1 69 5240
2 32
1 7 -5474
1 32 -6335
2 34
1 79 -5098
2 2
1 9 2436
1 63 -547
1 82 -3346
1 12 -91
2 29
1 56 -4810
2 38
2 80
1 17 5075
1 2 -3500
2 62
2 75
1 35 -6301
1 17 6775
1 47 -3989
2 35
2 13
1 28 -5954
2 56
1 61 1107
1 23 6917
1 46 -1572
2 12
2 50
1 76 -1263
2 15
2 66
1 32 -5445
2 26
1 78 8155
2 2
1 28 -5190
2 1
2 30
1 81 -7570
2 10
2 80
1 4 -4376
2 51
2 49
2 78
2 12
1 14 -2191
2 45
2 8
1 20 4911
2 71
1 30 41
1 45 -269
1 77 -106
1 43 -4292
1 26 3223
2 25
1 30 264
1 44 -3335
2 3
2 9
2 49
1 63 -3300
2 79
1 45 -7412
2 18
1 39 -716
1 47 1822
1 32 412
1 10 8181
1 26 -5103
1 33 -7393
2 52
1 40 2583
1 49 -3861
2 74
1 6 -6204
1 52 8622
2 71
1 68 7600
1 56 -870
2 49
2 23
2 8
1 26 -5201
1 56 -270
2 78
1 6 -7246
2 37
1 30 14
2 43
1 28 -3524
1 35 9860
2 39
1 72 -2132
1 55 -2419
1 31 -5442
2 24
1 70 2800
2 13
2 79
1 81 6490
2 22
2 33
2 34
1 29 -974
1 20 -5545
2 78
1 80 -7687
2 28
1 31 1892
1 7 9779
2 59
2 67
2 42
2 51
1 21 8442
1 5 7764
2 3
2 81
1 28 2667
1 68 6374
1 49 5145
2 18
1 35 6958
2 6
1 23 3217
2 53
2 9
1 62 6447
2 39
1 43 208
2 10
2 27
1 65 -6613
1 58 -1147
1 57 -9458
1 31 4201
1 44 5814
2 47
2 32
1 65 -2046
1 75 -8531
1 2 -3318
1 26 4781
1 41 9748
1 56 -7607
1 63 -4398
2 62
1 55 -116
2 63
1 55 -5478
1 53 -7116
1 2 5559
1 33 3418
1 66 -3695
2 62
2 18
1 17 3981
2 80
1 43 1259
2 24
1 36 3111
1 58 -4785
2 78
2 76
2 9
2 9
2 74
1 41 8616
2 45
2 4
2 41
1 45 7812
1 30 -2201
2 24
1 76 -2526
1 29 -3612
1 26 -5529
1 23 -8307
1 25 7676
2 26
2 66
2 40
2 41
1 63 -3671
2 68
2 51
2 54
2 50
1 74 -1696
2 82
2 13
1 41 1391
2 49
2 24
1 46 -9338
2 21
1 14 -3398
1 76 -8490
2 81
1 61 -7695
1 31 7492
1 33 -4974
1 55 4473
1 45 4938
2 59
2 74
1 28 9360
2 26
2 83
2 15
2 41
2 64
1 30 8576
1 8 2395
1 49 -5580
2 11
1 48 -9800
1 5 5878
2 29
1 64 1078
2 65
1 42 8399
1 83 9781
2 51
2 20
2 24
2 70
2 16
1 38 2227
2 37
2 43
2 43
1 43 -6095
1 40 4987
1 20 -4656
1 32 9001
1 32 -1940
2 74
1 18 8251
2 75
1 46 2309
1 62 -7845
1 3 7576
2 53
1 12 -2637
2 5
2 16
2 82
2 21
1 53 5011
2 75
2 64
2 51
2 37
2 28
2 6
2 46
2 20
2 54
2 67
2 46
1 71 -5319
2 32
1 79 -1203
1 61 -1630
2 21
2 63
1 26 -7179
1 6 8077
1 5 -7747
2 72
2 52
2 31
2 78
2 53
2 41
2 59
1 67 -9761
1 11 -1890
1 30 -5745
1 24 6697
2 21
2 71
2 20
1 69 1184
2 73
2 27
1 66 -5833
1 68 -9327
1 81 4153
2 7
1 63 -5831
2 53
1 8 4085
2 47
1 78 4707
1 61 7665
1 52 5490
1 31 -5399
1 46 -1552
1 13 792
2 66
1 70 6137
1 63 -3974
2 19
1 28 6691
2 66
1 76 7786
2 6
2 15
1 5 3641
1 47 -8240
1 15 9738
2 36
2 16
2 24
1 50 3399
1 13 -5635
1 29 -3353
2 28
1 73 -373
2 28
2 70
1 82 -8472
1 18 -3154
1 19 -3406
2 56
2 77
1 67 -7237
2 60
2 4
1 43 2400
1 33 -9881
1 20 -5697
1 35 -5342
2 61
2 83
2 62
1 7 -1208
1 76 1309
1 1 -9852
2 4
2 1
2 53
2 50
2 83
2 7
1 10 -8228
1 63 8526
2 16
2 46
1 19 -7585
2 80
1 29 6012
1 12 -3530
2 64
1 10 -5045
2 79
1 37 -4653
1 46 -6348
2 35
2 38
1 64 5680
1 36 2917
2 60
2 38
2 17
2 39
2 64
2 67
1 28 5519
2 24
1 1 -2255
2 67
2 19
2 71
1 1 676
1 20 2589
2 66
1 8 6542
1 47 4111
1 9 -4273
2 71
2 33
1 65 1571
2 41
2 17
1 28 7144
2 18
2 50
2 65
1 70 552
2 40
1 7 -6884
1 47 -4766
1 31 2878
1 15 308
2 33
1 57 -1599
2 41
1 74 2866
1 23 -7247
1 40 749
1 28 1622
1 37 -4188
1 9 -9914
1 46 4213
1 50 -976
1 24 7603
1 16 561
2 49
1 73 7441
1 36 -5818
2 29
2 35
1 8 9303
1 65 -193
2 38
2 39
2 45
1 68 -6202
1 63 616
2 42
1 16 5857
2 43
1 75 -6310
1 74 -949
1 7 -3428
1 15 7939
2 8
1 10 -9414
2 2
2 77
1 3 -9928
2 71
2 14
1 52 9828
2 10
1 61 -5620
1 9 -8233
1 75 9095
2 27
2 51
1 20 2833
2 74
2 65
2 1
2 50
1 15 9220
2 10
2 7
1 50 6419
1 68 7354
2 52
2 68
2 18
2 71
1 69 -6854
1 57 -304
1 55 -9870
2 74
1 2 -2008
2 46
1 42 1092
2 19
2 21
2 5
2 76
1 54 -3524
1 23 -6714
2 16
1 60 -7475
2 40
2 54
2 49
1 2 -5164
1 10 -5921
2 41
2 35
1 12 1605
1 2 -2721
1 8 9586
1 81 7954
1 39 5645
1 68 921
2 64
1 35 -9386
2 37
1 81 9618
2 69
1 8 5349
1 4 -9885
2 53
1 17 -7387
1 57 -7686
1 75 -4191
2 57
1 28 5273
2 25
1 26 -4110
2 5
1 81 -4409
1 2 5317
1 34 2245
1 28 2556
2 41
2 20
1 5 1918
1 40 -6995
2 17
2 81
2 29
1 60 -7731
2 59
1 79 5442
2 25
2 52
1 79 -9156
1 62 -5735
2 53
1 40 -3806
1 45 6757
1 8 6555
2 43
2 38
1 65 9854
1 53 805
1 82 3174
1 38 2764
1 81 1665
2 69
2 77
2 24
2 26
2 9
2 12
1 20 9417
2 38
1 17 6739
2 49
1 21 9144
1 17 9007
2 77
1 34 9372
1 74 1586
2 29
2 46
2 40
1 70 6695
2 7
2 30
2 44
2 13
2 39
1 39 -3822
2 38
2 19
1 40 2381
1 53 -7528
2 31
2 33
1 34 6270
2 83
1 64 -1143
1 17 120
1 67 -9206
1 36 6947
1 3 2223
1 3 -7500
1 28 -3620
2 76
1 33 9490
1 6 6742
2 37
2 33
2 68
2 58
2 74
2 69
1 1 -6439
1 50 -4341
1 31 5632
2 15
2 49
2 2
1 13 9370
1 75 5957
1 70 -7653
2 28
1 41 2042
1 61 3300
2 79
1 43 -3212
1 59 -6712
1 7 1718
2 19
1 72 -5363
2 25
2 76
2 51
2 61
2 1
2 56
2 60
2 40
2 51
1 26 9159
1 46 -9047
2 77
2 75
1 25 -4253
1 22 -9778
2 15
1 64 -8585
2 36
1 27 8124
2 83
2 19
1 40 -4120
2 23
1 31 -1936
2 80
2 47
1 50 -3598
1 27 8945
2 34
2 81
2 39
2 49
1 69 2884
1 78 579
2 58
2 48
1 11 -4401
1 67 -1645
2 36
2 7
1 9 4570
2 37
1 68 9985
1 31 -2454
1 18 -6916
1 58 -2999
2 65
1 18 5856
1 8 4203
2 52
1 26 -2640
1 24 6908
2 43
2 24
2 54
1 33 -9296
2 22
1 37 -533
1 12 -7456
1 80 -8785
1 24 7612
2 63
2 4
2 44
1 19 9259
1 35 2862
2 23
1 37 4296
1 40 -371
2 52
1 28 4696
2 71
2 26
2 43
1 9 -7266
2 53
2 13
2 43
2 38
2 30
2 72
1 58 -3560
1 80 -4255
2 62
2 58
1 9 1165
2 30
2 56
2 5
2 60
1 34 -8786
1 15 6886
1 15 8768
2 29
2 8
2 48
1 8 -4848
1 3 -2086
1 34 -7596
1 82 -1666
1 71 3321
2 70
1 21 7034
2 31
2 30
2 23
1 81 -2483
2 43
1 30 9931
1 55 582
1 23 -9832
1 43 5203
1 70 -2321
1 73 1007
1 83 9477
1 76 -8567
1 23 8449
1 41 -1238
2 39
1 15 1289
1 58 -6619
1 41 3299
2 25
1 58 959
1 28 3793
1 34 3658
1 49 -1546
1 46 -1067
2 51
1 39 -2981
2 36
1 65 -6860
1 66 -3799
2 43
1 59 2374
2 27
1 71 1330
1 55 1186
1 70 2069
2 6
2 48
1 44 8509
2 11
2 17
1 28 2701
1 22 -6065
1 70 -4299
2 31
1 23 -3565
1 5 2030
2 12
2 63
1 80 -3586
2 28
1 42 -5296
1 66 -4066
1 64 9785
1 39 975
1 75 9453
1 75 969
2 56
2 65
2 78
1 20 -6989
1 36 2715
1 1 6006
2 3
1 15 7209
1 31 4917
1 25 2460
2 67
1 26 9918
1 65 -3609
1 33 -1152
2 70
1 3 -4059
1 47 -1543
2 79
2 21
1 50 -4245
2 72
2 74
2 43
2 36
1 76 474
2 35
1 15 2726
1 41 7648
1 75 -3357
2 74
2 46
1 67 5185
2 30
1 31 -4776
1 38 1576
1 71 5696
1 47 -1612
1 16 1878
1 47 -9158
1 16 2481
2 46
2 61
2 56
1 16 4103
1 39 -6565
2 30
1 34 -2078
2 45
2 41
2 71
1 62 3302
2 42
2 75
2 62
1 65 2078
2 65
1 79 6335
1 31 -3434
1 18 -4032
2 15
1 37 -4248
1 50 -2861
1 12 9788
1 29 -8113
1 13 5383
2 79
2 14
1 28 7483
1 60 -4547
1 80 8900
1 25 5255
1 48 -1359
2 78
1 10 4869
1 8 -895
2 67
2 3
2 40
2 7
2 44
1 80 3653
1 45 5469
1 82 6107
1 36 7001
1 56 5207
2 78
1 79 -7458
1 80 -9739
1 76 -2536
2 59
1 28 7196
1 75 4508
1 45 1213
1 40 6016
1 70 -171
1 6 -3704
2 3
2 48
2 9
2 6
1 47 5557
2 75
2 42
2 57
2 52
2 21
1 38 -9185
1 82 5620
2 38
2 20
2 75
1 57 110
1 28 -1843
1 7 -4870
1 64 -6548
1 12 2179
1 2 -3961
1 69 -5998
2 40
1 8 9563
2 25
1 41 6588
1 43 -9912
2 18
2 57
1 10 -6403
2 8
1 44 -4230
1 53 2209
2 39
1 32 9503
1 76 3831
1 21 8587
1 39 192
1 65 -5949
1 62 -1421
1 20 -7290
1 76 -2054
1 29 -4828
1 32 7246
2 34
1 5 3375
1 68 -2739
2 21
1 63 8886
2 74
2 62
2 71
1 29 6943
2 26
1 53 1634
2 80
1 50 -1384
2 46
2 66
2 2
2 45
2 31
2 64
2 51
2 64
2 10
2 41
1 77 -4325
2 5
1 44 1948
2 59
2 45
2 69
2 55
2 27
1 67 1757
2 23
1 67 4003
1 80 6058
2 43
1 1 739
2 37
2 74
1 83 -6614
1 11 -5465
1 44 1542
2 75
2 38
2 4
2 4
2 45
1 60 4771
2 40
1 66 -7504
2 35
2 25
2 14
1 55 5276
1 38 -404
2 16
1 59 7526
1 74 8624
2 17
2 43
1 17 5649
1 36 3754
2 22
2 75
2 52
2 23
1 55 -1115
1 62 -7597
1 42 2753
2 17
2 38
2 23
2 20
1 42 1834
2 41
1 58 9295
1 63 6073
2 52
2 77
2 21
2 62
2 82
1 9 9519
1 5 -1560
1 81 -5790
2 79
2 7
2 44
2 52
1 46 -8310
2 33
2 80
2 32
2 82
2 44
1 44 -3962
2 9
1 65 -1310
2 41
1 76 -8678
1 79 6826
1 59 -4491
2 47
1 10 6706
2 68
1 18 9778
1 1 -2475
2 58
2 32
2 14
2 66
1 9 -402
1 44 -1152
2 42
1 51 8535
1 55 1087
1 70 6141
1 56 -7590
1 16 -3162
2 47
2 26
1 49 3790
1 67 9601
2 69
2 52
2 9
1 14 -1096
1 52 -5585
1 31 2335
1 2 2899
2 22
1 5 -9710
1 27 -1502
2 76
2 10
2 24
2 33
1 3 -2484
2 51
1 16 8587
1 34 1010
2 52
1 38 8924
2 14
1 42 3379
1 64 1579
1 81 8541
2 40
1 6 -8277
1 21 6126
1 23 -7506
1 19 2652
1 55 -9137
1 73 -5745
2 5
1 8 -4492
1 49 -3729
2 9
2 40
2 67
1 31 -9304
2 25
2 5
2 7
2 55
1 29 6780
1 48 6212
2 37
2 1
1 52 -232
1 58 -6575
2 3
1 7 3253
1 38 4546
2 30
1 42 9268
1 11 -8941
1 11 -7235
2 28
1 70 -5777
1 1 -3241
1 44 3445
2 73
1 23 -580
2 54
2 36
2 83
2 62
1 79 -6806
1 26 5863
2 49
1 74 -7253
1 31 8169
1 32 -7762
2 24
2 59
2 78
2 55
1 65 -7699
2 3
2 68
1 3 -1815
2 10
1 58 -5392
2 36
1 22 5653
1 55 -4432
1 35 2855
1 21 -2797
1 8 2827
2 45
1 3 -93
1 83 -2158
2 75
2 50
1 40 2283
1 39 -9255
2 30
1 20 -6978
2 67
1 26 -7658
1 44 -8541
2 75
2 43
2 9
2 71
1 50 -6788
1 33 6662
1 24 3440
2 70
1 39 -7120
2 37
2 70
2 17
2 13
2 28
2 78
2 19
2 10
2 72
2 38
2 41
1 43 -6921
2 22
2 14
2 6
1 3 -5864
1 16 6477
1 15 9237
2 82
1 10 4600
2 50
1 27 714
1 68 8787
1 76 3555
1 58 -8274
2 48
1 54 8939
2 17
1 43 4149
1 33 3769
1 41 5975
2 12
2 8
2 6
1 77 -306
1 17 34
1 8 -1131
2 11
1 68 649
1 39 74
1 38 -7153
1 63 4808
2 68
1 45 -5007
1 5 1618
1 42 -823
1 68 -7289
2 69
1 54 -8062
2 73
1 1 1280
1 28 5387
2 10
2 54
1 65 9756
2 31
2 42
1 10 -1297
1 52 -7810
2 11
2 54
2 21
1 21 -8222
2 41
2 56
2 23
1 13 -1783
2 53
1 9 -7216
2 53
2 21
1 4 7565
1 27 4640
1 18 1642
1 69 6542
2 68
2 8
2 41
2 51
1 55 -8976
1 17 -1044
1 49 4446
2 79
1 11 2522
1 75 7693
1 49 -2941
2 31
2 57
1 55 -1944
1 80 -4000
2 55
2 3
2 33
2 68
2 76
2 6
1 6 -1408
2 56
1 17 9280
2 52
1 58 5275
2 46
2 54
1 59 2545
2 4
1 63 -2523
2 65
1 62 -240
1 78 2622
1 38 -400
1 2 -1927
1 83 2186
2 6
2 33
1 67 290
2 37
2 47
2 31
1 10 -2452
2 28
1 62 -5148
1 61 7690
1 79 4546
1 48 2900
2 77
2 40
2 82
2 47
1 16 -293
2 34
1 16 -8816
1 20 8352
2 5
1 3 -6885
2 38
2 21
1 30 5946
2 15
1 18 1077
1 14 2012
2 58
1 82 221
2 80
2 60
1 69 2977
1 42 1619
2 41
1 82 -6947
2 77
1 67 5494
2 27
2 45
1 61 -6143
1 53 -5522
1 43 7765
1 12 -1078
2 73
2 16
2 78
2 47
1 22 409
1 24 7661
2 17
1 52 7686
2 57
2 64
2 1
2 60
2 5
2 40
2 48
2 62
2 57
2 8
2 78
1 59 1631
2 81
2 71
2 60
2 23
2 11
2 82
1 62 -4243
1 14 4416
1 18 7070
1 63 6324
2 43
1 25 -9460
2 64
1 53 -1067
2 30
2 6
2 58
2 57
1 58 -8341
1 13 9959
2 8
2 10
2 6
2 78
1 77 894
1 41 1393
2 37
1 71 2464
1 13 -3048
2 32
1 72 3770
1 25 -5062
1 64 -9958
2 42
2 20
1 16 8045
1 12 -6308
2 29
1 7 -9983
2 14
2 74
1 52 379
1 12 456
1 57 7662
2 62
2 61
1 60 -4695
1 26 -8881
2 76
1 30 -3400
1 3 -547
2 60
2 38
2 37
2 40
1 80 -7617
2 11
2 63
1 70 2030
2 34
2 35
1 46 -1670
1 45 -9853
2 9
2 6
2 5
2 48
1 65 -4180
2 58
1 37 -9576
1 39 -8014
1 61 9452
2 26
1 36 2477
2 50
2 21
2 53
2 43
2 15
2 19
1 64 7884
1 68 8333
1 39 -3162
1 82 -7473
2 9
2 71
2 45
1 39 4449
2 50
1 58 7488
2 83
2 36
2 63
1 68 1428
1 62 -1082
1 75 5184
1 11 -5318
2 83
1 65 -8306
2 70
1 69 -5601
2 38
2 19
1 5 5190
1 18 -2349
1 3 2385
2 37
1 29 1490
2 68
1 49 5286
2 77
2 13
1 21 3249
2 2
1 38 -2928
2 45
1 21 -7320
2 80
2 16
1 76 -4420
1 27 -87
1 25 8797
1 42 -1075
1 6 -4735
1 7 -6122
1 48 2029
1 65 -3063
2 71
2 10
2 34
2 36
2 72
2 7
1 46 -8363
2 19
1 57 -7703
1 3 9673
2 64
1 32 -7718
2 42
1 38 1544
2 72
2 42
1 22 -5694
2 29
1 9 -5739
1 71 9536
2 6
2 30
1 35 -4882
2 8
2 5
1 66 3590
1 36 9975
1 23 -866
2 35
1 27 -7242
2 54
1 29 -939
2 62
2 1
2 14
1 5 -5356
2 1
2 76
2 46
1 46 -7026
1 61 3952
2 81
2 45
2 56
1 69 -4839
1 49 -9275
1 20 27
2 56
1 13 -8974
1 46 -1241
2 13
2 81
1 17 1902
2 29
1 83 7982
2 50
1 79 4999
1 23 859
1 33 -6244
2 21
2 76
2 50
1 4 -5091
1 59 -2517
1 20 2120
2 20
2 30
2 62
1 30 -6623
2 77
2 71
1 23 4529
2 26
1 24 -1713
2 47
2 22
1 14 -8189
1 10 -119
1 41 601
1 58 -1854
2 18
1 30 2858
1 53 1784
1 40 7969
2 28
1 49 7507
2 65
1 14 9944
2 4
2 27
1 16 9482
2 79
2 12
1 72 -6914
1 54 8758
1 21 -272
1 50 1109
1 42 5849
1 15 1173
2 60
2 34
1 51 -9150
1 12 -354
2 4
2 9
1 3 8212
1 17 -510
1 51 2244
1 55 2884
1 58 -4896
2 23
1 55 900
2 81
2 5
1 10 -4308
1 25 -9358
2 49
1 78 6912
1 8 3567
1 51 4072
2 67
2 47
2 2
2 25
1 57 -6172
2 76
2 57
2 38
2 5
2 67
1 75 -3507
1 17 413
1 11 4528
2 12
1 39 -9321
2 36
2 66
2 72
1 44 -5087
1 21 3290
2 77
1 70 1740
2 79
2 67
2 60
2 29
1 31 1167
2 80
2 63
1 82 -5533
2 70
1 76 419
1 71 4879
1 34 -1325
2 21
2 51
1 60 7905
2 19
2 63
2 66
1 63 -3574
1 33 9629
2 54
1 19 8038
2 37
2 10
2 71
1 8 4000
2 36
2 67
1 12 -3620
1 78 4658
2 15
1 2 8614
2 51
2 3
1 23 -9861
1 22 -1634
1 72 5649
2 77
1 26 -779
2 3
2 57
2 71
2 23
1 1 -3482
2 17
1 8 -5082
1 73 -4239
1 62 4515
2 70
2 25
2 78
2 72
1 57 6869
1 3 -7521
1 42 4071
2 67
1 49 -3085
1 55 7896
1 75 8199
2 15
1 60 -9552
1 40 -5980
2 54
1 40 -8120
2 30
2 83
2 13
2 72
2 34
1 53 8077
1 5 -4759
1 74 7281
2 28
1 53 6006
1 36 5067
1 80 -6619
2 17
2 9
1 7 -20
1 39 -8496
2 22
2 16
2 30
2 49
1 55 8925
2 42
1 48 -3224
2 80
2 52
1 49 3576
1 29 9493
1 31 1376
2 37
2 29
1 78 -192
2 59
1 77 7803
2 11
2 60
1 54 -3976
1 29 -5512
1 42 -4572
2 82
2 77
2 37
1 8 -9161
1 1 -6090
2 52
1 41 7790
1 26 7970
2 5
2 82
1 81 -5667
2 35
1 57 -1337
1 63 9767
1 77 1820
2 70
1 76 5615
1 61 6984
2 81
2 18
2 61
1 80 -616
2 6
2 32
2 8
1 17 3262
1 70 -9385
2 41
1 12 6745
1 34 8846
1 26 -3559
1 29 -5698
1 78 4634
1 10 8044
2 52
2 54
2 81
1 28 9565
2 81
2 60
1 54 6249
2 15
2 53
2 74
1 60 -4154
1 72 -5573
1 15 -4474
1 43 -3452
2 2
1 5 7351
1 38 -8019
1 25 -5567
1 16 7496
1 57 3713
1 25 7097
2 38
1 81 -1619
2 55
1 1 876
1 26 -1198
1 59 -6404
1 40 -871
2 19
1 34 2098
1 18 2440
1 38 9511
1 77 -7076
2 56
2 18
1 51 -81
1 82 -7626
2 3
1 73 6750
2 35
2 15
2 29
1 1 3187
1 73 5481
1 14 -9395
1 25 3118
1 24 -4971
1 44 210
2 39
2 69
1 50 -2171
1 23 -1627
1 77 1207
2 57
1 24 2423
2 42
1 13 -8139
1 20 -769
2 12
1 14 -5377
1 54 -1299
2 68
1 4 3150
2 61
1 79 -8707
1 8 371
2 55
1 40 -8175
2 33
2 48
1 19 1382
1 38 3528
1 59 7707
1 36 8572
2 2
2 24
2 41
1 58 -8865
1 38 9503
2 18
2 33
1 35 -8041
1 74 4454
1 60 7620
1 3 -2128
2 42
1 15 -6334
1 28 1975
2 45
2 23
2 38
1 16 -314
2 55
2 6
1 53 9933
1 6 7949
1 27 -4725
1 17 -7909
2 19
2 27
1 11 -9842
2 21
2 67
2 70
2 10
1 70 -1241
2 4
2 28
2 71
2 46
1 16 -5213
2 74
2 45
1 54 -9812
2 78
2 71
2 3
1 24 -3384
1 50 -7654
1 37 7838
1 41 6545
2 20
2 57
2 25
2 48
2 64
1 18 -778
2 63
1 12 7402
2 67
1 72 -4531
1 24 -1451
1 8 -3812
1 33 -9973
2 27
2 15
2 30
2 54
2 37
2 16
2 23
1 35 1685
1 45 -8496
2 33
2 14
1 74 5978
2 51
2 42
1 72 1967
2 78
2 50
2 59
1 51 -3370
1 2 6724
2 32
1 52 -1240
1 19 646
1 41 -3478
2 75
2 55
2 63
1 46 -4839
2 50
2 48
1 30 -6567
1 53 -3059
1 61 -8812
1 43 9724
2 65
1 4 -9251
2 80
2 36
1 67 -1645
2 43
1 26 6909
2 41
2 40
1 7 -2775
1 10 -7157
2 36
1 28 -5626
2 59
2 67
1 41 4128
2 66
2 23
1 47 -1068
1 8 6667
1 33 4013
1 50 -6969
1 36 3222
1 18 -4135
1 61 -1646
1 78 5477
2 71
1 82 -7833
2 47
1 31 -2257
2 73
1 57 8202
1 23 3421
1 28 4274
2 2
2 58
1 58 -6459
1 15 -55
1 35 -7302
1 44 7855
2 83
1 57 6808
1 2 -1837
2 7
2 71
2 19
2 5
2 32
2 26
2 11
1 41 -6937
1 39 4973
2 9
1 69 -644
2 18
2 47
2 46
2 33
1 6 2832
1 18 -7851
2 78
1 35 3589
1 26 -4619
1 67 -3852
1 31 5806
2 8
2 75
2 49
2 79
2 1
1 76 6267
2 65
1 2 850
2 78
1 68 -6507
1 51 -1062
2 62
2 14
2 58
1 12 -8545
2 65
1 12 -5089
1 46 -815
2 80
1 24 -620
1 7 9970
2 51
2 3
2 81
2 9
1 72 7241
1 15 3196
2 77
2 62
2 25
2 58
2 14
2 8
2 74
2 4
1 39 5026
1 56 -9283
2 21
1 38 -3160
1 4 6559
1 49 2445
2 18
1 66 -6839
1 23 -4185
1 33 351
2 12
1 67 -1630
2 34
1 51 -6780
2 75
1 39 -9873
1 54 5870
2 53
2 65
1 80 -7750
2 11
1 38 -3527
2 61
2 76
2 24
2 39
2 75
1 48 -1190
1 31 3577
2 38
1 17 -9321
2 40
2 29
1 67 8075
1 24 -5781
1 78 8057
2 1
1 80 -1186
2 64
2 59
1 17 -4931
1 22 5101
2 9
1 34 2003
2 31
1 76 6637
1 23 -4464
1 71 -2452
2 1
1 49 3580
1 36 -7105
1 56 649
2 73
1 6 -1460
1 47 -7562
2 74
1 49 -7233
2 25
1 36 3728
1 51 2445
1 40 3993
2 48
2 13
2 48
2 67
1 4 5656
2 13
1 68 -2781
2 82
2 67
2 66
1 22 2182
1 17 -2695
2 57
1 66 1404
2 82
2 35
2 70
2 80
2 17
1 25 -347
1 16 -7981
2 80
2 62
2 59
1 71 -5269
2 33
1 55 -7982
2 52
1 66 -4822
1 4 9294
1 34 2740
2 64
2 36
1 18 -8266
2 59
1 17 -3131
1 14 -9974
2 53
2 22
2 63
2 51
1 41 -8697
2 65
2 21
2 9
1 61 125
1 78 -2713
1 42 -1657
1 30 -8359
1 51 -1932
2 67
1 61 -9719
2 18
2 23
2 79
1 47 -9090
1 39 2824
1 37 -6494
2 35
2 42
1 49 1844
1 74 -9691
1 59 -4671
2 35
2 26
1 43 -5363
1 76 -9999
2 7
2 11
2 12
2 43
1 49 -1576
1 59 -4016
2 49
1 53 -5014
1 17 -2908
2 31
2 50
2 5
2 36
1 67 9427
1 19 -3327
1 24 -2262
1 80 -5678
1 76 1865
1 73 2225
1 11 9748
2 46
2 44
2 27
1 79 9511
2 38
2 68
2 34
1 10 2366
2 78
1 83 3938
1 33 9893
2 61
1 12 -4439
2 36
1 41 8268
2 25
2 22
1 4 2887
1 53 6800
1 14 8222
2 39
1 1 -9663
1 74 8358
2 51
2 66
2 37
2 31
2 48
1 41 -4673
2 46
1 36 -7330
1 65 -8772
1 51 -6860
2 6
2 28
2 42
2 12
1 82 -7570
1 7 -197
2 55
2 17
2 80
1 7 -3839
1 77 -7594
2 25
2 50
1 59 5331
1 32 -53
1 74 -6511
2 10
1 43 8975
2 56
2 51
2 47
1 13 -4815
2 17
2 38
1 56 6198
1 52 7112
2 25
1 83 -270
1 52 -4934
2 46
1 35 6879
1 51 9505
1 82 207
2 61
2 21
2 73
1 61 8743
1 57 -2250
2 68
1 7 2386
1 32 -875
2 37
2 31
2 34
2 57
1 58 6907
2 34
1 72 3294
1 69 -5618
1 32 4180
1 56 -1312
1 12 -143
2 79
2 15
2 31
1 27 -6017
1 75 5750
1 62 5638
2 72
1 56 -5472
2 50
2 32
2 69
2 50
1 76 5547
2 13
2 38
1 26 -5959
2 11
2 51
2 39
1 56 934
1 37 1271
1 35 2739
1 80 8620
1 32 7365
2 42
1 51 -1906
2 3
2 26
2 48
1 13 -7859
2 61
2 48
1 18 -3459
2 13
1 9 -1987
2 33
1 59 5508
2 48
2 10
2 10
1 78 -8259
1 51 -1801
1 31 -430
1 2 -3633
2 83
1 70 4090
1 43 6251
1 2 8322
2 16
1 53 -40
1 76 8779
2 63
1 64 3120
1 74 -1848
2 18
1 72 -6291
1 61 -3819
1 34 5251
1 13 3287
2 12
1 78 9523
2 60
1 31 -2170
1 24 -5121
2 41
1 40 8229
2 66
2 60
1 21 6383
1 1 -9713
2 27
1 17 6493
2 16
2 13
1 52 -5253
2 49
1 42 1009
1 41 -2128
1 60 5107
2 48
1 7 5440
2 34
1 79 -6854
2 17
1 58 -1211
2 36
2 47
2 51
1 57 -7242
2 11
2 69
1 22 6604
1 49 4707
2 48
2 72
2 53
1 70 -8178
2 24
2 63
1 61 5405
2 1
2 72
2 4
1 26 -1486
2 71
1 31 -102
2 49
2 45
2 45
2 68
1 28 -9850
1 67 -2788
1 81 -8164
1 49 -5531
1 72 -1848
2 80
1 33 5882
2 82
2 15
2 23
2 83
2 20
2 38
2 20
1 25 5812
1 77 7003
2 2
1 45 -3542
1 67 7990
1 11 -3977
2 49
1 73 -2452
1 3 -6826
2 50
1 75 4044
1 66 4263
1 40 9907
2 40
1 32 -4305
2 48
1 46 1673
2 38
2 61
2 71
1 65 4078
1 70 928
1 37 -7851
1 42 -4796
2 73
1 76 -3055
2 76
2 66
2 32
2 69
1 29 -8143
2 9
1 20 -124
1 70 8160
2 13
2 12
2 58
1 32 8729
1 57 9707
1 3 -6625
1 61 -6638
1 56 3545
2 74
2 10
1 36 -4899
1 17 -3216
1 9 5885
1 55 1566
1 40 -1189
1 64 3680
2 19
1 47 1252
2 56
2 52
2 75
1 73 1108
2 24
1 63 -3441
2 16
1 45 9080
1 12 -4235
1 31 -3042
2 30
2 26
2 29
2 23
1 25 9924
1 47 9229
1 68 6841
2 37
1 36 2179
1 49 5476
1 50 -2171
1 20 4181
2 25
1 5 -1951
1 24 -978
2 4
2 55
2 11
2 68
2 41
2 64
1 16 -312
2 67
1 16 -5940
2 41
2 71
2 49
1 69 -4453
1 55 5361
1 14 -1552
2 40
1 53 -1068
1 24 2804
2 48
2 36
2 17
1 57 6842
1 60 -3843
2 38
1 16 1314
2 25
1 72 4068
2 49
1 72 6580
1 28 -7794
2 18
1 56 -267
1 6 -8935
2 23
2 78
1 56 7959
1 54 6241
1 54 -114
2 71
1 58 -312
1 2 -6538
2 32
1 19 -4292
2 49
2 27
2 11
1 23 5750
2 83
1 19 2167
2 17
1 17 -4724
2 59
2 40
1 74 1225
1 11 9813
1 39 4988
2 24
1 73 7528
2 61
1 81 2939
2 52
2 60
2 79
1 11 9356
1 13 -6278
2 52
2 50
2 25
1 47 -9744
2 40
1 28 308
1 33 -6863
2 33
1 42 -5887
2 46
2 72
2 77
1 19 -564
1 49 -7686
2 50
2 17
1 39 7035
2 65
1 50 -1759
1 8 -2496
2 42
2 76
1 77 7636
2 74
2 29
2 43
1 62 5444
1 48 4726
1 27 -6124
1 5 3458
1 83 6777
2 60
1 25 -3689
2 78
2 58
1 59 6630
2 59
1 80 -5167
2 43
1 4 9023
2 27
2 68
2 18
2 17
2 47
1 45 -469
2 33
2 70
2 9
1 13 -2525
1 76 -2775
1 67 -2620
2 24
1 70 5087
1 25 -6942
2 22
2 7
1 82 7165
2 13
2 42
1 60 6946
1 67 -3277
2 5
1 7 6856
2 82
2 78
2 37
1 11 4268
1 28 -8438
2 57
2 51
2 9
2 27
1 50 -9317
2 44
2 12
1 53 -7322
1 3 -9004
1 81 2687
1 31 -6406
2 74
1 83 1559
2 72
2 10
2 4
2 34
1 17 -7936
2 83
1 9 3965
2 25
2 35
1 54 -9942
2 23
1 43 -9797
2 5
2 76
1 10 4558
2 51
1 33 -3885
2 73
2 62
2 73
1 25 -5066
2 79
1 63 -1643
2 30
2 71
1 9 5083
2 54
1 64 2940
1 20 -3257
2 52
2 23
1 83 8961
1 54 47
1 21 4904
2 48
1 74 9944
2 55
1 24 2581
2 64
2 34
2 3
1 47 -7107
1 47 -5502
1 81 -3655
1 1 2818
2 42
1 79 -8240
2 12
1 72 -5991
1 76 -979
1 10 9558
2 75
1 6 -4547
2 57
2 57
1 20 4825
1 58 -9951
1 13 -7204
2 80
2 10
2 79
1 22 7662
2 77
2 2
1 78 6451
1 81 -5856
2 34
1 34 1296
2 17
2 73
1 32 9668
1 57 -1201
1 29 -7537
1 50 8707
2 32
2 49
2 34
1 66 -5978
2 3
1 53 -2728
1 69 9073
2 24
1 49 -7742
1 28 -979
1 80 8198
1 33 -1255
2 8
2 74
2 34
2 55
1 20 -9328
2 65
2 74
2 2
2 66
1 35 -1196
2 46
1 1 1034
2 72
2 75
2 36
1 8 2330
1 20 4425
1 35 7070
2 71
2 64
1 55 1955
2 8
2 4
2 39
1 42 -4418
2 20
2 11
2 61
1 3 7132
2 71
1 3 -9930
1 4 3572
1 80 3085
1 50 4825
2 20
1 4 -2737
2 18
1 79 2170
1 5 4020
1 65 -5655
2 26
1 44 -5349
1 31 3505
2 54
2 37
2 52
2 6
2 15
2 74
1 16 -3388
2 34
2 17
1 53 -4326
2 6
1 36 1635
1 77 7285
1 76 8730
2 33
2 34
2 47
2 12
1 68 -537
2 3
2 9
2 13
2 70
1 51 -5620
1 65 7564
1 69 -7037
2 33
2 82
1 83 4399
2 28
1 19 2751
2 75
1 51 -1204
1 67 3002
2 44
1 57 -2221
2 45
1 15 -1623
2 1
2 57
1 60 -7973
2 37
1 77 8332
2 54
1 65 1275
1 65 4415
1 49 9386
2 40
1 18 -398
2 75
1 49 -225
1 61 -7359
1 83 -5546
2 60
2 32
2 42
1 37 5515
1 40 636
1 73 -9173
2 74
2 45
1 72 7485
2 78
1 76 8096
1 61 -6752
2 53
2 4
2 14
1 54 4758
1 51 9933
1 12 -5579
2 51
1 11 -1018
1 55 -500
2 31
2 21
1 71 -9420
2 82
1 83 -1439
1 6 -5968
1 12 4475
2 10
1 36 -7402
1 12 -9306
1 81 -3069
1 81 7415
2 78
1 65 1524
1 43 -7020
1 19 2835
1 49 -7171
2 82
1 58 4807
1 21 5988
2 69
2 40
1 10 7716
2 44
1 23 5999
1 39 -7464
2 17
2 44
2 23
2 75
2 32
1 43 -7523
1 2 -520
1 57 1379
2 56
1 36 -8674
1 27 205
2 75
1 66 9682
1 10 7045
2 25
2 81
2 19
2 36
2 1
2 30
2 43
1 74 -4845
2 76
1 6 5288
2 79
2 30
2 67
2 67
1 52 5351
1 24 -7354
1 33 -6219
2 65
2 76
2 10
2 32
1 24 2914
1 59 6140
1 26 5226
1 2 -7095
1 11 2894
1 37 8732
1 6 -1779
2 42
2 62
2 3
2 10
1 77 -4759
2 6
2 65
2 10
2 53
2 34
2 25
1 12 6738
2 51
1 21 -2647
2 20
2 9
2 35
2 66
1 64 -3672
2 72
2 57
1 81 595
1 77 4992
1 56 563
1 29 -8344
1 40 -1155
2 57
1 43 4106
2 33
1 23 7541
2 72
1 56 -8219
1 2 3396
1 12 4899
1 62 -2812
2 10
1 44 2816
2 57
1 65 7843
1 74 -5981
2 4
2 47
1 61 8208
1 15 -381
1 75 9500
2 82
2 4
2 23
2 6
1 69 2418
1 56 9852
1 16 -5661
1 61 8913
2 44
2 27
2 13
2 53
1 59 -5425
2 59
2 66
2 16
1 83 4182
2 43
2 23
1 69 -5192
2 79
2 58
1 43 -604
1 54 1337
2 40
2 42
1 57 9964
2 62
2 12
1 73 8944
1 28 -1413
1 48 -8870
2 17
2 68
1 61 9876
1 4 -9961
