300
14 18
15 18
8 15
10 14
16 17
12 15
11 16
13 16
8 13
13 14
10 16
9 14
8 11
12 13
11 18
13 16
14 15
9 13
8 18
11 15
12 17
11 18
13 15
12 17
8 9
17 18
15 18
13 17
13 16
11 18
11 16
10 13
12 14
9 11
12 13
8 17
8 18
9 14
12 17
9 17
10 16
14 16
8 9
12 14
17 18
10 15
12 16
11 18
12 18
8 10
10 13
14 18
17 18
10 14
11 15
15 18
10 16
12 18
14 16
8 10
10 15
10 17
9 14
11 18
12 16
9 18
12 16
8 12
9 18
8 18
9 10
10 13
12 16
15 17
11 15
14 16
12 15
8 11
9 15
11 15
11 12
9 17
13 14
10 12
9 11
10 14
8 12
10 13
12 13
16 17
13 16
16 17
11 14
9 11
9 12
12 14
9 18
14 18
13 15
8 13
11 12
16 17
10 14
8 13
9 17
11 15
11 16
17 18
12 14
16 18
9 14
9 11
8 15
10 15
12 14
11 13
15 18
8 11
15 16
11 17
8 14
11 13
9 16
15 16
8 9
15 17
9 13
10 15
11 18
9 15
13 16
14 16
12 15
10 14
9 16
12 16
15 16
14 15
9 18
10 16
11 14
10 11
9 12
10 12
9 17
11 14
12 13
8 17
8 11
13 14
13 16
9 14
16 17
13 18
10 17
13 17
12 13
8 14
15 18
15 17
17 18
13 14
8 17
14 15
8 12
10 15
16 17
12 16
15 17
10 15
14 18
13 15
8 12
14 18
9 16
12 13
12 17
10 13
8 9
9 17
16 18
9 11
10 17
11 17
16 18
8 16
12 16
9 17
16 18
10 18
10 11
15 18
9 15
8 14
9 16
10 12
9 14
9 14
8 15
14 15
8 14
11 18
10 14
10 11
8 12
17 18
16 18
9 12
12 17
9 17
8 15
9 16
8 15
15 18
9 15
9 17
15 17
13 14
13 15
9 17
11 12
10 11
8 14
10 17
10 12
9 12
15 18
9 10
8 18
13 17
12 18
10 11
13 18
11 14
10 14
9 11
14 16
9 11
10 17
11 17
9 12
10 11
11 18
10 14
9 18
14 17
15 17
9 18
9 15
16 17
13 14
15 18
8 16
16 17
11 17
14 18
12 18
14 15
8 10
16 17
15 17
13 17
14 16
15 17
11 13
10 11
10 16
8 16
8 18
11 17
8 15
14 15
12 14
11 15
12 18
13 16
13 17
14 15
10 12
10 14
12 18
8 18
10 18
14 16
10 12
8 11
13 14
17 18
8 15
9 13
10 18
8 10
8 12
13 16
11 13
14 18
9 18
16 18
8 14
10 17