100 100 100
47 54 54 54 47 47 47 47 54 54 54 47 54 47 47 47 54 54 54 47 47 54 47 54 47 47 47 47 47 47 54 54 54 47 47 54 47 54 47 47 47 54 47 47 47 54 47 54 54 54 26 61 26 26 47 61 54 26 26 26 68 47 68 54 61 68 26 26 26 26 61 54 68 61 54 26 61 68 26 47 54 54 61 54 68 61 54 54 61 68 26 61 47 47 54 68 68 68 68 26 
71 80
19 20
22 22
85 86
53 53
51 99
27 28
92 94
36 36
44 44
13 13
76 78
85 85
57 57
51 51
18 18
2 2
46 49
6 6
29 40
67 68
3 5
15 15
76 79
76 77
55 55
56 56
66 66
13 16
76 76
52 52
81 83
8 8
54 54
95 95
35 39
32 32
19 19
35 35
3 3
66 70
6 12
81 84
4 4
71 71
92 93
29 33
92 92
1 1
24 42
64 64
48 48
72 72
36 37
29 34
8 11
36 38
74 75
46 46
51 62
74 74
18 21
29 31
44 50
27 27
24 24
1 100
67 69
57 60
89 89
7 7
96 96
90 90
2 17
25 25
87 88
63 98
57 59
45 45
46 47
24 41
67 67
23 23
72 73
63 63
54 61
81 81
81 82
14 14
30 30
64 65
81 97
26 26
10 10
87 87
29 29
18 43
58 58
9 9
87 91
34 61
35 68
36 54
37 54
38 68
39 68
40 47
41 47
42 47
43 68
62 38
63 26
64 52
65 83
66 25
67 38
68 83
69 83
70 82
71 19
10 46
11 37
12 81
13 48
14 42
15 1
16 16
17 72
18 45
19 85
54 61
55 54
56 61
57 68
58 26
59 61
60 26
61 47
62 47
63 61
38 47
39 61
40 68
41 26
42 26
43 68
44 61
45 47
46 61
47 68
85 96
86 71
87 48
88 19
89 30
90 84
91 87
92 62
93 72
94 88
34 50
35 57
36 39
37 85
38 46
39 9
40 52
41 76
42 9
43 57
41 64
42 97
43 16
44 50
45 93
46 100
47 8
48 46
49 44
50 85
68 10
69 44
70 25
71 37
72 8
73 24
74 7
75 99
76 73
77 22
89 45
90 23
91 70
92 92
93 30
94 68
95 25
96 30
97 12
98 1
