7922
3655
20234
6641
9560
17341
22512
31140
13387
13566
12578
20845
17427
31872
16718
2836
32231
10991
29056
23103
14944
7120
16186
22075
17453
32101
13510
24825
13065
4048
15307
32599
29418
24442
32287
1697
19323
32438
18652
17240
31693
674
9654
32050
15945
18254
7819
31841
18666
16161
24380
29720
7593
20856
10684
30284
16184
3215
20582
21688
7666
11941
10900
4899
20755
19035
14189
20197
28708
2654
25342
16296
8378
22597
8589
13676
11360
27325
21801
14286
13010
32483
12678
10889
19564
16625
4616
6973
12513
10269
30238
7279
13872
18878
6097
20945
15316
26545
20637
4548
22075
15867
16511
16412
20090
21423
27471
17955
19007
21267
16464
19424
12295
11518
16390
5785
7057
2948
13383
12438
30354
22485
11925
15912
2474
22371
16555
9194
6551
9283
9046
25159
25769
1238
16262
19004
5237
26280
19877
28511
30670
152
32551
31521
6385
24634
26211
17744
1024
26233
4257
21984
20914
30593
1652
13290
19016
25052
9802
9717
13507
16602
3393
18293
9812
24119
572
6033
26132
22264
5943
25897
14581
1942
29911
15384
10744
862
1093
14262
8865
6936
27453
24225
26537
14055
3682
27582
19954
1904
3541
10362
15296
21054
28677
15446
18981
23909
28361
5538
6845
15974
6828
20360
13724
4179
18567
14669
901
21812
32086
25300
14428
1704
19524
21092
16862
6608
23304
18346
3728
31336
116
12290
16629
16695
12619
12274
8964
10666
12116
26103
28121
2748
11948
19077
14763
22296
25952
20809
10750
26754
14651
12209
10778
6771
32733
27822
19899
30723
1293
7609
10762
268
19281
29972
15052
19085
15035
1362
10202
32332
12805
24089
32465
32192
11745
26151
13578
11309
31370
5779
1485
9233
9119
31573
193
23487
5681
7433
23719
32074
10523
14320
25160
30116
32657
25656
940
32519
31228
4989
29581
10900
10501
1935
20747
11579
30448
9846
15266
29658
31532
20403
25432
17065
11304
5833
26939
25557
25448
1788
9226
10603
26583
21593
7475
18040
29279
7670
23037
17263
24759
9595
17671
4554
2684
8161
19441
756
27780
890
1369
9831
7791
30514
29449
21265
18046
18196
13422
24573
32681
528
15693
20527
26091
9467
25777
30160
15585
30423
24616
20619
25747
31317
32558
11062
4242
6296
15082
15541
30019
26940
28184
20507
24442
15255
18759
14355
27210
17726
22340
4479
18204
6603
9686
6494
19455
20446
26283
6643
15423
30562
7315
13092
32569
17682
10476
544
14701
5947
19805
27716
31701
14275
30152
4416
32118
32618
24185
10357
4916
15952
27300
19874
23018
3512
16142
192
18106
28427
29962
23850
4514
23584
31143
19457
11856
11450
27944
13775
18232
30034
5812
30570
28387
17175
16463
7708
31626
22836
3849
12032
16611
21329
11125
32175
7227
20828
20061
22044
1733
4233
1460
32189
8754
5527
17868
20460
29569
19542
6858
31116
16409
16486
3670
6127
16661
21313
5527
16119
8415
4987
7006
10876
30464
6473
31393
7918
13878
3137
32044
15676
16583
13920
12947
19956
5910
18513
13163
18347
21620
13036
9401
5279
28216
14846
4011
23451
26898
9288
24966
20507
30876
11466
10208
19889
15666
6465
23823
17063
5124
6638
22753
11750
11625
22169
14734
13334
23927
19670
22762
4103
23248
25479
8671
25168
24510
22434
23067
9270
24963
26164
13318
16847
20970
22438
15607
8039
7970
20543
31655
3618
26060
2539
21222
29667
2387
23355
31884
10861
9852
12204
12467
22984
5182
21804
19747
20967
26323
17114
4366
10119
10511
15630
16638
6234
16369
31385
18187
31333
11384
12110
9041
15014
8119
8129
16545
12027
5420
8782
375
16191
26446
12637
6444
10678
4709
29413
1389
26283
6558
22831
15340
28503
16991
16605
24661
27653
6616
12330
5764
3444
30939
7027
17653
5501
31213
21239
23420
21237
5533
32219
29238
5333
22804
18033
21695
22680
27374
7097
19877
14309
21064
11304
17949
22894
13338
32169
3573
26904
31432
18146
24522
23388
7155
28088
30075
32749
28821
20245
16605
10139
21325
13288
7345
24951
30967
5998
2515
4920
14208
8881
19636
28893
12024
334
32521
6036
2281
29562
27077
20443
16872
16711
15173
15077
12649
29476
28107
28479
17368
29603
29230
18611
6885
32384
29392
28525
2079
222
17103
23132
5572
20179
19840
20699
4567
21031
6681
12177
20340
5721
14253
29845
4705
21987
9566
22230
22757
27839
2766
27835
30685
21546
21718
9734
15628
2984
2683
7422
2995
4936
28189
717
10081
23337
16114
11047
8461
19517
11955
31532
6754
20045
24469
16272
21338
28478
32379
11769
13838
3986
19818
5544
21709
14386
12861
860
3691
32106
7578
23667
19675
4917
24100
13651
4608
30395
13298
26376
18113
20760
14401
10286
92
30559
28005
11538
12284
11230
2822
4884
28813
1188
23176
6992
26319
6977
14283
30845
26537
27085
2581
13332
22721
31020
18764
28341
32585
17551
25449
32712
12572
30270
5673
14432
7177
24982
4357
19812
5998
24141
29541
11504
13321
26878
31505
17145
32268
11489
30440
28976
9583
23257
20948
15913
138
29109
18941
32701
7395
23471
10301
1197
21061
1337
3029
391
3090
20730
7774
17614
15577
3347
17410
30293
12331
19878
7147
26092
11947
20633
25852
11582
10341
20119
6847
10490
22881
23896
24223
3377
7287
18211
344
6400
24676
31633
16555
11630
29470
32147
3414
19351
5989
29366
27971
15883
6299
14246
19968
29041
20693
7665
23407
16496
21810
14094
11967
14031
15468
20638
27034
4058
13228
1521
4512
29704
21923
2764
16405
14812
30678
4970
31190
11785
25145
32192
17298
9945
9472
8198
17974
26319
178
24690
6057
4748
5247
31303
31674
15855
18131
5134
12631
21632
7211
2851
8191
24847
28712
6260
31097
30872
17633
12934
9159
19562
7294
20665
32598
10120
4355
29644
23927
23376
7785
6051
15123
24410
21235
29256
5017
10403
22975
9265
24636
31723
5020
15809
5980
16219
12827
15888
16449
3947
2281
28399
28431
6915
2395
16935
15606
2784
7243
5122
4266
30778
20003
30477
19219
13988
311
27931
11333
30003
6744
12685
1202
31458
23461
30929
1694
565
24997
18729
19412
30749
30355
20654
25496
8732
12281
23700
31964
28585
2689
21935
183
31446
30727
26166
12562
31792
5106
11464
8101
13799
29125
8364
4386
6703
14833
2909
8367
12517
2286
15174
