100
1 53
1 60
1 75
75 41
60 95
53 17
75 25
41 77
1 29
60 6
77 27
60 23
29 68
27 63
60 69
25 10
69 26
69 81
27 21
27 32
29 33
81 9
23 2
2 65
60 48
9 98
1 19
95 7
48 64
6 66
9 54
26 43
53 37
26 71
23 85
37 67
19 42
43 12
81 13
48 3
65 92
54 96
42 56
7 46
46 55
96 80
68 51
75 72
13 39
12 70
71 94
23 83
25 84
39 40
33 73
2 15
21 57
63 86
1 59
86 74
85 44
66 88
86 62
80 31
92 11
40 35
32 45
54 52
12 78
21 8
37 58
98 4
74 50
23 97
83 76
76 36
25 89
7 34
37 90
81 38
75 49
27 24
53 93
3 20
25 22
32 28
32 14
73 61
9 5
70 18
28 79
15 87
87 100
37 99
37 16
9 91
21 82
28 47
83 30
