1000
1 123
123 316
1 909
1 203
909 835
909 668
668 13
13 671
835 495
203 957
316 967
967 605
835 634
605 730
671 684
13 901
730 791
730 784
123 587
1 987
909 344
1 522
901 552
730 158
784 800
800 571
495 480
344 386
316 961
522 408
316 207
634 383
408 799
383 91
961 498
498 688
91 202
799 922
671 309
344 68
799 264
800 61
383 46
158 305
13 388
158 856
480 507
587 890
522 230
856 401
784 529
522 810
383 259
810 109
498 969
408 760
264 180
230 280
68 111
259 43
552 437
529 392
305 179
109 600
309 946
305 697
522 568
158 288
688 911
760 183
259 798
43 719
180 358
684 136
909 400
784 806
68 541
316 518
967 366
383 258
784 661
810 460
856 779
987 237
305 171
158 553
383 598
180 780
518 739
957 201
529 787
480 899
760 868
309 680
961 17
987 642
123 157
961 988
600 740
605 876
230 79
780 395
799 651
876 434
434 159
400 647
280 549
634 9
598 404
237 828
136 747
810 214
780 348
661 77
899 290
180 334
680 512
671 487
911 450
987 416
969 257
401 409
642 342
409 360
395 550
358 382
408 422
13 362
316 785
79 773
787 840
549 441
552 100
179 752
752 137
334 940
109 176
305 278
441 640
171 104
909 96
77 557
9 357
91 639
180 185
798 135
568 694
828 193
460 218
111 112
680 19
549 23
305 576
760 425
441 138
288 970
68 448
358 503
79 881
450 595
740 567
386 253
957 931
507 130
448 21
180 161
434 774
176 73
987 240
541 127
503 330
127 589
541 332
180 875
43 996
203 141
487 335
91 76
409 870
507 122
639 596
661 656
647 882
448 677
138 842
779 307
996 851
193 328
425 525
422 205
870 117
970 674
386 829
237 27
123 588
787 530
656 139
138 107
176 55
576 705
383 349
328 71
498 645
568 394
332 442
684 973
970 385
882 597
587 446
677 481
787 974
23 983
876 491
176 35
642 563
779 704
305 45
330 87
656 455
442 962
201 629
629 106
688 689
640 51
19 570
851 238
779 527
183 324
77 472
460 618
922 604
598 277
218 444
334 384
974 36
647 832
290 8
392 430
324 289
567 162
185 630
77 393
568 860
104 268
931 803
360 154
774 796
796 998
780 223
207 66
442 169
1 217
541 655
107 369
719 873
332 128
237 706
109 847
240 315
55 367
983 723
117 105
183 891
779 669
332 894
161 125
128 421
404 225
587 989
705 888
448 934
388 210
203 885
668 608
934 466
442 59
723 213
96 904
357 242
890 727
76 300
392 329
677 953
655 92
288 770
342 269
655 746
344 270
495 621
967 485
96 377
983 683
9 429
780 3
154 753
683 611
677 801
503 691
552 848
386 933
661 713
677 319
485 591
344 551
135 482
290 758
727 978
894 843
491 914
674 603
922 263
448 250
305 82
305 452
455 364
269 836
840 232
76 215
780 60
385 749
8 78
466 926
36 48
749 663
957 488
987 975
487 129
23 782
342 826
691 118
894 345
218 292
135 606
79 517
596 610
324 476
46 451
154 672
957 41
663 273
104 679
280 256
366 182
550 439
677 547
550 262
758 620
998 473
691 75
642 775
87 687
784 548
989 756
278 85
75 490
740 229
482 850
135 750
962 886
77 320
886 396
154 306
472 380
380 616
886 333
881 650
130 86
158 984
330 381
507 619
842 206
495 72
957 771
476 985
890 735
891 336
452 244
957 698
969 11
961 818
330 883
661 941
333 625
111 521
123 339
136 982
36 391
278 903
723 979
123 855
985 208
383 12
595 375
488 681
982 496
288 506
848 184
316 939
185 69
681 501
268 410
596 471
828 399
909 910
704 662
320 768
911 121
758 188
240 196
480 211
961 636
655 459
105 219
446 220
752 497
491 431
967 296
655 762
806 376
105 790
329 38
262 351
335 743
687 340
529 590
466 433
605 235
603 99
217 95
211 428
429 857
214 406
211 539
442 599
596 42
957 763
185 864
901 533
358 728
860 80
264 816
242 601
611 287
87 643
606 865
856 673
193 453
258 62
466 537
826 513
547 397
529 216
258 830
885 804
214 726
9 954
91 653
55 948
289 938
758 646
422 893
122 411
328 612
259 412
434 427
309 999
364 297
999 741
180 463
288 960
176 993
608 361
434 556
537 337
680 272
73 5
799 736
138 254
975 102
987 731
512 585
663 766
278 458
442 379
911 469
71 538
309 144
726 321
787 164
91 907
798 695
5 613
740 623
503 88
870 142
568 152
870 227
328 635
975 373
706 177
184 461
104 792
262 531
329 823
422 249
256 744
787 149
205 302
697 239
461 447
217 70
257 767
239 499
979 755
396 986
12 160
73 564
348 413
43 844
651 699
608 644
42 638
672 972
731 494
518 346
972 489
643 545
782 824
842 338
530 247
17 116
636 323
463 150
288 543
830 504
883 959
427 532
213 483
564 286
491 878
953 607
996 887
270 298
613 243
571 57
746 981
810 710
270 352
576 772
381 22
1 577
978 252
973 945
600 732
672 877
683 468
169 793
571 275
940 10
428 151
218 831
635 293
461 191
408 980
210 355
469 114
507 222
552 633
82 192
86 197
904 134
998 794
857 115
731 786
116 918
76 301
80 248
207 920
3 390
922 132
796 562
180 693
42 509
214 63
639 952
704 24
349 426
522 895
129 943
550 353
208 822
408 284
220 181
160 153
694 632
771 849
164 958
481 593
181 168
176 251
607 896
239 817
277 546
562 65
671 566
509 897
139 921
563 937
975 675
875 7
463 418
799 976
385 902
264 226
238 997
220 748
207 224
588 659
214 565
154 464
153 947
401 126
76 535
635 58
23 236
236 712
95 724
287 950
222 52
431 40
987 283
121 692
979 955
429 825
254 615
491 81
909 682
51 30
11 707
296 889
451 725
272 745
918 2
832 32
193 569
939 14
982 700
888 751
235 479
162 505
613 628
530 47
353 156
129 660
612 797
290 949
955 343
984 511
301 155
723 670
139 769
978 314
185 708
645 930
114 16
974 291
799 765
640 626
63 528
386 991
687 18
157 990
577 554
217 637
553 915
507 325
383 892
689 814
460 398
532 368
134 470
3 516
376 729
638 317
518 424
348 715
803 664
461 574
850 586
17 457
639 304
857 900
961 486
545 187
297 858
254 859
151 716
669 175
978 936
115 84
597 189
630 841
550 245
699 872
137 820
62 908
836 924
218 631
712 788
349 53
336 880
216 614
428 140
849 37
882 676
796 641
930 49
251 190
974 508
875 279
725 971
332 927
637 67
670 733
70 781
114 592
183 212
539 622
889 449
599 407
301 759
486 811
105 234
505 28
529 874
831 686
453 405
455 594
538 837
752 113
985 147
938 853
656 350
437 110
248 313
567 419
625 467
100 839
121 510
316 285
234 812
201 260
410 432
503 271
450 29
888 609
622 654
32 475
768 108
598 815
622 652
212 174
857 420
810 575
689 869
107 583
72 64
548 403
147 964
82 143
934 789
682 666
760 402
229 617
272 742
621 649
201 928
175 173
159 834
800 867
849 454
214 198
41 310
631 165
217 540
551 819
185 898
535 720
609 916
108 15
803 341
625 808
583 992
197 722
159 709
351 761
851 194
535 919
804 917
375 648
873 131
760 502
590 39
150 942
980 103
700 347
82 493
364 20
467 228
947 465
160 415
883 371
682 378
22 558
288 200
138 734
607 520
284 702
369 573
288 561
388 167
975 146
441 267
177 276
875 178
130 721
107 534
100 50
262 757
168 492
878 436
225 1000
360 500
310 318
915 354
528 737
385 944
8 478
981 365
30 718
86 246
141 274
21 862
142 871
962 456
178 977
684 308
71 94
75 827
28 438
463 526
596 282
198 776
472 101
734 519
40 624
728 884
287 795
171 863
297 906
171 387
230 363
652 560
49 209
428 778
817 370
860 582
38 968
739 34
663 602
630 74
469 372
535 83
367 56
46 195
249 701
425 90
425 255
317 359
73 477
513 912
490 170
288 186
363 172
400 838
547 6
607 389
111 665
162 879
895 678
328 435
849 685
81 657
207 536
644 281
142 299
782 925
441 783
172 93
949 120
603 544
610 119
564 905
249 966
695 854
543 417
76 443
437 31
726 717
647 923
894 703
945 311
24 523
438 951
292 326
299 89
536 845
632 265
271 97
9 809
493 44
206 356
534 414
419 445
678 578
493 261
298 580
261 133
430 627
670 852
246 266
63 294
40 474
708 963
181 231
244 956
489 204
503 559
82 994
228 667
921 581
57 54
70 846
628 145
17 542
410 33
808 98
799 514
110 805
829 995
887 965
914 25
567 322
185 26
558 241
191 711
656 929
616 148
992 579
475 821
52 312
887 658
479 807
879 515
798 440
564 935
109 484
898 777
24 423
376 738
575 524
438 221
878 555
984 295
680 754
91 932
906 584
731 572
123 374
161 802
360 813
281 764
51 690
987 4
363 913
824 303
291 199
887 714
997 166
350 327
985 866
816 331
724 833
886 462
11 233
415 163
11 124
34 861
817 696
