10000
1 1750
1750 6195
6195 135
135 912
1 1016
1750 5090
1 8253
1016 2813
135 3297
3297 10
1750 6447
2813 1641
3297 7250
6447 9817
1016 7872
1750 1687
3297 2850
3297 2516
2516 5064
6195 7706
6195 235
912 8367
5090 8290
1 715
3297 7561
2516 4791
6447 6927
1 4934
2813 3582
6195 9368
5090 5377
10 5613
8290 8161
1 791
9817 4336
3297 8627
4934 7498
235 8810
8253 9369
1687 3730
8161 1144
8290 5690
2813 8665
8810 5111
135 5419
2813 1592
3582 1510
8627 7296
4934 2010
1 9125
7706 8071
9125 3909
4791 4493
7250 3705
7706 3912
4493 5596
9817 2980
5690 8445
8290 9047
1 6531
2813 4367
6447 7168
715 7881
8367 8218
8290 708
6447 9190
8367 1990
10 3109
3912 3821
8810 3284
4791 2712
5377 5535
6531 1223
3109 1734
7881 3824
5613 2882
1 9556
4336 3113
1144 6161
5690 3648
8627 1481
9047 2833
9817 1875
3109 5742
912 2832
5111 9652
3648 3857
3284 2099
1750 471
7250 573
1016 7116
6927 6109
8445 1024
573 3850
3821 854
3648 768
1510 9311
2882 1879
6161 3413
1510 2560
9817 2321
4493 1035
5535 9329
8445 1774
3824 5691
9125 338
3284 3644
8071 6333
1510 3980
7168 7600
7561 5942
1879 2528
5613 5287
9556 3450
5535 453
9369 3251
6195 2674
2882 767
6109 2289
2516 8163
3284 6920
7561 7740
6109 9478
6161 8417
1144 9975
453 3798
767 5701
2516 1635
1635 9298
5287 9173
3450 7748
5691 4371
767 2272
3798 2403
715 9834
1016 9118
3705 4267
3909 1937
1024 1396
9118 502
1223 2946
7498 7986
7250 5762
573 9408
8367 7287
912 3390
1223 1674
8627 4599
5377 82
5942 897
9834 9076
1674 6103
1879 2380
3824 2841
2560 7133
2289 2259
5613 4181
9408 4299
9329 3749
5287 1919
1592 2607
6195 9887
2813 2400
5535 1830
5762 4177
4336 1263
5596 921
4493 7030
1879 549
3980 8732
5942 9290
3824 1503
5690 9609
6447 1402
5613 1077
768 6152
1830 482
9290 8671
2833 1118
3980 410
1481 8340
6195 6887
9298 4526
2516 3491
7116 2699
9609 723
723 418
912 9108
7872 2566
3297 1861
1016 4650
7600 9379
897 1847
9311 9189
1641 2811
6103 1130
854 5460
2560 8448
4371 78
1774 5705
6887 2756
1402 9630
4371 4089
8448 5491
5460 5
1510 7933
573 8438
791 9883
1830 720
3251 6766
8367 3065
9478 7762
5 1551
9190 4839
1635 2773
6447 1608
9329 1526
7287 214
1641 3769
9975 6834
2699 5414
720 8160
1144 473
3390 5864
5491 3572
3450 6542
2259 8858
6887 1172
5491 8409
921 1759
7706 55
8671 2801
1937 2163
8161 7423
9975 5109
7116 7068
2946 7729
2813 37
4791 4004
453 9424
7116 1666
82 5183
3912 8928
338 9445
8160 3812
3909 1112
1861 1034
7168 7336
1503 2136
1172 5956
7030 6664
1861 6020
8627 3861
1875 2311
1402 4588
482 9794
471 1794
9108 269
3912 3403
897 1439
1223 3072
7729 4855
1 8338
3798 6013
7762 6926
1830 8873
9118 4530
9118 5314
9478 8847
897 1625
3980 3631
1035 2263
7748 7544
9817 3875
5705 1122
921 3225
7287 7078
4267 9224
9408 40
9047 6123
4934 1558
6123 5114
2263 945
4791 4337
3857 8235
9883 7681
2528 5159
3631 9772
7600 2954
8235 6163
2882 808
2528 2307
4599 2161
4493 6776
2841 6367
8409 9841
808 8285
2712 6571
2832 3746
5956 9722
2946 587
549 1019
3861 6612
720 778
8438 8645
720 6742
3450 9182
2841 8946
3861 982
8409 8733
4299 112
5535 8276
1077 8879
2566 6407
4839 3436
1687 4345
1016 5525
9834 1595
2850 7448
5690 4524
1625 26
8448 4464
3798 8508
5596 1038
9841 1971
8340 8962
2832 5709
1024 7151
235 7452
6926 8304
1937 1655
7748 3926
5460 5088
7748 2465
8160 8662
5596 2158
8417 1643
2954 2320
2850 425
1130 7890
1625 3724
1396 8563
3390 244
8304 8068
715 8454
1035 1117
4336 2711
2699 6144
8732 3095
4345 8549
3648 9027
3875 7095
7151 800
2980 890
1439 9847
1077 5022
112 9095
8671 294
5709 4168
2712 8865
9311 8128
7116 6933
778 1569
8438 4630
1794 6494
9652 1593
3225 5005
1674 4731
5525 2109
5525 4595
3850 186
3413 9942
2403 5663
473 2618
5864 364
573 5564
1794 1912
3724 4998
1016 1368
9173 7867
1172 4000
7986 2437
364 9673
82 1217
2400 5716
4168 5961
3072 5006
982 2707
6163 2933
9817 8280
1643 2138
7933 7479
2707 6823
1077 938
2832 6771
2465 474
4855 4563
9772 9407
912 6596
9722 3786
8161 8598
6161 5655
1122 6443
6163 8301
4599 4912
9118 1432
9478 923
1 2182
5159 7963
1112 7771
3786 2153
7168 7169
9834 8495
1558 6981
5006 9870
5006 4204
5419 6181
3821 6808
982 7308
1875 6633
1879 978
1759 3862
2263 1705
2263 29
5109 2336
3798 8999
3786 1602
6596 2895
9834 3213
5006 8373
4524 1470
6766 954
5596 3054
5377 376
8071 1384
2699 2270
4345 9972
6771 3473
5613 8963
5691 1233
7881 9728
3862 1420
2272 2776
6834 6289
8671 8491
4267 3256
1439 355
9173 3680
1666 3753
214 6244
1470 4340
6633 141
29 5841
3730 8278
1971 1102
1641 4270
8373 7170
9870 8595
2136 9696
8495 6813
8732 147
6443 8974
8367 1427
4204 6520
214 2086
3491 6508
1263 968
6367 885
8595 1310
1879 9079
587 2744
3297 1925
8928 1292
8235 1755
4371 9789
8218 2855
1470 7900
8128 6194
5414 2501
7544 703
6407 5390
4599 5746
8665 7043
7706 1228
6933 2310
5377 1119
6103 6682
1144 6450
5 1845
9095 3777
6181 4279
7867 6274
9972 2122
8491 3467
2311 1907
4340 9286
7740 1110
7600 7432
2320 3229
2289 8706
410 7373
8732 2105
7762 8126
2841 6246
7296 431
6808 8474
9722 6361
1755 2130
3403 2737
8163 4220
800 6017
3777 7641
8847 5897
3403 1732
921 5570
1937 9937
355 8404
9076 7113
6508 6825
8071 9777
4220 6057
6361 4103
8409 2083
1038 4339
9556 3364
982 5378
6520 8383
6163 2931
8508 6383
4599 7955
8549 1422
1130 6572
2895 4419
7043 2265
453 9515
9286 3597
1937 363
4299 197
1666 1515
573 3834
2380 7084
29 1311
1569 9564
9789 7154
6834 9305
3821 447
6682 4301
5897 7758
6834 3384
1130 7983
5897 349
1402 4057
9728 9019
6531 9103
141 5872
3065 7109
5864 1913
3912 865
5596 8749
7706 837
9224 2218
3113 12
8595 6847
1481 9123
1470 8333
8662 5498
1077 3016
9408 8059
3467 6930
8563 1098
2776 9081
1130 8461
2895 2624
7498 4430
8595 1804
2954 9711
1077 4048
9887 6686
2954 5067
9609 1529
2403 6175
82 2611
7095 2950
1558 1544
2895 9504
8879 7357
9777 8416
8595 8652
968 5656
147 5726
6450 114
8285 9849
1263 3057
8595 2749
1384 9879
40 1785
4220 6264
1687 4515
9305 1566
2607 4712
8645 5999
2931 9713
4220 6748
2737 7767
8598 2203
3057 1416
6825 7896
8071 1115
8749 5031
837 2352
3644 572
6264 7723
5088 8863
2841 6578
3912 8650
5596 1557
5090 4885
9772 7406
8847 1477
2161 8617
2289 4368
8071 2805
1875 9428
5596 1627
978 9432
7373 7056
5841 9267
9711 5430
9841 3452
7078 6039
8491 1281
1016 7092
4530 9388
2773 1547
1292 6675
26 3335
9556 9007
9019 3069
3648 127
6152 532
6163 9406
8383 292
7406 2019
235 1495
3225 4779
8059 2139
4839 7360
1566 3643
8665 3424
9630 8174
6981 9548
3597 8327
1569 5474
4885 7996
4000 5616
954 8437
2737 9459
8508 8393
2158 5368
1420 7621
1034 6736
549 3886
7896 6538
7133 6198
292 174
8333 3134
9095 8139
5956 3803
1416 3780
363 2444
9975 9638
5897 4202
9847 9357
2158 4967
9369 1721
1990 4761
5491 7873
6771 5973
9298 2475
8327 9302
6194 1352
9190 3420
135 8859
363 7799
6407 8780
5690 8519
3572 8162
1432 3868
9609 3197
8278 2732
9564 2199
1034 5188
5999 2174
7873 5979
6289 15
865 8884
6020 3908
1732 7714
4103 109
4855 6931
1422 8763
6531 2949
3786 2095
921 8779
7423 2082
6813 4256
474 7750
9357 9228
376 7501
3926 421
8847 5976
1785 2051
4885 6040
5616 8559
2380 9126
2516 6432
1384 4425
1627 3088
8859 9380
3284 8638
1774 277
1755 5348
1774 9838
9290 6972
3420 5495
6020 7489
3749 6358
4934 1590
3803 4941
7799 9006
3364 7327
2174 6544
8665 2451
2949 7064
2136 4422
7714 909
5314 981
4367 9987
8563 763
6103 4945
5864 998
8847 4979
8749 1320
8338 1362
4371 4029
1281 8893
7740 6764
1705 3175
7095 2050
6633 8292
9369 8199
6017 2233
197 759
5956 1668
1785 650
9556 9240
1402 158
82 5546
5705 9109
8285 4224
7740 8361
8763 1636
4340 8586
2311 218
3197 291
2400 285
1422 5640
6289 1282
885 1234
4204 4581
8071 4733
3420 5888
1098 6528
1172 2990
2931 1267
10 5514
6931 1779
5114 9768
5368 9718
6664 2914
9847 3765
5460 6318
1937 9051
8893 2063
1234 3609
885 3814
1077 7978
9329 1712
8437 5703
1115 8442
6361 2080
767 488
7133 8525
7873 5226
5390 1375
7116 667
1352 2906
3926 2763
277 1479
9817 5200
4563 741
981 5689
2712 3744
4839 6915
4301 373
9834 3375
6538 2068
1794 2884
6920 3943
573 1665
8417 6754
9125 3510
6123 4812
9298 4227
9768 1213
4967 624
4934 3096
1110 2315
2163 5840
2400 4676
5690 6835
2801 5911
2311 1923
5114 1533
1830 4193
2320 4751
3390 5950
5911 2339
1352 6301
7986 3894
6361 8872
9379 4827
9182 3298
6198 4051
6808 3021
4779 1805
921 3485
5942 7952
3054 8173
2763 3580
9076 7242
7706 9192
5999 8257
6447 9801
1674 542
6103 4949
7881 3080
40 2255
2263 1363
4029 3208
1774 9973
2339 4407
1557 9497
8404 7820
8383 9288
3390 6097
8873 7330
3208 3855
5911 3532
9817 2431
2737 2104
1217 9371
2403 8588
7242 6133
29 2129
1422 783
1595 9799
8474 9891
5690 6970
3943 7126
998 5615
3582 9640
7762 33
5022 2770
2163 75
8474 1442
5705 5135
1595 2364
7681 649
3065 6223
3096 2358
8128 1151
2265 4888
6057 8664
981 5196
1544 7074
7952 2020
1937 3407
8671 413
9123 9057
912 417
8059 9701
2560 4867
7978 8337
6274 2575
6333 7781
4430 2768
768 3347
3208 7636
2949 304
1847 7662
9728 8363
3450 9485
2380 4615
3824 4210
5689 8753
7056 1991
294 4364
6181 3060
4515 1559
8810 8556
1035 5391
2315 8403
763 9395
8139 3856
8257 1800
7498 2499
9079 6366
135 5384
6366 2515
9887 3468
1228 7335
1432 7055
9942 1184
9047 315
9891 1343
421 6277
1875 8034
1774 7137
6383 5739
1432 1899
3705 5201
3582 803
3912 7797
5742 7784
9407 1240
4779 1656
6361 5339
7662 4486
7406 183
1687 8318
7781 4406
9109 9778
5111 7653
4048 5496
6930 6592
9057 2226
5419 4984
667 772
9125 4590
7308 157
3468 1157
82 4052
2051 5658
6835 4612
5615 3759
2516 2119
5109 6310
2444 7584
6020 9231
6144 7369
6736 2751
7767 308
5495 8125
1526 5844
2444 4094
7799 160
6776 895
7074 3271
2095 465
9428 3261
1515 2368
2465 6810
1705 4741
7296 1695
473 6994
5111 3005
1674 6613
2444 972
4345 4626
2833 319
9388 3531
3765 4575
6771 9595
4888 7361
4741 9681
1416 7680
8963 346
9311 6157
7750 3258
3060 5990
9329 6919
5705 2297
3347 1187
6810 8060
3759 5374
768 5718
708 5003
8338 9283
7137 4022
7092 566
2465 5499
3021 8957
803 2322
5006 9440
7373 6707
9838 7787
8865 9099
9103 8050
2931 7456
2020 463
8559 5538
4022 2128
7636 4271
5872 9736
3335 5522
8404 9952
7662 84
938 6437
2833 5779
3450 9712
3753 6380
6771 1474
972 6595
8437 1616
8285 7352
5888 2462
158 2662
2099 6272
5999 6190
4741 2509
1830 932
5956 3541
2882 4775
2850 8644
9006 7495
7068 7927
8525 690
6887 1407
2749 5344
465 8691
1118 8944
7489 8699
3213 8994
9838 6203
1805 5349
9799 4081
6244 4847
4103 6584
4181 980
3724 855
1687 4986
3749 7858
8779 5281
2138 8672
8416 1163
2618 1307
3821 4465
7653 2958
6367 7389
7116 4098
1557 7001
3407 1619
7799 8609
1785 7922
3251 4636
1157 4853
650 1153
431 1446
1157 6505
5348 8904
9768 1222
6528 6554
2712 6805
4941 4096
2315 1278
1110 4234
2662 2155
6020 2956
5314 4504
4057 899
8863 7802
808 9029
923 724
421 9036
808 7405
938 745
3644 5107
4256 6019
6981 5886
4791 6512
9125 5410
885 6242
7030 8570
763 2724
4867 993
418 1013
9801 146
2465 2532
2161 2356
6933 6605
15 7102
109 4242
4098 481
8257 5326
8161 3797
3759 3366
5498 7332
5911 8369
4256 327
277 281
3229 9997
6198 8466
2119 7859
3251 475
3213 7233
3060 3699
5779 3617
2129 4862
1533 2869
1112 4952
8779 7177
7373 8217
7109 551
3824 4697
9445 874
8218 3221
3582 4261
6887 7555
6754 7060
3531 1555
3631 2323
6242 7271
2122 9470
5368 597
9290 3353
1899 553
8162 7601
6919 9312
4998 9923
3060 9035
6520 2704
865 4895
3582 9136
2776 317
650 1890
7681 1457
6805 3629
6198 2382
4847 3075
2465 1397
4590 6772
3777 7871
7986 1462
767 3922
2050 2834
5031 4016
2400 9414
3284 7269
5348 1334
4949 9720
7636 4278
5374 1953
4016 8781
2833 643
3798 8573
6664 3661
9778 4469
7740 523
2403 2354
8863 3884
890 8119
5979 2495
9952 583
7361 6549
6274 8817
4057 9527
1526 4510
1551 9868
1130 1121
1655 7682
1991 4873
8409 1490
3753 4648
6019 8624
1121 6314
7584 3880
3644 2041
6437 702
7771 1095
1705 7192
2841 8206
4895 76
4941 4713
3661 1179
4626 2939
6505 2234
7748 1868
1157 509
6318 8038
26 8773
7154 3361
9564 5036
9849 49
186 6942
572 1676
3069 2341
8474 347
8125 7005
4510 4300
8865 2419
5613 7131
4847 2601
7641 4631
7056 8451
5739 5210
7064 9088
783 5354
4713 5452
4733 7755
355 8018
4469 7637
135 1814
2431 734
9190 6937
7357 2044
2462 8140
8644 639
9057 1455
3661 2147
6272 2282
5564 5352
5726 5913
8290 4393
5114 1572
1368 8689
7084 739
7336 1852
3824 7012
3798 1212
2161 6346
281 77
1868 6312
7055 1066
1750 3365
5726 3415
741 2578
1115 5824
5514 3734
5344 2553
8173 9966
9879 8931
9057 4206
4103 3331
9887 8166
2321 2366
1674 1858
6927 4438
1608 8711
7084 3701
6592 3942
4827 8587
1991 7509
6367 1817
1384 396
9057 2304
9640 5534
5031 5401
8884 6730
1343 6747
7706 3209
2233 5434
1278 6687
5616 2261
6742 7721
2732 603
5495 9837
5872 1981
4368 6056
6020 2769
899 6354
1907 1288
9057 8322
3347 5686
7109 149
8689 5667
6771 1071
473 8227
7102 6063
2884 1208
2158 9430
9595 9575
7952 3939
1890 4114
6354 6081
6057 71
4096 1369
8872 1099
37 4443
8573 6683
5779 1323
3644 2189
6549 9185
218 6946
84 8177
6310 6440
8671 3563
5326 428
2958 6200
5534 8435
8369 6501
2203 9010
6318 6923
3942 672
2368 279
8810 7386
5377 8392
7043 9905
8944 274
1118 3409
7168 3557
6937 7478
3113 9744
8126 4068
2950 6703
1179 1701
5564 1717
8340 2649
7681 9179
4029 9721
4048 2919
2575 4381
7478 4496
33 7071
7116 2271
650 4087
1455 6418
1455 8751
26 3994
8404 6094
5326 1086
3467 99
1119 2545
7389 3971
1362 8182
4839 2151
8753 4310
7169 7225
8645 7522
8711 8837
7406 2140
463 3639
9286 217
376 851
1636 9016
3824 8263
1310 3683
2080 8717
7109 5316
9768 1349
6383 5098
6277 7778
2437 7451
6407 8611
8563 1973
1151 5694
8474 4055
4336 4939
4912 2783
2499 1011
1163 5659
5658 5712
4094 123
8162 9376
4340 6397
8549 9480
5615 2964
78 3645
2601 934
643 2074
7336 3726
2801 2866
5658 6280
158 1882
9179 1700
2866 2436
3582 8449
3734 2318
5391 8291
8174 2381
4430 7649
1547 137
453 6943
3734 728
2575 5453
4087 7108
9504 1340
1099 1433
8393 9856
4912 9193
3175 9990
7983 2655
5864 4876
7074 1046
376 8209
9497 6812
6970 9431
9630 8948
7922 8785
1034 7180
2801 7247
1288 7475
3113 4786
6926 6218
84 2031
1991 4330
3730 7962
2083 2957
6926 3947
2255 232
8050 3616
7180 3133
7781 8765
76 3796
4087 3703
9868 4600
146 9953
9841 7916
9736 9105
7177 4602
1263 7919
5615 3344
9937 4044
4876 7429
6943 9444
8672 6210
9192 839
7748 5071
327 8532
3563 5643
5705 9287
8125 529
1495 8901
2019 1047
9407 133
8038 3976
235 3970
6057 6478
1281 2567
9879 9241
9966 5049
7043 7763
2436 7107
3075 478
690 4473
174 5975
6017 4966
1320 5203
3409 595
1110 7709
6682 9980
1641 9254
471 6389
7056 1754
8199 3348
2499 380
4847 3570
8034 9534
1847 6831
453 6138
803 5576
8858 1458
9105 1684
7721 6439
4430 2132
3261 5549
2769 171
1907 8003
2182 5816
2770 5771
4504 3988
8139 8725
3572 1948
473 1947
7071 3832
3409 4995
4504 8040
778 2012
5067 2831
5107 1452
5349 5899
7092 2408
5348 397
8549 5497
2980 6974
8217 7155
1732 7998
6346 1598
244 614
702 8975
1310 464
1700 5834
1442 589
4599 3889
5374 563
2553 6325
40 618
9118 9962
1034 1005
3057 3704
8333 9569
1779 5684
8290 6773
7131 9022
553 4266
1636 2583
77 9602
4114 4715
5188 2405
553 9354
5546 2353
7859 699
7154 178
9777 2029
8363 9452
1750 8984
6915 5199
7113 5271
5384 6055
464 5303
7064 4398
9192 7612
3134 1538
3970 6959
5771 746
6244 5884
2624 5387
6200 6499
3109 8066
6312 5038
8140 8935
4636 1552
3609 6610
3980 390
1616 2777
363 8669
8944 5028
5667 2802
2080 925
1830 5272
9395 1682
4504 541
2560 9304
2012 3990
9701 8127
9834 5366
3347 6120
109 9184
3909 870
7389 1475
1551 4506
9987 1730
3943 9446
6730 3268
7763 6514
428 9053
6358 4538
4888 5243
3648 7350
1913 8537
1619 3064
7498 5838
8068 5680
2311 5079
5390 2913
7682 9166
5088 983
9240 1532
5659 8134
3777 4792
5534 3157
8962 2927
542 6403
4096 3013
9192 774
7706 9209
1362 2873
6144 1116
6403 3442
5410 4297
8333 8155
6610 5882
5368 6386
218 9436
8199 3735
5570 9978
1122 4760
3797 150
1213 9324
1320 7160
4469 1268
2083 7487
285 9157
4224 4269
6133 7647
9036 4502
8556 6741
5913 6620
9856 3254
1268 7646
2831 1505
160 7999
40 4246
2234 5126
481 8551
308 9106
5686 1618
5840 6564
5159 3895
7584 8777
9379 5055
2567 8690
3088 7294
3947 8407
6664 2738
9480 188
8409 4736
8570 7388
2263 3063
8235 5738
4297 4734
2882 3562
614 6080
6613 4562
7247 5130
6584 6155
1817 6113
772 3804
1099 1129
4873 5193
2408 9700
2261 4248
2105 5288
5006 1188
4530 388
9868 6051
5410 1680
26 6475
783 847
2451 6227
6613 6850
4266 7281
2451 1084
8872 3903
3057 3385
783 3349
8662 6456
1115 5129
4741 2698
5006 3073
9010 2510
4493 2415
9575 8476
5316 9964
7680 4701
6418 4606
9305 652
1814 1720
1510 1761
2832 1294
481 4288
2199 6052
2763 8679
4068 6178
4227 1158
1700 4164
4168 1377
8810 7931
5838 8452
410 675
7682 7672
1602 4517
5779 9043
8598 2590
551 2176
9354 4815
9849 2727
8884 8053
1320 1742
3680 5337
603 4915
277 3918
6418 8441
474 5541
3407 4075
3880 6427
8595 1313
4029 5636
5549 8170
1687 4781
4406 1848
2869 8094
1310 4878
1034 4404
3557 6355
6325 352
7495 6770
502 1181
3491 9659
8551 3709
5659 1044
3922 3352
5911 9438
7432 2260
972 7319
2919 4454
8664 4904
9452 6643
4853 3708
6933 6014
3582 2303
3971 7075
4895 5843
1912 4100
8322 3367
3075 8641
3229 1301
7360 5426
1890 1758
2451 7221
1313 1502
4775 8674
2381 3700
7781 9131
1222 5060
639 65
4055 2481
4425 3173
7983 1840
4256 8037
1446 3508
5882 2858
5378 3286
3875 5324
9051 56
9638 4481
4792 3279
4733 5835
8140 476
5667 6204
9126 604
6703 1094
9952 6569
7858 2480
373 3263
1590 7265
6920 3177
2727 1366
1240 2970
4075 1167
3926 359
9595 7450
1368 3412
4367 5662
2263 3790
5576 594
6194 8812
3072 5236
5159 2133
7327 4772
7647 7674
6427 9274
1158 1492
9414 6256
3629 5289
9990 6158
2437 958
6766 5214
3229 8607
3976 737
2841 2016
2153 9637
2139 4890
9131 3985
5368 6473
4267 695
6097 1156
8174 7633
1187 1924
2481 7958
1234 3419
8641 132
465 8282
7646 245
9794 4522
6133 1272
3947 6454
1981 7129
3075 3907
7998 6214
8333 6536
2282 2156
5079 3368
3821 6338
3297 9343
1084 442
2884 7356
5690 7722
7522 1788
6354 455
643 7266
5036 9113
7107 712
8609 500
3617 6243
4736 8920
9036 3837
2545 5051
9638 7975
8559 339
1732 6012
5183 8488
3796 3285
4404 5766
2980 3892
2174 6971
4812 7595
6210 3620
7388 611
7327 3675
3080 2835
8733 7407
9376 4859
6200 7683
1804 5639
723 1463
7405 2359
6549 9996
6246 9461
6040 8654
2956 8553
885 4229
431 877
2939 273
1310 2721
2199 4633
390 3471
4984 6226
3134 2362
7001 5744
895 5400
5942 8009
6813 1621
6683 9717
1320 2731
9721 995
1913 8303
149 9727
5107 8775
7126 4243
7001 5153
3064 8275
2777 687
2869 6525
8476 7585
2866 9340
8859 3480
9504 1677
7986 4819
6014 7692
8641 8190
3384 1530
1547 2817
5498 152
40 6295
6055 809
2624 9524
6512 1864
2590 2455
7043 5777
9837 512
5051 3684
291 6795
3366 4410
1643 8852
4438 4981
1343 189
1687 578
8781 1519
7498 6631
4812 6083
2510 9263
6926 713
4786 389
5701 2213
1529 843
2805 6364
4853 1435
4098 9547
425 9230
3943 229
687 9075
4812 8615
5549 9455
4410 592
7958 60
346 2643
3895 4342
2817 7351
8711 3556
71 6034
1455 2180
2841 2692
839 6630
8679 3951
4760 2222
2289 727
8003 6640
5289 8589
2532 6589
9497 9795
2946 1541
8858 2215
1470 628
1479 9687
3424 3036
7750 3303
6175 3511
8491 116
594 4200
9436 9793
5374 3030
3857 8281
4469 6611
5835 7101
6742 1827
7055 2852
339 2277
3331 9322
5701 1522
5316 6134
2199 461
7922 9603
7767 655
8679 8998
229 3984
6432 6146
5111 1883
650 8364
3088 8317
993 3551
123 3180
4330 1338
1490 2053
1532 9
8858 5873
6569 3813
3746 6913
1362 7442
3271 3154
8732 2386
8975 1623
4398 5456
2805 9969
425 9439
352 2
3361 9050
4517 7317
8227 2524
2575 5362
4859 5222
1157 47
4246 4421
2567 4693
3985 4695
141 3244
214 8925
2553 963
3420 6868
5326 8106
6596 1293
2303 6614
8672 5062
9274 9698
8617 1624
9696 6484
3984 1841
5067 902
583 6434
2727 3763
1110 4845
8650 5711
572 6396
2756 6781
2465 6
2277 9565
8893 5805
7327 3482
3349 8468
8106 1207
3951 4195
9446 8197
9190 525
4524 8951
874 9410
3442 6821
6333 8843
3580 9677
6831 1782
1 9650
8037 5423
6123 8279
9987 6327
7451 645
8638 5890
8998 2394
4422 1646
2304 846
3208 6843
4602 8708
4945 5761
3620 4994
9388 1351
1720 631
2751 3196
1635 7019
397 2944
8689 8296
7653 5895
8708 3879
421 8814
1492 5936
2366 6033
2233 6279
6610 3525
1618 7837
3263 467
8438 5155
442 2084
6138 6803
1804 5194
4538 2355
7271 4970
5067 518
8607 2904
3563 1652
4430 3084
7084 7031
6407 2908
8984 2075
8773 1336
8278 1703
3708 1632
8363 1303
7955 4190
6736 9219
135 4018
2153 2034
7963 4842
4761 1258
3985 2110
8304 853
3473 3544
9722 4450
9650 1299
7137 7083
10 856
8948 9916
566 7655
5841 4184
4089 4663
9047 3554
8508 9803
3254 9158
5596 4877
4103 3108
5705 45
4827 7846
1552 6884
2933 8432
1153 9944
3947 96
9406 4640
9118 8178
8753 412
7509 6900
3510 4749
7450 1289
6520 6782
3209 7500
2970 2060
9185 6009
3868 1715
5956 4960
9916 3061
5423 2660
5201 5124
9870 3633
9847 8562
412 259
1281 2478
1558 7218
1572 776
3073 955
6795 8273
4712 94
6741 2485
9698 24
6781 5087
5640 4156
6312 9433
5816 6469
5 2929
690 664
428 5794
856 7057
8435 514
9029 4828
1377 2625
2480 7516
1643 6095
4775 6436
7060 4456
3734 3692
2277 7917
9793 4925
1233 7977
6812 3900
82 2679
1223 6891
245 1466
3746 6045
5064 7345
9076 4056
77 6417
3436 1751
4890 5108
1397 9145
5712 7638
217 6950
4522 7719
603 1808
1046 2186
1121 8921
4004 3569
1925 1581
541 215
9105 4619
1593 320
1377 3660
2012 2446
5911 661
9436 9958
9407 98
1848 8092
3419 1030
5990 6824
1301 7399
9444 692
4781 6840
5694 4518
3424 7664
594 445
1530 8153
8178 4441
9534 2150
3988 219
4815 4025
6019 4987
853 914
373 3223
3970 9250
9789 3397
9006 3571
1110 9024
9712 5144
9698 2640
6475 3596
1541 9566
982 2717
9905 531
2770 385
2186 5255
8928 2605
687 3883
5430 4793
982 6677
8162 8213
3617 848
5835 872
9717 4321
9322 6263
6456 4207
2180 6239
1883 540
9027 7517
2272 9836
5159 3444
7859 8061
4530 184
8617 4136
2381 1548
4068 5934
5888 6670
8920 5256
3030 3756
8984 4306
6549 21
3297 402
279 1266
8609 3958
6542 7616
1912 2377
1470 9453
1263 165
7585 7400
6456 1225
8227 9839
5201 5020
2566 5768
84 6709
2084 4213
431 51
7873 9178
3970 1029
4515 1950
4398 7936
7005 2334
5064 5122
474 4112
9712 5670
2850 5186
3221 7597
4156 7660
540 1686
4301 2078
2813 5386
9887 5334
2817 9734
3942 6493
3971 9146
6295 106
7108 2676
1652 8426
4081 361
218 3182
7977 5669
1864 8191
8178 4681
1864 3414
1552 9607
4538 38
4256 8740
9794 5411
1552 2610
692 9889
9734 43
4885 2506
6194 374
7799 6472
5616 6032
2610 1437
9847 6294
9944 419
9051 7473
3889 9805
1656 8782
874 5050
2831 3785
8190 5274
1030 5960
7064 5081
8785 8724
9659 8520
1847 1471
2532 2177
1396 301
6742 4944
6346 3774
9438 3053
9966 8186
4368 3172
308 2449
47 4557
1538 7454
3367 4238
2311 798
3096 3913
4267 5917
8662 5736
5596 4017
3596 121
6525 1204
9942 8791
672 1543
7131 533
525 644
8257 5501
4450 8602
2869 3250
7837 8953
9841 8116
6843 1871
1541 2572
9076 2350
8645 8604
6017 5608
1102 558
5352 6219
3798 6878
1299 684
5897 6370
6175 3851
7616 2806
2480 5158
4925 8866
1267 3839
6437 2429
2990 8494
7621 8530
6782 8841
2282 4971
8863 2600
7296 9948
2553 1244
4100 6222
9803 7496
7646 9484
1890 2517
184 3146
6670 5455
7495 6315
1625 2021
37 6030
3839 956
3913 3719
8690 4942
1641 1388
5222 4817
3450 2900
6831 9704
1156 8979
767 1844
4450 6510
8732 2412
6620 4499
2516 3583
4190 4167
4842 2889
4888 9567
1751 8085
4967 2803
1632 9152
235 7354
123 206
983 143
1282 6483
3763 2284
4261 1290
3856 5202
9298 6628
1680 9787
3532 5547
1923 7004
3744 4070
6927 1573
9340 8772
523 3674
9051 892
8466 620
3073 9481
9972 2483
1912 1060
8409 9294
9354 4053
1635 8356
6584 3969
1557 5978
5316 9951
5596 1191
3629 113
4713 9601
8690 5395
8650 4698
6595 5555
7075 2257
6514 5464
49 4963
5201 7299
5835 7347
2478 1769
8587 3960
1338 6849
339 8612
2350 802
4421 5361
3580 4006
5897 4192
5122 6281
8153 3882
445 1613
8177 3302
1477 8195
9801 7715
6063 1215
1721 8460
4698 9818
9728 3536
8725 2351
3803 4138
7706 1256
135 6745
364 7003
2074 881
1923 6462
3096 5967
5199 8933
1864 8954
4715 6471
5386 5490
6943 4431
8367 5047
2889 5461
9838 1381
1593 1966
6358 8802
3661 5248
1115 497
2271 7940
9131 3656
5344 3876
5129 5106
43 599
6926 5261
5895 6845
9324 2659
9768 5732
9079 8472
1608 4015
8209 2236
2601 3713
6051 3870
2128 3425
8962 4109
165 7736
9942 3685
8904 5254
7919 3378
8009 5682
6528 9021
4337 9121
1817 5259
9889 2520
5732 9941
9 4046
4581 2280
1643 5925
7922 9965
2310 4363
6572 3899
4015 8172
1623 5740
6631 3658
1879 5230
8589 1663
5 8651
5423 3481
84 7144
3684 8766
9286 6546
4015 4836
6333 39
8491 8262
2122 4673
9524 2101
1477 7503
9891 3220
1323 3877
7706 7128
5254 2796
2545 7839
2101 4920
2731 3979
7616 6513
5864 979
8948 7444
5339 8241
895 790
2136 3552
1117 6249
5841 7034
4206 560
6158 9639
2674 1835
5214 491
3349 997
7489 8463
417 5205
4517 716
7940 6276
8369 3662
1153 5648
8318 5622
2139 5239
892 2230
7802 1748
9369 122
49 7466
4698 70
8651 4113
9173 9678
361 9091
1208 1589
8904 5295
1774 6189
2813 1597
2321 6401
3824 7355
9837 1512
7466 3346
9958 7387
9969 104
6682 1296
8435 5664
2303 7362
9722 1451
6427 3890
7168 394
6194 6541
21 3996
8476 8575
1643 8498
3297 4988
7655 118
6512 4145
277 7268
5690 913
7487 5234
3251 7143
1352 8697
3030 2733
1950 4095
1861 1807
7003 3162
5384 9373
7387 878
890 1232
5555 4535
7955 9881
4301 1226
2763 7623
1613 4329
6675 8550
746 7311
1323 866
3680 7836
8140 3615
4600 3085
315 6594
2731 6874
9106 126
2321 7164
1336 1653
9022 4260
5236 832
6835 705
47 6090
6670 2596
6318 6416
4018 7096
8170 6010
4220 5438
84 3483
4469 8264
5368 1747
9905 4964
3837 7944
7660 1049
12 4531
9461 7159
6190 1043
2381 2753
75 3461
8050 4782
8040 1850
7692 3665
5742 2148
6380 4616
5864 57
2282 9824
4736 2630
4949 2740
4731 242
76 5731
7636 1960
453 3089
3884 6701
5028 7214
1632 416
4297 1977
2749 3380
8488 2134
1116 6918
6874 7013
9099 8937
4772 6626
6315 2079
4538 8302
3850 1985
347 1626
8563 8080
8638 6944
4193 1945
9230 5760
3551 7617
8037 9116
2532 7730
2307 6504
7495 694
5130 7053
1924 3953
4563 205
5744 2371
5925 5916
7473 3550
4499 8013
9849 1286
7180 490
9504 1735
997 1448
1883 3642
5236 2971
4310 2597
3692 4420
7450 6960
2138 5756
4145 7100
7867 7027
2377 3805
5596 3981
3769 3386
1817 4343
4306 1584
3053 6360
5261 4
6281 5242
1665 8947
7177 6760
1682 7970
1110 7886
783 88
7977 4097
8773 27
8951 646
5662 8051
380 8964
1293 5696
2796 2760
8717 3295
9681 3012
2082 9915
5888 5397
7771 9391
3471 452
8127 3687
8549 4139
4321 7212
6223 3496
5391 4477
3643 5318
1384 9360
2980 7066
1452 4102
6834 8739
1156 3490
2110 2641
8984 5406
9677 1860
389 34
3665 1021
3208 5923
8094 7574
8937 1371
4693 1127
5696 5649
772 9660
5326 7033
3609 7145
6194 6603
3662 9867
9948 2092
1071 6857
183 2730
3633 9729
1226 5099
3875 1796
3892 9892
8018 117
3557 6376
205 1392
9250 7712
6434 5782
96 8490
4912 6783
3348 1332
4207 6895
5690 1938
9391 1778
8837 8152
1034 3260
6760 976
708 2747
1187 8104
3005 582
4181 8916
9304 5432
5495 5133
2753 2460
390 5685
2630 4437
7489 8971
2215 9658
4407 6268
3172 6888
9630 3602
3491 9177
9286 7630
4097 1048
8190 7099
6386 6058
3615 6523
7612 1185
1618 576
9847 9225
6857 3239
4464 7318
2151 1866
8651 2902
7242 2897
2933 7518
2625 4571
4522 6816
8916 8521
8679 1520
5243 7895
425 991
5936 9954
1541 3299
1184 8287
4535 1713
2180 8259
3660 9205
1676 9506
9729 4024
1713 204
6589 1383
5756 5065
8432 4104
3349 2789
5897 6579
767 5998
2436 7734
6620 9174
6614 5365
4595 2743
5406 2539
5316 81
712 4679
6354 9486
6683 9413
7001 8682
6181 4753
455 3671
4734 7413
3970 7862
7432 8941
1384 8069
664 9708
9439 2314
317 1197
7113 9134
4051 5257
4404 4380
5183 7818
1655 4810
1094 3502
7432 8032
7170 5118
1490 4704
1439 2171
2506 2096
3085 9082
5289 9833
150 1348
189 9330
9177 831
2660 7737
3824 9682
9801 7703
9424 2290
2676 7882
4261 9338
5414 916
7265 3707
1049 7668
8947 4262
8624 9387
3053 8790
452 7464
6742 6859
8814 290
2218 1633
3550 2709
5911 3589
2068 5818
2341 1894
6294 8625
978 4474
9108 4378
1674 8938
7475 5313
1616 2653
4636 1328
9079 2422
531 931
8843 2546
2506 1403
9980 1374
1233 2656
5979 9784
9231 4908
4425 2123
3146 1361
6612 489
4772 3649
5098 2026
9131 1346
8438 2049
6888 2420
8435 3995
7836 3512
1973 7139
9019 324
416 2331
8449 9599
1566 8649
3890 9140
3884 2445
8994 6391
376 7773
3525 9780
2611 9325
5395 984
9158 4806
4600 3560
3857 4372
9951 7000
5709 1235
531 448
7881 6324
5303 131
5655 5989
2218 5725
8303 7446
7778 3116
9430 9500
1677 8555
5432 6712
2873 2847
6944 2007
774 6802
2737 7997
6628 9591
4506 9038
703 1017
5570 2924
5890 8370
3480 804
5779 8176
1882 7443
4793 5787
5499 5304
1754 3434
359 6091
3036 307
7999 9289
6970 2551
2233 1857
6471 7486
5199 629
3162 5120
8617 334
4420 9804
6764 9613
2904 1155
2641 378
4648 4439
1592 9957
7287 2178
9290 3410
7740 7295
2044 6265
7053 7795
5281 6015
8921 2414
1788 9544
8706 8062
2366 3991
5716 7622
6571 6862
4190 153
1538 1305
1858 8734
5564 2519
8791 944
2768 799
7475 9570
5950 8421
1750 4283
1953 7536
1633 8380
4952 7488
9889 4709
1847 7325
8361 5140
8417 2093
2478 994
5259 5024
4164 887
1442 4582
6091 6406
6920 8631
1495 2249
4506 841
1937 1032
832 8194
4193 7480
7680 1279
9870 596
1608 9828
388 6827
8369 2977
8445 8511
7617 5251
4340 6329
8638 4126
1814 1946
7268 1335
1223 6732
4229 6476
9734 6088
9444 3787
5777 1308
1157 8991
2331 9730
3572 6650
9818 5688
4087 8807
6920 3094
3765 5969
3390 4415
2136 3160
3254 9115
274 3235
9828 883
4791 5338
2908 422
8953 4608
3483 3593
5711 8208
4575 9009
8957 9191
2480 1574
2545 6169
8140 5389
4582 1507
5655 2493
8199 7278
373 7086
8672 8043
8490 5138
7784 4777
9601 6642
8690 87
7454 4186
9380 5587
4420 5527
9432 7201
2449 7960
65 4436
1188 527
4421 4872
3855 9782
6358 5654
5973 3050
5374 4166
7400 6108
4640 2479
8281 4295
1226 1297
5664 7813
9407 9888
5374 9473
1492 3513
851 5300
8322 8949
497 4159
349 7292
94 6132
4278 1587
1676 9211
75 3185
1515 8102
9108 9538
4575 977
8380 6369
1362 8496
2034 3422
614 3103
4342 5448
4952 2986
7900 6266
4888 7598
8437 6621
8587 7240
1310 1549
5099 5561
5654 7497
5834 3237
7137 3139
3386 9375
5087 375
8612 3387
2356 2549
1492 6139
9892 517
8928 6680
4278 2867
9973 7235
2660 9223
2897 6349
899 7607
5663 5483
15 1685
1774 9037
2321 5282
4847 1183
1349 2523
4186 1487
5378 5826
2272 6673
594 1893
8043 5353
7057 9112
7555 7222
9923 8902
3821 8295
5761 451
7719 8890
8435 1884
7456 1629
1475 3792
5956 2952
5818 3695
5339 2632
3556 6205
611 3117
9373 5753
2140 9119
6878 6666
1866 3052
3979 7716
2740 750
8852 3534
3734 8506
980 3698
6888 9688
8638 658
1754 6655
3160 4747
3251 765
8810 7624
4378 5343
1463 764
684 7643
7496 2120
9027 7046
8520 1423
3805 5565
8304 6460
259 3309
5490 762
9115 8254
3583 7530
5824 552
9179 8335
9915 1488
38 2146
6642 7666
3643 7993
1636 3090
9570 5638
2692 4551
8445 5629
5300 1726
7722 7194
2763 7036
8291 4838
2698 3906
5295 904
2356 8720
8317 9901
3832 5442
2649 4750
467 7239
1420 8917
1432 3171
24 2677
783 1202
5202 6348
188 7752
8843 3955
8356 1465
8611 5195
3551 7976
3883 1562
6417 7804
2128 4162
7895 9918
1423 9706
3709 3758
1118 1486
5546 7806
7598 2651
4266 5875
1452 5733
3541 1815
2331 89
4056 711
2355 1276
7836 2735
4562 6392
442 7372
5684 2941
6034 7274
6370 7553
5261 5562
6355 8120
6392 1125
9192 4171
2549 2188
5065 1257
7429 6430
378 1237
4998 3439
8859 3006
8873 9292
2075 4433
9772 8453
7129 6245
2044 3246
3805 4157
2889 9877
1310 5139
6745 3138
1759 8268
3235 2922
1234 7427
8904 7650
7723 2157
983 4149
8810 5085
3544 1967
6094 5784
7351 623
1420 5847
8954 8862
7882 5735
6138 335
998 1247
1613 9342
3531 6576
9446 6114
7442 9649
5401 1018
5400 8560
5999 8855
6090 648
4538 6186
2624 8144
9193 1571
3958 3706
5036 6022
699 4632
9480 3435
7319 1059
5725 7779
8182 8039
7159 3151
452 343
8890 7747
3385 168
2597 3255
8720 627
6754 1028
7362 4624
9119 8786
8931 9929
3550 8833
4055 2637
5 9604
4210 1450
6434 2253
2007 7076
3361 5679
2732 797
6603 1908
6315 882
1912 7422
4984 6216
675 2812
1127 3587
5742 4841
1835 9632
1297 9537
8139 5650
3073 4863
6937 2228
112 5947
7034 5751
4300 7416
5732 1609
7487 6555
9649 9927
3665 3003
171 8343
7637 5369
7400 6890
6868 50
6523 5581
5639 3887
8152 621
7131 8306
2811 1901
2153 7182
3569 2595
4885 8010
7962 5457
7931 4282
4806 9426
4966 479
171 9416
7664 3573
6460 771
6584 7982
2707 9033
3366 5478
7846 239
6528 3101
3368 755
9006 4613
5650 1445
7066 1918
9105 9540
1991 2402
8363 4507
8182 1660
4608 7685
8598 1203
2900 8798
8931 3896
5271 5029
3244 8854
5499 4208
7900 5154
6216 2793
2249 101
1845 5229
8363 2599
1598 5273
3804 5407
3414 3280
5022 9791
596 3499
3157 7614
6745 6801
8691 8613
5650 7065
7530 2345
9881 185
9782 511
8506 9917
6315 6575
9431 2286
1857 9896
6827 7964
1646 1718
1402 162
1971 1218
2597 6668
6276 9576
4734 2619
6204 2397
1279 1138
2783 8748
5718 4090
1923 3637
8775 3833
7612 9741
4557 7261
242 287
1030 8481
4104 1064
9744 2054
8559 3472
363 5590
6959 1920
9704 9605
5934 2450
7977 8990
3868 1896
9547 6533
9504 250
3918 2464
4595 1887
9219 4389
997 1040
1742 2011
6063 775
6542 3233
3644 3107
2405 593
855 7866
5570 2878
9805 7122
4087 7652
1595 7907
8050 6723
7993 7570
7143 1648
8448 5677
1602 725
6541 5299
49 1325
7752 5450
1257 2232
4640 2638
8617 5451
5259 7219
5118 238
4890 8770
6564 5637
2949 8499
1371 3998
8862 1905
448 5163
8941 1969
3918 4909
2777 1056
2908 3293
3271 9297
3649 7834
5973 3646
7128 4687
2659 8685
9997 4432
5615 3983
847 9985
4772 3761
6189 7321
113 9759
3908 3153
6088 3528
132 1093
9534 671
2134 735
5384 1164
7388 5930
1340 5697
9736 9984
3365 2853
7065 7800
9701 8387
9576 3449
8508 2593
9839 9333
5546 6681
8862 8533
7778 8698
8426 9276
5738 2669
3380 1787
7347 3546
1282 3440
4256 1777
9057 2064
482 5624
9357 9188
3006 7693
9228 5232
4842 610
2049 2168
5337 2046
6776 4718
9696 6851
6198 5780
2122 9832
6578 8646
87 9281
3256 5034
6888 9085
6523 7195
6264 2427
6469 8436
6295 7390
6620 9573
6091 9926
1538 8433
8034 524
315 7891
3385 9587
5391 1426
9108 9898
7536 5046
218 710
3139 5123
7517 5786
1451 4864
5064 2248
649 1517
3172 1679
6655 3507
2698 3265
3560 436
6572 2100
3980 7888
5667 1506
3449 6734
8506 9218
9892 747
8781 562
2485 4818
611 4043
5596 4525
6834 9947
5771 4724
3556 5550
6734 3147
1117 4671
6 2634
5200 2849
6418 3055
9973 7776
945 9998
1674 4649
4718 7848
702 8103
168 9779
9782 5943
1375 161
9607 6342
1533 8150
6014 1194
5079 1733
9241 5949
2120 2144
2517 9398
3551 9067
4673 4312
6544 1854
8433 9217
2255 8988
3803 1658
9701 7557
3707 5037
1717 7135
5816 2498
7916 8718
2228 1149
6369 4359
8971 8108
1403 3477
5316 6208
153 159
5188 8835
2847 1768
9587 5479
214 3625
7194 4740
8155 4298
7778 7230
9395 4532
1286 6716
5514 2943
877 6532
99 9692
6943 8666
2339 2287
488 9938
135 9668
645 2430
7102 8297
4006 4808
8917 3470
8708 6710
2068 1304
5386 4905
5434 3371
9254 6137
846 2497
7585 3479
2651 8352
549 1364
1687 770
5969 8089
655 5867
8589 6328
6266 6102
7682 7798
9803 1415
1272 406
3361 561
3297 9582
4535 9853
9649 7455
7804 1085
6376 2883
98 8908
583 2333
1946 8571
6611 5673
8553 642
2110 2159
346 5177
7169 1921
5384 7868
1684 4894
3724 5859
5636 7104
8665 8141
2414 6619
7319 5465
8437 6586
3812 9761
8631 7688
2743 2330
8468 9149
4464 8493
5576 4478
7595 3327
2793 1386
8409 2424
1506 3559
6913 8122
783 9855
45 262
7076 4884
5281 919
672 2742
9376 6894
7386 9875
3160 407
7266 6947
5949 9628
1167 7415
1656 409
7752 3977
904 9165
2310 4647
8506 3234
9630 243
4192 5286
3284 7880
4097 5788
1587 9812
7962 1317
982 7433
6884 8552
6825 2283
9433 368
9439 3779
4168 4292
8720 6377
7986 4264
8013 835
1017 6459
5451 8210
4499 1813
5034 2629
5738 6011
4053 526
3477 4935
1541 9963
762 3745
2394 5104
3569 8606
8176 258
6610 5900
2528 9939
4097 9866
5664 6800
6383 6240
1046 4060
2643 4403
7834 2391
2419 7989
5232 9232
8290 4824
9700 4692
9254 9517
4888 3564
6595 2246
1695 8727
6369 6415
2805 2654
2611 7954
8166 3517
7936 4683
3582 5004
4526 6881
5824 362
7151 7358
7444 7878
285 9844
6328 906
1730 4230
803 1992
6579 5951
4060 3874
6851 7431
4 719
1452 4291
8916 2312
10 2258
1960 2459
9118 2043
892 4327
6595 638
9432 908
4266 9318
5384 4643
835 7581
5786 1509
4838 2877
699 2868
1787 7280
3491 441
4283 4040
5255 176
8191 6863
3467 9539
1323 11
5050 382
5873 3595
4139 2137
3439 5312
1098 8527
3412 1563
8150 5298
1204 3817
3528 2458
624 1132
3302 5039
5464 2739
843 4239
4502 1898
9184 749
65 3791
4724 2490
1019 9808
5022 5855
2144 6410
5352 1211
5438 4860
1676 353
6138 2993
9118 3869
8441 2965
8595 1154
7672 1152
4740 1962
3761 7410
4 7119
724 8997
6133 7521
2359 2890
3251 6413
4295 3504
6620 10000
2139 7707
4964 6906
4971 6326
3593 5877
908 9074
6771 1201
7878 9709
1907 9553
8337 3351
8724 3545
2331 6991
9973 6729
37 7307
3424 520
3812 6590
3016 6765
4663 302
4648 3901
523 7209
865 1988
8571 1583
4378 5192
9980 2861
7055 7728
7034 8688
5460 947
899 227
5196 894
8917 5774
7954 4990
7977 2573
4531 5260
7452 1588
4600 8251
7561 926
9375 2840
5888 8656
5236 1874
4600 3334
4239 8906
4990 2212
9297 2526
7034 8695
5288 8678
9209 5811
4792 6165
9217 743
9833 2668
837 7028
8174 7339
8951 5671
6204 9823
7762 5634
143 777
6462 2513
8782 6258
9369 7684
9867 5056
9687 8584
1717 9025
8617 6271
4777 9257
5104 6028
4043 1926
8733 1704
1629 7589
6920 9530
6771 7618
6186 2561
4288 4771
3116 2447
3327 9495
6134 7770
238 9995
364 1090
5496 6833
4029 6552
2849 5000
6630 5481
628 163
3255 8703
6354 9316
4535 7669
6012 7582
3440 5589
8126 6398
5663 9800
7612 4723
9638 5014
2739 3799
1225 3010
837 3866
4967 3514
2649 260
9263 3120
4301 9162
5590 2790
6843 8148
3580 8044
5028 3576
9896 3081
7350 5984
1991 2745
7616 4726
7669 1409
4679 2527
9515 1987
1884 6733
1785 2191
1212 399
388 2702
9165 4505
2572 3682
343 5492
1866 9819
945 5681
5956 8829
1437 605
4695 732
3208 1556
5739 4950
473 3245
5900 2152
7473 3282
3620 408
6057 862
8280 9750
2858 6953
2630 9796
9517 3391
759 5092
2768 9654
3563 5621
5725 2141
1217 9863
5140 7123
1887 1140
99 8355
4112 1180
7135 1174
7154 3207
6682 164
3064 7520
1086 1238
6741 8825
6520 5836
3546 7855
6361 2317
1541 7541
2322 680
346 2788
8613 3166
1313 7746
5391 3897
3512 6185
3380 9244
8570 8792
8951 7632
7160 8168
652 8378
8785 4609
6189 6951
8403 5112
9428 1915
5895 8473
2218 8881
9380 3497
8018 2173
3245 2107
1969 4927
9123 5211
428 8969
3970 7959
1544 4891
3182 933
1641 714
2234 1312
7778 423
7294 4536
9800 2097
5234 4953
3744 7277
6146 3586
3569 1504
3483 2418
8944 915
1470 6409
3698 6768
6181 2448
7456 5253
7028 9133
8672 1524
1307 4858
8116 9014
2355 326
1034 3690
5377 8582
4927 5250
6472 6106
7209 195
2144 4323
1222 3523
7278 9238
1407 8819
9863 4642
8933 1888
5911 3929
5875 3676
39 9890
3412 4521
9311 3437
8791 8339
1442 3954
5581 3863
1129 2094
9997 4400
9433 7913
2506 3867
9823 1146
101 6530
3868 6362
8852 8585
8126 7193
618 1339
1086 4118
4415 6183
8650 9054
2835 8545
2929 6969
7407 1250
2132 2554
8763 8898
6057 1647
1663 484
1343 8397
6318 673
4177 5484
6546 9204
1019 6141
373 3846
4971 9234
6134 1037
7771 5668
9887 3137
4371 868
149 1193
1407 9903
4168 2937
1235 6035
6927 1831
9218 9976
3595 2534
5886 9421
5386 575
6439 4555
3976 7340
3499 5418
6765 1620
2662 1309
6295 6889
4860 1089
2246 6352
7944 6121
1193 1072
2751 2766
8671 5350
7952 6419
5942 7713
9224 4124
6190 2118
3735 3465
9121 9904
6666 6480
719 5146
8445 6170
8699 6001
9681 4921
96 1280
1225 3187
8141 2543
8119 8660
563 8922
8253 3023
7799 496
8904 7016
3479 569
4306 7366
6240 2124
5677 3059
8606 2432
1442 1003
1647 1903
2669 6550
611 3070
1685 2518
1446 1472
2171 9202
7804 6211
428 4587
2980 4811
1977 3123
4818 5842
8466 201
6845 5719
3839 4263
750 5058
3572 5206
9205 8261
4000 9945
2460 4319
5313 9409
3177 7077
1403 3306
8392 2722
9855 8738
204 8826
1383 7044
4864 6726
6244 1604
2063 4154
2724 7902
3271 2239
7998 9332
3309 5695
1677 7850
6376 9460
7664 1270
2656 4618
4967 6678
1807 1467
8627 9672
1094 8300
4624 356
4525 7505
8951 7826
5464 9059
1938 4083
5522 8311
490 420
6594 9869
9799 4120
291 5310
7099 5466
6276 1816
7707 9153
6185 2062
3851 5240
1208 2696
8208 6566
3016 4954
5465 8760
8859 7471
6894 9840
5049 2891
3233 1300
6415 7118
3554 6285
9368 53
2144 9296
2339 4201
1573 5132
9887 3820
9228 1516
3054 6721
6354 6511
9360 340
631 4903
4017 2658
9115 8517
6080 5048
1519 134
5650 6820
5232 7673
627 3083
1446 384
5202 7845
8209 6593
4878 5698
8604 3112
3951 1126
3420 1459
185 1965
9795 4887
4329 4702
4909 7237
7955 5588
2082 2915
3386 8267
4398 8233
3450 9611
883 7745
9485 6149
8627 6449
4017 1692
2731 5168
562 2921
5387 3317
4040 7711
1516 8940
2847 3831
9391 9572
7530 8524
8563 1944
399 7791
6439 780
3245 6309
4630 7421
482 7403
9942 5329
2506 3341
2599 438
8953 7953
7317 4620
3483 1821
4109 439
5109 9635
5272 1767
5786 9897
6834 9000
6200 3659
3471 1057
6927 9676
6944 9362
1212 3501
9604 9899
7888 2923
7000 820
1474 9597
7850 6537
4267 3944
412 105
9232 1610
1317 4604
3444 2568
8300 8007
6473 2030
6531 9814
5615 9411
8276 2112
540 6160
7859 7648
997 9655
7530 8755
6494 5150
9706 275
1146 3492
9759 4054
7501 8033
8725 918
7294 1124
8584 9614
9945 9435
2095 8428
8417 704
1102 1904
831 6719
4673 4617
3903 2961
4915 9197
7746 1372
868 8002
2593 3500
6009 9615
5062 4809
1747 6117
1632 1398
9838 2367
1544 1614
9540 2240
1066 8657
9808 2344
8128 683
6549 6388
9461 9580
4604 1141
7361 2785
1094 2710
972 2098
5694 1177
3492 246
6808 1025
161 9843
3171 5449
2449 9100
1435 5100
4436 1889
2785 1413
5060 5173
1301 6652
5243 985
2883 6662
4994 2324
6586 3574
9847 4452
1212 5247
6745 3296
2449 8319
6913 9491
186 6837
2333 3163
6367 6199
8649 415
1465 6565
1635 4235
6432 6104
7668 3432
2173 4729
1971 3017
6621 2376
881 180
380 3318
8241 761
5200 2205
4270 7807
8317 7610
3698 7032
944 7397
7544 6487
8134 6587
1589 6136
7680 1053
6613 2409
7839 2871
8695 6811
3413 2268
7866 7829
98 108
6687 8993
3180 5162
3260 6229
1234 67
8441 5885
3010 306
6579 6225
6386 6262
8279 8632
2692 8446
1392 4392
6678 5926
9839 2688
5733 7383
3107 8250
3573 7760
5731 3389
3909 6111
8732 9352
5654 2466
2625 4209
4921 3150
8195 6018
9692 4240
1386 8130
7056 6638
6810 6914
4407 241
8672 2894
8338 8675
8519 9971
6733 7876
5326 6879
4839 5190
5003 2407
109 4286
70 4902
8421 8934
6392 8385
3908 6253
7871 7285
2906 8444
5190 557
6837 2194
1800 7367
8304 6488
2567 9086
7707 5402
540 1662
3407 8479
569 1453
131 1443
7195 6105
2465 7213
104 5333
473 5217
8524 8073
6186 1145
4970 4035
3177 8401
1392 668
7660 3623
1451 5776
7755 4694
6640 3216
4278 6836
5779 3447
4891 1527
8241 2550
9639 9350
4600 3681
5960 5869
8176 3314
5460 1956
5206 480
2280 2570
8106 7772
9387 2262
7064 9663
3998 6667
1296 9498
6493 4197
2155 4798
3990 3144
8644 2508
9074 9911
6149 1605
4300 233
6157 5459
2043 9746
3709 79
9416 3243
4521 7245
532 3457
1089 1444
8711 3919
2643 9425
3371 2023
3501 1776
8689 9129
5581 9186
8938 8475
1777 6350
3676 2996
5550 6202
1225 4387
402 1220
8847 1963
7669 8714
5255 1412
4624 5057
8034 7705
3629 3294
5709 446
6409 3140
862 811
4771 8874
8441 1239
5774 7990
885 2227
982 4746
2696 7048
3177 2308
3980 9845
4229 619
3187 9992
7354 2241
2141 7011
4954 4231
7473 1561
2462 6896
5634 2088
3229 2505
1021 5630
3787 1936
8863 1659
2105 4660
7643 3657
7028 9132
6090 7639
6820 8391
5960 1954
6923 7264
3317 5918
7868 2664
382 2804
938 3345
9941 5437
1276 92
9804 5607
7622 1801
9587 8344
3749 2684
5474 5574
2445 4453
6930 6135
9241 1302
3298 4348
7584 8107
5282 6838
9250 2332
3633 8115
7448 2829
4415 9262
4087 4799
6532 228
2760 3818
791 8822
1827 6699
2931 7790
6549 4375
8937 5729
2619 8354
3390 1501
8695 1773
7043 237
5638 8756
5260 7988
594 3788
2332 8159
5989 3864
9844 3093
1800 5519
809 357
6889 7401
6314 1083
3302 466
6914 8683
3525 8832
968 4001
4934 3577
2310 9258
423 6627
8174 8079
2402 795
3889 581
455 2453
3348 3241
1451 6654
9025 6597
3306 366
9480 2645
1919 5422
3197 7232
6117 4141
8297 2642
3552 4146
1629 5845
8127 6168
326 1770
3235 9946
9944 6616
6326 1744
9368 6064
9926 5908
2804 93
7804 6746
2649 1582
8163 2592
8174 111
809 2666
1520 3308
6377 7911
1452 9092
1718 7851
1627 6674
4949 9848
5154 8996
9938 2167
4207 9003
8537 5301
186 7184
4908 7840
9990 2335
3477 1418
4415 5302
4238 7165
4718 4045
9951 8536
7911 785
407 4938
3864 8014
9744 2843
4506 9280
7092 8111
356 579
89 7794
3089 5399
397 626
6281 6492
6640 1074
3221 4140
3884 369
2866 4601
7880 1246
5301 7067
3414 1106
6930 7227
2481 296
2191 256
672 4739
4337 5812
3557 6050
1084 8793
2855 4816
2950 8737
9759 8381
4227 3383
3280 2038
1398 6577
552 7635
5638 2435
6512 9227
8162 2918
1346 8230
461 6622
582 3535
6810 7742
6001 900
2163 1421
9915 6287
1562 9383
2098 1168
9304 7506
3209 5968
1180 3459
2368 3119
3684 3952
6953 9528
4054 207
1501 5398
1479 4732
4239 1669
2093 7700
112 3598
2178 8459
7895 1000
4587 9715
5840 6269
79 7021
3536 863
984 23
9067 2613
9234 1394
8994 6639
6878 7080
7373 8019
2921 5285
3063 3618
7705 4686
6329 7554
2922 7058
9132 4528
2732 4992
364 5252
7004 676
6514 1832
1992 2582
1086 1101
7266 3484
6009 1500
9292 7457
7621 3311
6896 9536
7993 786
7454 8167
4209 5429
7940 4708
2915 7205
93 4302
2120 5827
7953 3543
4507 3940
8094 2968
165 4674
9945 6320
5302 499
7046 539
7662 208
1086 825
6391 7843
9889 9285
735 3037
892 8896
2532 2058
2731 5063
9173 1927
9362 2404
4159 2217
8549 2725
402 7200
2986 758
7747 4338
7890 8883
1583 8856
9611 9935
1901 8042
1201 4354
2213 8701
1312 852
9409 61
8032 6193
2054 1359
5740 9584
9649 2500
6161 6173
7133 7573
1908 9802
8304 5572
6514 4414
5561 404
9283 7765
2553 5644
9081 2994
2549 8576
2526 1476
232 169
6971 5462
4465 9493
2120 2024
250 2665
9362 6313
1991 4082
2526 8661
7265 3046
1247 3029
1805 4394
3644 7020
1882 4669
944 8800
8166 5887
7362 6788
3265 3920
2699 9442
2480 7789
7837 2025
852 3825
8524 5563
39 543
6492 4479
6605 4788
9010 4223
1445 709
6575 5306
8194 1869
3293 794
8553 7531
3846 9737
1754 1252
9668 829
1555 5830
5377 1275
4103 9356
8651 5915
8573 3077
6239 6787
4709 7539
7936 1932
2174 850
8304 6297
7104 2713
6639 6236
9165 200
7028 4233
5624 2004
3758 4033
2307 7288
1280 5722
6889 4276
2730 5008
2191 4716
3536 1765
8571 2842
5890 360
9383 136
3261 598
9116 565
3892 5778
7561 3542
3483 7018
9095 6529
5934 9069
5522 7754
5135 398
5133 6588
9677 1109
8988 4829
2241 617
852 5851
6890 332
1226 6339
9413 9921
4631 7525
3609 9098
8264 1031
3690 5507
8197 3539
745 3324
3120 495
2676 7198
7771 510
4609 8818
3756 3128
8708 733
2418 5754
6512 1689
5877 3888
5286 6912
4089 9110
2163 7414
1721 6455
1212 4929
2075 4831
1366 8377
8280 5044
4269 4341
596 3566
6364 9448
4746 4516
397 2313
4404 3188
8832 602
8003 4699
3786 2291
184 1911
771 8987
8167 7181
2915 7023
7888 2059
4683 7587
1665 8465
412 8667
3280 7512
273 3111
5596 7523
2112 261
4731 9831
4640 8911
1368 788
2545 1534
2994 8097
3685 7220
5022 7163
3175 440
4321 8345
4739 1065
2727 9102
423 1314
6603 8083
514 5444
6533 1042
9495 2794
159 2190
7012 528
9965 9122
4341 6096
6884 4614
772 1528
2727 8809
7018 7453
6951 1329
4422 1642
1804 1810
747 7605
3981 3881
4877 3710
1937 9501
6823 6856
4683 830
1533 7029
2731 2005
2480 1940
160 4417
7913 6502
8675 247
1102 2514
8432 971
5587 494
7595 9762
3197 6922
863 2762
3060 7675
6137 7508
3436 5772
3745 7370
9791 7073
6141 3475
7773 7323
3779 3132
3378 7412
5621 2077
4154 4307
1144 4155
6051 2682
9281 4355
9102 6938
8825 4592
9329 5379
7107 3752
7340 2822
258 4305
2265 9816
3674 815
5434 1269
3005 1291
1919 3170
5689 6607
8679 8558
4687 2472
7581 6142
5031 7270
6927 8017
3984 3808
3803 5078
2852 7306
1592 3488
3170 1081
759 5515
408 9004
1299 9071
646 8374
5313 4117
3361 7918
8987 6321
2303 8801
692 253
687 8918
1774 1284
3880 6162
3386 9030
1361 2390
247 5127
1130 1895
8416 3342
624 504
3984 1693
8791 530
4750 1984
6838 2456
9485 4468
1899 7038
7900 8531
6203 5946
9957 8109
7570 2032
8355 5296
4793 2644
4847 4445
2167 1601
9780 1395
1423 4917
6502 3966
9501 8011
7818 1051
1270 8471
3279 8467
2763 7914
672 3195
7423 1067
3057 4552
5163 8424
3197 2588
9109 3965
2582 871
5527 6405
5680 3252
8010 609
1973 4424
2812 4689
9182 4470
3703 173
4606 3126
2957 9546
9455 4303
1544 9571
8881 3519
2783 3027
6586 3099
8403 6705
5826 1482
5960 5578
6666 2069
639 3363
9461 7481
1495 7870
5495 6112
7729 6220
495 9968
1992 4214
6803 4804
6239 2237
5550 6689
373 1999
8656 6066
3907 9928
7073 7969
728 2300
6896 1714
8003 4142
6123 911
9461 1283
9615 4134
8925 9821
7325 7951
7104 8943
5193 5813
1522 3423
3016 8419
5058 265
9791 4879
6366 72
8104 3967
981 7342
725 5874
200 6381
6398 534
8352 4350
7270 6792
9016 3670
1896 2325
1094 2293
4336 2808
473 336
3920 5428
464 1341
1920 4176
8300 2411
2167 8746
1927 5521
1057 4032
8038 2926
7339 2784
6455 4757
1146 8075
6532 6964
1662 7842
5751 9543
5203 8123
8675 5714
565 9363
6616 7328
2351 181
9571 282
5836 9215
2032 4121
2656 4513
6538 5322
6927 6892
4815 7089
8792 4325
3013 6955
7681 2734
6266 7462
3347 7920
5547 6908
5942 2440
6106 1886
851 637
749 6688
5696 97
4643 2306
7612 1120
2437 4728
4276 7176
5887 722
4630 7106
8174 4835
1301 3847
9759 8710
6742 5704
5397 6027
2524 7783
9375 674
5226 9767
1156 8366
2330 4314
4060 4335
9304 8489
9027 4072
1016 8110
1185 4487
4465 3916
4986 6317
1095 5500
5538 3854
2505 7774
6537 1171
2737 472
5719 1822
7802 365
1286 3973
9202 9913
629 7103
8725 5790
7342 151
2053 9269
2377 202
6214 3978
9350 7437
6454 957
8737 8722
9036 1298
1122 7377
768 7676
465 7538
983 231
9730 5357
9524 1216
4410 9820
6530 6497
6134 6966
8182 8547
5978 6330
3260 2800
1474 838
6210 4514
5746 4931
5448 6037
4887 8930
9445 5052
6475 6489
4929 8784
3414 3632
2508 8027
7457 7590
3701 4491
4839 9873
4614 917
2595 3605
9728 5610
9677 4540
722 9743
374 6917
67 5891
2020 7817
8152 7260
5913 3822
5028 5443
8476 1995
4341 7511
9867 3281
5667 31
5020 4179
5522 1828
2776 4570
8814 8396
8555 255
8007 1892
6719 7173
61 2229
5064 8394
1413 8745
3615 4077
1282 9991
7369 7157
215 1105
6216 3716
2649 7435
5006 5488
3182 3392
8725 2349
3346 8284
1019 4558
1940 4589
4473 6347
4171 7380
4581 7152
3450 462
1311 7267
1239 8184
2737 3219
3908 7563
2684 5097
683 4074
4149 1708
3344 3614
5659 4789
1636 7627
1120 4252
2669 1949
366 7928
9953 7699
887 5178
5060 1539
1288 8346
9799 2434
954 6296
7517 3136
9708 4691
6771 6288
4789 4690
3586 288
1519 4770
7056 4706
9701 4188
1141 1100
9379 2562
708 8912
6878 4539
9440 5393
2268 4027
5888 7893
6103 9745
1077 1170
4421 4411
3814 3105
3153 6814
6792 9852
4279 988
2432 507
3645 8767
7574 4236
765 3404
4953 8774
9332 7112
2233 6713
4090 8423
1093 9282
868 7305
6927 4680
1144 3476
2655 2697
6736 9545
9054 8824
2596 2909
7840 18
4592 5927
7996 4639
9209 2967
5535 5529
1920 8179
1032 3429
6532 4916
8250 5879
8034 3394
4004 3742
8884 7620
6045 1265
1188 6524
8987 1934
4407 9293
3439 7394
5240 8087
5122 731
390 754
7108 3842
173 8741
4114 893
9971 4906
4406 9137
872 3950
5999 2819
7676 5986
8974 5591
3303 3773
5098 3218
6951 7854
8560 1199
883 9739
1421 6832
9996 4244
6566 5213
3075 6379
7872 85
9105 647
6066 679
6616 7072
3990 3114
9103 5675
2891 2628
8807 1688
2933 3826
1619 7915
9185 9451
4056 3008
169 6079
7900 1786
4364 8614
6369 5094
3327 8041
8155 9397
6236 7785
734 7368
31 7424
3787 177
6892 9063
9741 8145
8385 2695
279 2360
3475 3607
4478 7382
4694 792
1402 1315
1013 8762
2534 3941
8102 7540
2448 2799
1220 6390
112 5544
4209 8684
6590 5992
1969 6861
7573 5857
6050 6147
8551 1525
3059 2037
9794 7625
4760 192
1475 2862
4878 9851
687 6085
3229 4597
6346 3272
1232 5765
3419 7565
8280 503
9744 5382
55 6769
1215 5116
4136 4907
5630 3466
8184 5553
2408 2219
6487 2200
6816 1175
2696 2244
7429 1737
9708 7477
6389 8973
197 4767
3080 8783
8614 9765
5827 5965
4181 437
1589 6025
3820 2675
2696 8757
6318 381
8392 5747
5457 8025
7601 7889
9939 6582
3531 3553
5501 922
5658 9255
4552 8188
7581 3776
6884 6180
4213 3201
8421 1964
2784 9402
8116 657
2855 1367
3609 2363
200 5773
6386 7576
4410 1707
9548 5903
5261 3957
3243 5964
7871 8502
6776 686
2101 6343
6642 9196
7868 2598
6994 6053
4035 3400
7868 827
6417 1406
5877 4509
8684 5134
6309 6254
7340 1596
1832 2372
336 4495
1286 3165
8417 9164
9728 5504
1822 2983
7907 9771
3414 3590
7339 8535
6487 2715
4325 1806
3245 2406
2721 7375
9014 6945
9225 5518
9000 8919
4389 6684
7311 4523
9941 4593
215 7923
29 3828
7958 8834
3185 5363
4118 8347
7011 4344
7325 3694
7737 1885
9801 252
3746 7691
2290 1696
4612 2541
657 4511
9506 1728
593 4579
552 2683
3175 9967
2637 3540
5968 8431
9737 4358
7247 2969
6222 4265
6613 140
4184 1473
947 2797
853 2052
5423 1385
1313 9719
5917 3612
6674 3844
200 9482
2922 521
227 9596
49 1419
2191 9017
1263 2916
3219 632
765 8021
6427 1026
2654 2013
4971 726
3151 194
7332 681
7988 4675
7225 2250
6595 570
453 4854
4201 2245
3642 4287
2004 5959
9580 8518
6575 5881
9085 6212
5067 289
5132 7425
1695 9382
7700 9755
3364 4458
497 7120
4109 1790
9613 7759
3375 6008
921 1097
6401 9694
394 7877
2255 2846
2029 8214
9021 3715
5457 3702
5079 4980
417 6131
8210 8484
8141 4482
7963 3751
3413 1851
2409 1902
2304 3058
9209 8952
2649 32
5608 1873
4540 9525
9451 9400
3397 5557
8902 5798
9904 9535
8366 3462
1850 5161
1352 6641
2669 9520
4570 6115
8155 5524
5867 9364
431 148
3284 2476
7143 8888
1098 4922
2412 4807
6710 284
1653 5375
8720 1690
3735 3668
6554 2767
2353 305
6894 6725
6123 1508
6787 9031
8654 3079
582 1731
5298 717
1025 8926
4925 1253
7858 1480
3791 9083
9544 3231
9985 3993
7951 9295
980 1564
5161 6341
8917 7049
7983 2569
4482 4084
1888 5445
7886 2959
1201 6698
9069 1645
7060 8336
6680 869
7999 1681
3822 1214
3361 659
5056 1820
2362 6356
3825 4331
8586 636
6945 8960
745 350
7740 7303
6262 5799
3303 7852
6133 6999
4786 9666
690 2603
9075 6973
6208 2925
7126 7698
160 1606
2738 6127
7163 5728
7323 2963
6746 1578
7765 6372
364 2337
1300 7659
7585 1221
988 5356
4096 5533
7781 2274
2841 5748
1894 3650
2785 6717
8106 3878
5725 280
1925 7156
8051 30
5254 6965
8588 5517
3424 1540
7944 2985
1814 9319
4470 5381
2740 5433
3894 4383
2653 9265
5784 7980
1109 860
9177 7860
1149 3904
1432 4768
3479 9008
6552 4169
2297 6395
7986 1007
3573 6234
9421 2285
6419 3326
2098 4347
7080 7392
5049 9303
1927 7689
9290 6209
2842 5224
9595 3025
9805 2469
1913 199
2262 5856
8488 7801
878 9683
9948 3815
6836 7127
6733 3379
7340 5985
67 2115
2493 7535
5549 1757
4354 1285
163 2401
2259 5376
5659 9253
5310 3626
2760 3584
587 54
6105 1537
2499 8848
1225 7941
6823 6424
4741 3608
5029 8222
4535 5002
4931 383
9501 928
4233 8294
661 8728
8276 2706
709 9674
9211 9514
9660 2548
7362 7967
8361 3591
2599 9013
2132 5540
2927 9924
851 1243
2436 4313
5967 240
809 8412
6199 1628
6531 5988
4689 4483
2397 6635
5459 2470
695 2807
171 7631
149 9226
4836 460
7734 4940
5422 8100
780 810
8749 7206
6856 3264
7075 5958
7574 4754
12 8619
7914 2486
472 1195
9380 9143
7086 1337
5942 1010
6239 7898
645 7111
5390 682
4271 2220
8174 6046
3309 8735
494 372
6788 4228
5369 6899
4590 3199
1181 9894
5368 2017
6010 5692
2199 6598
1490 2714
4456 2383
3295 3740
7993 2680
3763 8743
6010 5249
2578 7110
2711 1497
1850 6739
2308 9492
4741 2179
1754 1546
1642 90
5159 8840
5060 4833
714 5808
2497 9930
3951 677
1737 8816
8194 4508
5419 1166
2182 8065
127 4696
4164 1417
6090 7474
5547 59
2449 1248
7618 6660
1044 8967
8893 7385
2465 1008
7500 696
9269 5793
2218 948
231 1264
680 2477
8208 4132
9953 7469
1248 1833
8209 9610
3170 515
8791 5974
8728 3350
7433 5018
5882 8029
5762 9477
6492 3098
3786 3039
5318 4304
7587 929
6362 6164
5224 1762
1770 9751
9853 987
2619 9934
3344 7228
6022 1545
8014 9857
9215 5568
6845 1745
1293 4969
3387 4038
495 888
9069 7935
165 6461
2961 9826
2660 4547
9741 9291
8374 5420
747 86
7101 4936
6326 4856
4000 8072
6190 1812
4798 4085
3814 8712
681 6854
7127 5600
3812 5404
6571 700
15 4153
4430 4019
1368 456
8383 377
8292 4144
2883 6425
4465 640
152 1251
8452 1986
2366 3312
6214 8965
6265 2254
2408 3313
135 2135
2153 5367
3659 2673
7516 5552
7086 4405
2308 7190
3334 4226
6243 6700
4312 6545
2013 2552
4229 2617
4723 7821
1185 9657
9887 3731
6811 9278
2341 4412
7834 2940
188 7097
7931 6735
7355 1710
6577 5072
9845 5181
8059 1068
525 9367
7512 1055
2222 3720
9911 6049
3536 1438
9257 3377
1665 9462
8652 4274
4305 8422
3075 4218
8287 3018
8737 1356
6680 8088
1562 613
2853 3478
8435 2192
6742 1493
1588 5924
2440 4607
7157 2978
6471 4219
3023 6852
9866 3772
3950 426
5600 7656
6352 4137
8432 1355
8644 656
3716 8211
1120 2309
4571 2369
7859 8815
1564 8788
8241 7187
9202 8375
6347 9509
3834 7063
6699 9933
870 4050
1592 8842
8217 3127
9480 5945
1302 8736
5654 5759
3120 8945
3571 3838
4239 9974
2233 6886
7126 7419
3311 4158
398 3891
9587 9882
4134 5603
3449 9807
8385 4962
3991 7979
8130 6128
5917 7391
9945 5894
5974 4717
915 41
1047 2839
6709 2979
6594 2750
7635 4795
993 1639
9572 3427
1758 8274
7802 688
4675 8915
3660 8271
8745 5262
9227 813
53 8844
5546 1224
9105 2209
346 6232
8375 4418
1527 1724
423 4748
9794 6790
908 9908
5130 7344
380 2778
8134 5861
5334 1982
8375 6518
6576 6539
1194 387
5384 5612
9941 4061
7574 331
8498 7934
6536 757
2914 5403
2159 1107
7681 2540
9136 3179
7664 5720
4613 3329
4242 9822
1046 8196
7614 2609
8161 2089
7368 6217
3013 6780
8182 5699
7000 2319
4264 9970
6324 3124
7328 3304
5024 4460
4414 8004
8089 5102
9400 3757
5116 5583
3559 2525
5729 6306
4166 4281
5587 4455
636 1891
6717 6898
5288 7665
6226 2502
5748 7932
1237 6842
1152 5441
8294 3578
5002 5175
7522 5089
9131 2172
219 3974
3077 1143
3525 1350
3195 9893
6966 4010
2940 477
9659 3654
6610 6375
3061 2399
2709 7050
1894 6029
4895 5066
3942 3518
3560 4318
5540 822
2698 1649
723 2165
8545 9334
3013 1190
122 2942
1275 8016
2180 537
4964 2266
1351 449
2404 9529
7660 7171
8946 4797
6628 2973
7018 8875
2088 8503
9604 4803
6628 8982
1232 662
4681 325
4298 7398
4139 1148
1712 8272
1383 2571
5285 3652
1059 1640
6113 5280
1086 1198
2095 6656
8126 1678
5570 1485
4239 1935
7969 4889
3513 3417
2415 8046
1624 9201
1718 4427
3940 4543
5036 3356
4916 3248
5343 271
5183 2269
4283 5509
9162 1260
4648 8082
1875 3738
9926 3647
5649 5345
3139 3893
8423 7815
1269 230
2673 1236
9074 8580
627 1189
3913 3914
2155 2966
2220 6561
1705 821
2414 9865
6135 8978
6770 2989
1232 371
1127 999
926 8462
6854 9154
6405 179
9316 2108
3569 7484
7934 2294
3105 457
259 2214
1708 3445
9413 4677
5915 6997
7800 2169
9416 1131
8613 3441
8530 2066
2600 833
7665 7547
7053 2055
5681 4435
5947 1354
7067 1345
4283 6130
3483 7749
5748 5388
1438 5647
9905 5503
2485 3087
5714 7546
5638 5737
6432 5042
3746 7883
7033 1460
9596 9315
9291 7384
1153 5446
3642 3451
2957 2426
3088 8776
4270 2421
165 191
5639 8234
9767 889
3260 4161
4491 3048
1237 8659
465 1104
7982 7188
6135 4476
4240 5225
6531 9308
9953 4205
537 5244
3745 7010
3350 303
6279 345
3407 2564
6437 4182
9009 5054
5869 6233
5927 5383
8393 7041
5841 5566
7144 6452
2502 2910
2285 8764
4792 6715
4243 4123
8807 9335
9050 7533
8508 7310
1854 8132
2783 8747
8898 1591
9177 4467
7692 4822
6227 669
3353 861
9146 996
7264 5801
4029 6756
114 4857
899 1045
2940 6506
4139 5758
6837 7492
4987 718
3742 196
3984 8730
7959 8358
7347 2863
9189 7301
7913 1872
5451 9932
269 8310
1807 8480
1038 1447
4176 8927
7781 6615
261 5412
7765 6068
4256 2795
5799 6600
6991 3666
3605 3102
6165 6490
6626 1096
1275 5854
6416 600
5945 2585
6686 7197
8645 2467
1883 7491
7530 5595
8498 4559
6120 7892
143 167
5812 6129
2769 9220
7614 9878
8424 5752
8788 4251
5766 9072
5659 9619
3596 2061
4355 5169
3821 2774
2130 1738
1473 742
7882 5156
3536 6107
4138 5971
9226 470
9081 9623
7265 2292
589 9583
7233 1542
6667 2920
3365 6547
1234 4259
5566 3276
5690 7567
657 6883
5399 6435
4816 6420
1217 2251
1830 5981
2150 4989
2802 7136
7200 3723
7103 5021
1800 3395
2990 9786
7225 6815
8881 3269
9497 1723
3361 9366
2642 3911
2731 8676
719 6718
1590 3592
5483 9464
7691 7420
5670 6319
9131 9139
7928 4796
1745 9392
4736 5542
4811 6885
7790 7186
7585 2556
6234 4451
206 9633
6523 9862
705 8655
8954 9661
4857 9256
985 4376
6494 1599
9853 2708
5423 1518
4704 607
1252 9532
2583 9559
6333 2816
6610 1837
2831 1753
531 4937
1272 3653
3248 564
2949 9066
4495 4326
1453 630
4299 3619
8604 5176
3099 3164
8128 1763
1195 8924
2078 2646
4579 7887
2855 8427
2150 211
3882 943
336 1113
8901 9499
6678 5035
1233 8958
7245 6591
1222 1630
9971 8212
9548 8876
90 9710
3918 2184
3060 4023
317 1952
425 6031
6923 2678
453 7017
8847 9351
9603 1694
2993 8628
9514 7527
9076 2374
7280 1020
3685 2859
2059 2210
1193 1023
1043 2396
352 8778
4016 2620
5650 8658
1049 6794
211 6507
2153 4866
3485 2689
8152 1951
2408 1867
1311 5606
1257 4078
1985 9420
3096 2594
6369 3599
4514 2267
1616 7161
1035 3853
8002 9864
4904 2896
4551 7467
5242 4071
3063 5620
6687 2357
7116 1428
4368 9634
2867 5342
235 7262
1013 1014
6018 8286
6459 4868
3647 63
4701 7098
5550 2127
1017 3360
747 8457
6139 2761
8446 1241
2812 7910
5129 6929
1540 1980
6121 961
2150 58
5659 6156
4841 9842
2402 6215
1317 212
7295 3155
7036 8827
1882 2438
3256 7814
9119 8470
4375 1436
7260 4744
4004 7440
8367 4897
5259 8064
3756 6177
9779 2206
7308 9983
4239 5221
1936 693
8733 3636
1662 1052
3853 2934
7083 769
4019 9699
6057 9094
4139 459
5048 3118
9190 8434
1113 5646
3544 7667
2957 314
6605 2729
1882 7263
4081 4379
1112 9386
9338 5185
1813 7236
1726 2775
3882 9691
9319 606
1060 2305
866 5283
260 13
6058 4484
4694 5623
8428 9163
3761 584
7993 4968
6456 7534
194 823
2593 7874
2600 1958
8689 4577
4164 5093
8041 1783
7245 2865
9086 6855
5313 9034
6160 7578
280 9716
5444 6720
2766 857
4920 3174
2134 8870
8470 1206
6616 1877
4847 3035
3929 103
7230 80
3479 14
8858 4685
4078 1449
1074 6261
4121 5019
3467 9906
1915 6560
3903 3455
2043 9600
3653 9813
2095 6601
1538 8180
6792 6036
1750 6977
3752 8399
8996 7726
9681 3121
2751 9447
2632 2392
4701 4247
7698 8348
9945 3604
9067 9463
1653 2365
5634 633
6850 6602
8654 4959
2271 8605
2419 6606
8050 8561
5374 8516
2831 1411
2847 7490
5540 3718
3118 2930
8763 949
3483 5025
2271 4638
306 9557
4455 2482
6678 2208
1060 3793
9842 7948
6746 7966
9939 6623
1188 8456
8333 1930
1184 1347
7589 4996
2956 4385
9388 8596
9887 1390
1007 2018
1346 7602
7737 1880
5677 298
5078 22
2808 7788
1602 9702
3544 9323
9106 1070
428 7661
1397 6873
357 8117
1472 8360
5689 7304
6887 8288
5005 7564
7076 4654
6803 432
5587 1673
1474 2780
3536 1809
4557 2623
8490 5743
3552 8483
5620 1897
8699 9589
8938 7556
7056 2612
4114 2748
5509 6870
404 615
8948 6866
8288 1408
3837 2278
5923 1327
978 7961
6642 3494
8367 1001
6622 9260
8358 2875
908 8113
3472 7690
9743 9781
6577 5996
8818 9073
6579 7552
5762 9665
1632 9028
1013 1842
852 905
1986 5905
8160 3463
241 115
6814 3454
8965 3628
8944 276
5636 678
9283 6785
117 6382
1067 5627
4547 3962
360 3845
3003 2142
5872 7924
232 2416
1252 535
3912 4093
3544 8861
6879 5914
9022 6235
587 5511
8116 2454
5690 2626
5576 7483
5428 6632
3481 7499
9205 4814
549 9993
7122 3148
2641 6093
4691 7042
3452 6957
6424 6291
3951 920
9451 8522
6103 5532
4695 4275
8259 5909
5886 5207
8333 268
7556 8568
931 1169
7116 4191
1104 8630
9495 3729
2234 8500
1203 7642
4887 4625
1835 5268
1317 3214
6682 3664
4695 190
4350 5953
5451 6934
4314 4714
5000 300
6723 1103
7834 3827
199 5276
6506 8853
7034 4928
7457 4823
5342 3266
1801 1425
7846 3925
7721 1137
1202 8899
6249 4785
7747 4668
5884 5323
7988 9884
1238 7608
4516 3004
4437 5876
3974 685
111 6322
3833 6702
9420 5920
2069 6583
9746 5355
5384 6690
2914 9773
4376 3408
4341 4846
1777 7593
3472 411
1201 7007
1537 559
8061 2504
6218 5125
3846 8723
9282 2343
8044 6373
2894 2953
365 4688
8348 6580
8082 9690
4724 880
5841 9347
734 858
576 5435
3239 873
9934 1424
9209 5545
3027 5480
2933 5749
5031 9199
2737 8939
2210 9774
3713 5458
915 5228
2676 8900
7391 9645
8645 3443
6639 9161
9833 3568
5054 2015
5230 42
5740 9361
9322 9005
9088 3259
3030 5157
2206 3764
2846 4832
6068 443
8810 506
3531 3328
3804 492
3618 568
5969 145
9781 9912
3128 4356
8791 9045
3107 6145
9460 6065
8665 5505
4921 5137
2112 2667
7639 6404
6169 1766
1558 6286
6017 2741
5743 2301
2729 5795
6051 400
7509 222
4838 3135
5550 2905
7895 4232
4889 2181
6542 666
7467 9222
3079 9313
7788 7727
1571 3433
3027 9300
6525 9502
7474 73
1455 3071
9951 4293
5133 2081
9674 8750
5517 7234
1679 128
4336 7105
7589 4002
1861 2247
1689 469
2418 3493
208 8207
3154 8049
2285 2988
8624 9671
5019 4943
3740 8455
8776 3315
8967 4401
4238 9577
37 4605
650 505
2508 5850
5616 6984
5911 9239
6596 4199
1244 3194
6395 5665
4828 5593
1526 8200
8525 330
4262 8985
5698 8543
3450 6990
6633 3000
1804 5802
5638 5294
7157 4773
1460 2298
3415 8469
3995 751
2600 9479
7889 9940
741 9874
2407 2648
2505 3921
1467 5645
9199 8314
5126 8620
7457 6696
3620 4128
4452 7651
7804 3937
9559 2899
6102 8670
9650 5723
1884 5332
4939 6393
3021 4333
2756 1075
5465 6332
778 7302
3107 8239
2906 2581
4981 9562
788 6563
4515 2997
152 670
2209 8880
6811 2657
9721 8135
6739 8485
8519 4765
6660 9457
2534 2231
6476 7994
3314 8256
7152 139
7370 1128
5274 9902
4093 7757
1999 4111
7999 4735
9652 1306
1435 9669
5986 8501
3803 9046
6890 5829
2015 3032
8816 8709
7982 7558
5688 5966
4159 6503
1817 654
8339 351
5268 4148
4001 6778
9369 9815
7385 7202
1923 1706
1235 2531
928 1798
8971 5189
7336 3464
6436 7365
1973 2378
8875 8143
474 4707
5356 9693
6504 2544
3327 8639
1339 7252
1813 2901
825 1772
2808 6647
1075 3228
7110 1513
1761 1249
118 2754
7073 4611
741 4794
58 544
4224 4512
8290 8578
6211 2606
7651 7519
6778 7472
6242 5128
8749 7594
6223 1797
9286 7894
6198 5889
1609 7379
9607 5372
432 8309
5925 8326
9157 1825
5192 2786
2447 3549
8810 9785
5677 9306
5126 1862
8952 5416
5574 1441
551 2316
5600 5906
6456 4150
6261 7991
7871 730
6017 1570
5055 5439
4089 7809
5917 4374
9693 8845
9932 3689
9460 5032
150 3956
7919 6394
2024 5131
4733 2535
1620 5360
5418 2389
9430 2565
208 8808
9006 6761
4071 9172
5430 9213
422 2580
3260 9675
6595 6374
176 5907
3088 653
9238 7298
8385 817
922 1178
9426 805
7472 9327
9935 4580
931 8794
1008 5263
7698 5797
6198 4063
1564 7196
6874 5113
3424 3044
1216 4257
8014 5231
4339 4241
179 7449
1291 2201
2562 706
7944 2162
6198 9738
8604 1326
7219 7396
5872 1909
996 1654
4000 7226
8373 2338
6254 1661
5434 4466
82 9876
3539 4974
7170 4758
515 3332
8499 8024
9870 8270
284 4328
5313 25
3513 6150
8748 9394
1950 3760
8256 9415
7496 5982
4794 234
6831 2530
6240 2860
6955 4603
1541 9187
7557 5327
9485 6257
4493 4520
7421 468
1714 2373
7742 2661
4552 2276
2553 8095
8471 744
9896 6267
1265 8637
5168 8221
6800 4216
1821 4346
301 7085
4017 3416
2751 8909
3451 6201
3237 8966
8463 1255
8250 4388
133 4670
2316 1461
6813 1210
2852 498
5377 9277
6050 5413
9996 891
246 7808
5572 5609
2203 9020
55 2736
8667 9273
4479 8877
8551 3601
1473 3401
5423 1073
7000 172
1443 2393
2445 5853
1312 953
417 3183
2702 2602
476 1062
5507 8539
865 1863
1945 5009
6139 6743
7553 8023
275 9264
231 6062
4177 5291
4729 8151
1191 6585
4432 6448
2597 1358
7804 386
3063 225
6404 9656
5984 8001
2205 6911
6712 8158
5639 8137
9623 7284
2019 2489
350 5321
152 9159
8879 4115
3894 3789
4262 8600
9514 1670
8919 5584
7345 2825
1158 4983
4702 6378
1798 1725
2674 4426
503 5415
9962 1006
3269 6706
4699 7548
9823 2001
1096 9549
739 3711
7814 4646
8520 1027
5464 2694
8547 3728
477 6237
8683 9299
809 6119
772 7322
6319 5700
7746 1139
3054 321
8471 4500
3423 1245
1632 7494
2178 4641
6142 6830
8652 1615
3244 1970
4526 2814
4701 5187
5655 7459
9497 3782
9009 7482
1024 950
6550 9142
8908 9508
7538 8226
6523 2752
3385 7925
6013 2639
8800 8260
6456 8244
6947 801
4481 1365
688 8514
7366 1997
4671 5955
1016 2040
1632 4073
7907 6562
2973 5803
1882 9279
9395 818
7672 9829
2429 2452
3514 3426
4518 7577
7716 9561
1690 7796
8463 9443
8276 6278
8620 8410
37 4900
6532 9270
2124 5027
2300 7971
1516 3489
4182 5757
3965 3741
5037 9724
9500 4490
1847 5860
2973 634
637 884
7787 8405
9628 8759
881 154
8274 5394
2263 6860
6730 2876
5078 2759
1343 2238
2123 4519
6857 1162
7647 6750
9409 6251
5552 6282
1083 3330
9166 3972
6709 6344
5231 3041
1000 7981
1761 2347
3546 1431
5544 9170
4394 2035
1320 7879
9737 6658
7352 3548
9289 7502
6137 2587
1673 1231
1453 1087
8991 946
5332 2071
8766 7908
8906 651
1129 3393
4479 2650
4575 6353
5864 1370
9361 951
1526 5706
7449 1514
9145 1998
8535 1781
2261 9396
9192 9732
3970 9104
5793 5796
5709 4031
4595 2848
5925 5633
6145 3227
874 8146
2458 4428
3364 1697
7993 5023
1263 4881
6563 8804
39 3319
10000 3192
4934 4585
4336 193
4757 4003
246 3359
6746 5537
4274 1499
4771 8450
7284 5580
101 1376
8310 8942
9534 6412
7021 4237
4427 5963
5395 4255
8911 8351
117 2576
357 1316
7892 1333
1431 7529
3947 4529
1316 5475
6595 7146
1350 6763
1566 270
7509 622
7472 8048
5574 8205
8919 5160
3646 6345
2580 6072
465 8
2304 7571
2964 4664
9933 3802
231 2975
92 2204
3493 6724
730 6453
2414 4951
2659 5227
356 3369
9656 5319
1936 7906
6020 1942
5728 3852
5360 1229
3789 7912
2544 1271
4699 4334
6138 5215
7624 9806
2382 4985
881 9754
1346 7805
7512 5852
4877 7831
8866 4766
9721 3771
8259 313
5951 1262
5786 3533
6480 6996
1981 9195
507 7094
9923 6213
5273 5937
7370 9542
3728 9114
5202 7
9794 19
269 4416
4775 6749
3602 9631
9649 2022
8108 8983
8778 3948
7923 1521
8300 329
7323 3458
7737 8342
2277 7114
2064 8118
7412 5769
3473 1550
1757 6679
1541 8077
2637 2823
6603 7314
6795 2845
1706 6629
407 5070
7311 7782
6403 9680
3779 5539
1334 4546
2444 5865
9529 7768
7477 6174
76 1200
2618 7904
1542 1672
8254 8608
9009 806
5976 7946
8033 9625
5829 5631
9391 9982
6576 1865
5249 3338
9038 9936
1668 6646
506 8225
9838 6967
1465 6752
8595 8189
1767 2327
1107 9018
6821 9684
4053 3398
775 2671
8032 2428
851 1192
3734 9266
7630 3696
1109 1576
7400 4976
425 6738
7154 6897
8945 4662
6396 5573
4104 7149
9584 487
2362 6519
1024 2033
6930 9986
1402 6084
5326 6307
1109 4776
1844 8070
6314 9317
2677 7572
7518 4316
2428 3651
5580 3186
1653 6599
3564 6298
5492 3747
671 2065
9567 9756
4224 5556
8256 3722
9631 4062
5434 7428
9789 6535
475 6048
8340 3503
5761 4147
5108 8283
775 2663
4095 6691
3589 5560
7250 2615
5490 2982
1183 1464
9882 9695
2695 9390
1444 9662
7159 9588
4688 5347
131 8626
4581 483
5274 1108
4368 125
4888 1382
5886 1136
38 5523
7653 3672
6619 9629
1323 4914
1613 5635
86 4067
8947 9060
8347 3402
4071 7810
3483 4151
8971 6910
6378 5919
4771 9763
9564 8980
4126 7273
6264 2911
9499 5012
1733 3203
7662 807
872 187
5768 8112
6646 9885
9663 7166
8829 6290
7425 2636
4095 8839
4841 4666
4606 8851
151 5997
5802 1859
90 6755
8104 7207
9008 6423
9294 7731
6193 3354
218 2457
4430 9472
8392 1824
441 4041
7772 5819
4220 4165
82 9417
94 210
5078 4918
3186 7002
1240 960
1517 4568
451 4290
6343 4091
8422 318
9836 1585
1513 6659
6584 4503
8163 2887
3314 5121
4620 2755
2078 9272
4298 1799
2777 1959
5298 2772
7112 5013
6966 5727
7565 6426
5934 1401
4522 9207
8793 4311
33 9198
3680 2187
6966 3110
7911 2299
4287 5617
7068 1836
6028 9959
8697 5264
1241 5218
8461 8414
1270 3020
3722 36
2092 1387
2477 9552
2629 7148
2799 35
6606 6948
6754 430
8455 6534
9010 4309
9013 8289
5062 130
9304 4567
1191 8542
87 9563
3869 7903
6781 8569
2528 9606
6812 3768
8501 3049
6288 354
4113 166
6622 3989
5154 1699
3689 2880
5787 3418
1868 9148
5008 1273
6684 8181
4482 391
7212 3288
8494 4850
4126 4910
6519 5866
4458 9233
5087 6869
9024 4738
8435 8078
5093 1651
6373 2584
8208 3189
8397 8006
8318 9740
5445 5209
6083 8022
2747 6521
1472 2538
2259 3290
5399 8803
3330 7141
4136 4069
7176 8026
9500 2945
5875 7014
7886 8529
1471 7515
2349 660
9607 7592
882 8769
3346 7436
7668 3613
4029 5198
1202 4423
1187 3043
7622 7696
9373 1803
6589 4861
4201 7476
7719 7909
6930 8249
3863 7147
2397 5928
6356 6067
3592 6693
8927 2484
290 9697
7529 3040
6139 7150
858 9427
8079 5075
6930 6445
2825 1568
4477 4665
3868 6300
6585 1600
5024 3428
8518 8265
7839 4898
8714 6191
8985 9775
8815 6645
57 1811
1153 7833
2711 4722
1949 2326
9118 8084
7585 7735
2540 4875
5018 4008
3854 2936
8360 3310
1406 8680
2278 6875
70 5987
9274 4386
5252 5611
9217 8133
5287 310
8848 5469
451 7899
8569 4026
2240 5599
524 516
168 1196
8901 8334
6288 7276
703 9792
2588 236
5956 9465
7979 2087
9109 6777
1953 8156
7387 4948
6136 7329
9398 3561
4519 2117
679 9647
2802 4064
5187 3042
1949 4131
4421 8950
4374 585
1774 5103
7298 9510
1426 9032
1229 3529
3315 5513
2215 3935
7118 8681
5377 1554
4435 8936
6347 5657
2489 2056
5570 4076
4510 2792
9390 1736
4243 5074
7420 3963
9736 9505
7647 5392
8493 458
9360 8202
7355 3076
2251 6989
4528 9156
9006 4501
5161 2388
6732 2275
482 1650
5926 7324
7169 5086
8703 9955
1610 2491
7433 1580
6342 3858
9387 119
5035 844
3891 4784
9258 4434
6354 9353
2344 6634
7512 7211
5747 7832
2598 7061
2551 701
8152 7215
4282 1147
2037 4399
6067 7130
76 5053
5348 6876
3160 3588
6265 1638
1852 3961
4740 3516
1550 5165
3716 4296
3081 6273
8521 939
4606 6089
7415 8836
431 5848
6186 3469
130 1287
2661 1133
7464 4370
4171 2000
5842 7786
2601 9523
1225 793
8217 5880
8383 9653
5415 1906
7877 7654
5455 796
5262 8293
3909 826
8335 845
6271 3152
4872 9314
425 513
1289 3430
3113 4778
1982 8885
4912 170
2871 1826
3648 8420
5366 784
9882 6949
2421 1929
8881 2700
3488 5045
3309 1876
8039 9026
2743 1709
6310 2781
7202 3382
290 6292
262 6069
5960 6522
1013 1575
932 6059
9314 571
1877 7884
4286 3078
377 9370
9933 5800
3329 8353
4209 608
3971 2716
2840 2328
6028 9626
1154 1054
4785 2387
5563 5083
5395 4494
6348 4573
7387 9454
7499 8510
564 5421
9219 8754
368 4105
7758 5149
916 6171
7261 7208
3709 8482
4778 3262
6997 52
9279 254
8108 9999
3970 5828
51 9895
8937 766
5747 5212
1796 3158
3255 6047
5501 9049
1751 393
1457 1342
1905 2874
2400 7124
954 1159
4535 2461
5885 6916
109 5863
8285 5164
9119 5080
2592 4762
6597 4175
6246 5463
3493 8368
4526 2631
50 9206
9614 2370
7491 6980
4967 3292
8153 1219
2333 4107
9133 6159
5623 7957
148 2815
3528 3156
3735 5171
1083 8223
7747 248
247 1379
7866 9521
9803 5817
5106 9471
3416 7283
4535 3621
7419 2533
9591 8390
9440 9320
260 6636
5533 2635
1640 707
2167 6148
3324 2487
4517 2687
3821 8056
7267 6498
5439 7687
3660 6935
5452 3819
8750 8395
7786 3067
8125 6983
1901 781
9623 9541
5362 427
5786 2981
9113 8860
7180 910
4218 5883
739 1996
2053 937
2026 8055
9267 8623
4692 1134
8997 4360
8441 5330
208 9551
2613 3411
8377 3982
5811 8487
126 5970
3334 4079
6700 8096
5129 1357
7106 2995
7593 6818
993 1691
4951 4657
2659 3191
2107 3287
7574 1478
1930 7644
3654 3748
6048 6371
4299 7972
3203 4769
905 9358
8630 1069
13 8557
1152 7024
1510 5340
4595 3558
9704 2003
3110 3215
9812 1793
2800 226
1706 7015
9634 4011
5054 1989
731 6618
5057 6956
7858 5693
4770 5954
8798 9513
7403 2085
8088 4092
415 8430
1149 1667
2086 9685
9885 9247
3081 8796
5165 2295
5273 4893
4718 4272
4278 7950
326 5821
7846 9359
2884 967
6585 2264
2631 9705
6133 341
3440 6987
7148 9788
1109 4622
7941 6457
133 1227
391 8538
4104 6995
7350 6247
2007 5007
9573 8408
9958 6151
5490 5015
5155 3781
8983 7430
3481 6176
4998 7402
3844 7929
1178 9248
37 1176
3649 8157
9547 1456
9177 6408
7682 3924
5418 4135
5165 8245
1529 2976
850 3931
470 779
6484 454
5391 4574
1478 6543
2180 6872
5762 4596
5955 2522
4329 2379
3461 8643
3349 3987
4234 8081
9583 9764
5155 6644
1337 773
3492 4843
5937 1579
5175 5471
3943 8894
4855 8305
4437 2503
6691 6573
9884 9488
712 3316
2804 1430
174 4621
1642 8692
7429 3928
7298 3807
801 1378
2133 3190
1755 7291
9219 9919
5722 5325
2598 5208
1224 8411
2054 3283
1412 7956
7187 5489
5 5502
7220 8867
4494 989
5420 7764
607 9489
7212 6904
9178 5770
2566 3841
2428 4737
9695 9138
9182 2103
3662 2463
6679 3240
2973 3737
4386 5785
9924 4110
7352 4834
8100 1784
436 7663
6715 9331
3568 5335
9014 7751
7538 2223
9219 4285
1779 7645
865 1186
4960 100
619 2014
1889 3028
2127 4143
7202 4289
7078 7140
5299 6954
6773 6044
8859 6077
7453 6557
1652 2131
2931 2116
494 5702
2528 5858
9655 9135
34 6975
7092 3321
8516 7275
3454 223
6439 691
1439 4258
712 9703
7646 1033
3436 62
6285 2111
2319 4578
8153 68
7836 4682
2931 9378
2745 6422
8409 2221
8432 1843
1831 9809
1021 6924
1768 3667
1684 1496
1815 6451
2161 1577
4343 9214
4912 5151
7301 4623
4864 6228
5971 4787
9022 601
2706 2076
9283 7272
5874 3068
1456 3530
2466 5832
5852 9243
1463 9752
1869 403
9852 8258
947 8114
5782 8799
3286 6038
9463 6509
3413 2443
5564 7942
2293 450
658 6661
8235 2302
5433 2207
1674 8629
3702 6804
8670 3603
7415 6270
679 4462
4530 2837
8471 936
6926 4180
9901 9101
4776 4449
4687 9748
7512 5017
8450 6122
2645 1002
4368 2765
5608 64
9248 2903
1595 7528
3967 8768
1007 2821
1715 9909
841 3936
318 9449
9965 5750
7652 7875
3021 4215
5681 2928
3715 5862
9436 9590
6047 1160
2019 5579
9523 5901
5858 7901
9614 8030
3892 859
2644 1498
4501 4844
6506 2557
4372 3635
3244 7634
2133 4382
292 4365
2523 7439
798 4384
4740 5308
7706 2992
8097 3567
1599 5755
3573 6041
675 1429
2086 5170
3866 2872
7582 2991
3956 5931
3907 1322
3710 2728
5607 4047
9189 2987
332 9627
6944 6384
9014 4492
4917 6844
9819 7241
6280 548
2431 2826
2597 752
4599 7138
7680 7082
3500 9111
8241 5661
310 4825
5723 4933
659 3092
3570 2591
693 3794
5507 4820
4215 8054
2988 4039
7020 9235
4039 1331
672 4635
5225 4472
277 5182
9164 2828
1456 8705
7951 8795
1548 9783
9072 7930
3316 6784
7388 6672
2546 4652
3414 8886
7818 2791
2353 5846
8491 3161
8573 8316
5226 3205
482 2114
629 3406
9428 4009
3589 2196
3144 8806
9485 965
618 6421
3175 286
474 4408
4140 3091
2372 2818
9829 6054
6852 6556
6019 962
6616 590
8736 129
3563 1617
8182 6016
7165 9212
1053 7995
3349 5320
3445 3270
5377 7346
3447 5938
3459 342
6873 2507
5861 6042
4666 5528
4791 6625
7428 8362
6898 8721
8264 3399
8190 1664
9354 580
948 4106
3510 8232
3549 1729
1774 1111
2725 2002
5474 4703
6348 942
9541 4249
3424 3816
7602 266
6658 7039
696 6007
7948 6429
1437 7777
3440 3438
7663 969
4226 4133
9133 864
9137 4391
5240 959
359 2183
8676 4440
3158 5653
2174 8429
3601 5952
9464 405
5522 545
1060 9518
4707 1622
7013 1553
19 974
7655 1405
5338 5346
4215 4497
2017 4982
9589 7461
3942 6323
1813 6558
9397 83
2232 8057
7652 8761
4676 3202
2786 6099
6138 8371
2769 3206
3259 2633
9413 5341
8197 8716
4966 5358
4340 828
6247 1631
8456 6779
4146 5069
7196 1943
1029 8574
9123 7125
3812 964
7233 7838
157 3849
5938 4678
129 5270
2781 9871
885 8185
1328 2555
8455 182
6766 9381
245 9130
6712 3224
4636 5172
2545 2542
5173 3145
9112 8702
855 9171
8280 4913
779 4926
1095 9522
7487 4409
9918 7210
7815 9372
7882 7679
828 1974
6415 7282
1848 1834
7922 4444
1130 6758
5492 2090
8945 9469
4590 1931
7429 9731
4126 7025
43 2718
4243 7418
9673 1114
3540 4837
9923 7849
6912 3141
2327 5351
3654 2216
3057 2864
3314 7229
4078 760
1534 8031
8287 1560
3616 4172
1367 1719
8051 3278
1641 2589
1066 1414
9838 7363
8527 9023
4435 4442
9709 992
6391 7297
2001 9811
6194 2346
5970 3082
2287 4755
8740 9389
1865 2242
3529 3836
6235 9339
6984 6004
2655 3129
7573 4088
8069 95
5527 1173
1903 4189
7699 8052
4383 5849
3701 3527
4986 6901
84 6334
6579 6076
9921 2375
8841 7841
68 2091
5365 782
5819 7253
858 7223
8872 2836
3728 8889
2988 2413
3364 4058
11 434
1195 1015
609 7857
8347 311
8756 1586
5937 6728
9442 9242
5679 555
844 1261
7145 8955
6247 7560
3567 7619
488 7040
9436 5741
642 4198
3308 1675
785 5279
6607 7532
3092 2951
6901 3178
4512 3520
5080 4719
796 6798
129 9412
3016 538
2963 5994
7860 9048
3768 1468
7774 6075
6114 8744
759 8981
5393 3431
4735 7255
6105 6822
2959 3181
4164 4932
1342 6357
6163 8008
6619 3871
262 7115
4937 9194
8161 9070
7400 7121
5803 9042
2500 4645
207 8477
9157 9679
1944 7984
2303 4308
4381 8036
5189 3905
1745 297
5401 6692
6178 5436
421 3159
1074 2614
3551 3274
3137 738
1653 8365
9290 7921
168 9618
9290 2471
2265 8228
5230 6793
6596 2559
9980 3009
8428 3487
3745 4413
3243 2690
3492 2627
8181 9827
5489 7640
1998 930
3285 9117
2282 1657
1809 1330
7055 1743
6931 8063
7714 1092
5123 8418
3445 4185
5337 6880
6861 4965
9092 251
4474 2558
9114 6986
818 4821
25 8507
8732 2126
8953 7628
6991 3001
6146 7438
9266 8266
5889 9001
502 6308
4411 7697
1348 7615
5875 547
1811 6817
2379 6098
8021 6116
389 9670
9130 7349
8316 5180
3953 7720
9851 4537
9217 8216
7640 2342
1381 1612
2762 6871
3406 5068
8658 9725
4732 3291
3659 8789
6554 2870
8898 6762
5140 7812
520 5417
9353 7395
5209 3460
4647 3910
6854 4554
4776 5687
4649 3933
1632 4656
3741 7333
2555 3275
1268 175
7269 9726
9613 4651
9106 7606
8638 9062
3974 1978
9677 5806
5538 8597
3080 3122
4889 5896
1548 8398
8287 3253
9488 493
696 8895
4665 8923
3786 4637
8094 7657
8454 1603
2842 8726
835 6485
2617 263
253 4955
5092 522
2152 876
3049 3673
9288 4396
5842 9216
9130 5082
5546 5559
7954 2045
2025 8509
2997 8332
6518 8192
8841 4183
9099 7545
5111 7756
3752 9624
1184 1165
1629 2039
1879 2361
6209 6663
4205 7865
9764 7070
6258 1644
822 6909
7740 3142
5924 6154
9820 5683
6161 272
7901 5371
661 3968
1077 3198
4746 9766
5139 6438
619 4874
6825 6043
7506 7717
5206 3537
5488 1637
6592 8101
8418 4565
5862 1846
4806 5642
7108 2073
9206 5804
9051 3167
1402 819
8436 9900
5406 689
7272 7743
3030 3249
4935 7708
8435 9586
5909 328
5739 2686
9852 3115
9921 8970
1451 3575
8390 9644
3890 5061
9528 7926
8363 9450
5918 4653
1326 5311
7720 9336
3965 1914
2363 940
7883 4129
7727 7485
5104 6797
3735 8590
5835 4315
7299 5676
8661 2670
4918 1741
4239 4362
9224 5892
6655 4973
679 7856
3482 4629
6780 9490
7146 6230
4678 5601
3657 7054
137 8201
3531 9169
1427 74
8682 9988
6778 8581
7615 8307
6844 6985
3845 3949
2722 4086
602 6737
515 2243
3215 5010
5964 1916
7587 5641
7245 9275
3095 6708
7715 8138
2096 316
6610 2439
3981 6466
3073 4802
5834 5898
1412 9015
2438 8992
7777 4221
6141 6125
2021 8247
1899 9560
3229 6882
5540 8929
2710 6316
780 5941
5153 1483
559 5359
3966 8892
394 213
9295 3
2485 9977
1208 1004
713 8067
321 5016
5066 2881
2828 8164
8272 8986
3487 7739
3632 7353
7698 8015
5445 867
3092 1976
5215 6604
6638 2705
1201 1881
9469 641
6630 1088
3723 5520
5725 4203
9454 1565
7429 6786
7901 8376
5153 5297
412 5191
2087 5792
9833 7470
3134 2235
8274 4871
4577 9622
4990 9714
2082 3421
2134 3678
7698 6387
2610 7142
1951 4196
1033 6759
7318 2616
9685 5216
2449 2113
6057 5707
2292 6465
8580 2384
3633 612
1449 8821
4818 4125
9564 9180
5133 9175
4145 9466
1433 6921
8254 665
3499 7259
9804 9141
911 9284
4835 1839
9163 3766
6076 9526
1860 2185
950 1039
7282 5041
5386 8696
7467 5145
8800 4353
5709 6665
2914 7847
1637 7447
5282 2719
955 4395
817 3097
7606 879
611 4548
3032 3754
6787 2175
9340 4475
2595 5030
643 4721
3757 155
1863 5940
5296 5868
4319 9757
8695 2072
9855 7588
7636 556
3081 9310
4347 3521
8559 6848
1655 6858
4297 4250
2306 9979
1896 424
6251 3238
99 546
2509 4013
1066 577
5621 5594
754 9068
5638 3289
6193 8540
2109 2962
627 812
6117 5789
7097 8312
3271 1771
5834 3184
9367 5730
9909 1230
5888 3686
9656 4882
5896 1594
2839 3486
385 4212
1630 7008
7621 7937
6497 4320
8851 8331
4683 8972
261 4397
112 267
5667 6704
8558 2681
5647 2857
703 3031
8004 5174
2460 8329
8814 7312
6425 20
1704 7045
8163 2720
2989 9309
6518 9507
5601 7493
5016 3007
2489 7341
5154 5833
2452 1353
6598 3975
9973 7300
7771 4730
4105 3022
5483 554
5342 8513
3985 8330
9602 323
1143 9404
4823 4352
799 9648
4933 7550
7314 8058
7785 6978
2337 567
9803 1683
2694 3322
5704 698
7540 6283
9972 4800
6642 2827
3896 2070
260 2898
7205 6774
8703 3051
1200 7823
7752 9355
6629 1802
9582 1050
7402 3750
4168 2536
7018 7179
6601 7445
2325 2433
6662 1209
5942 9776
6296 4801
5046 8878
4483 5454
8064 3526
2173 3932
2436 5486
592 5678
1492 7844
3672 8594
23 5822
1394 5506
4633 7183
8718 1063
5215 4170
2413 7316
8026 736
3620 4277
334 5136
7113 1849
827 6516
8571 5105
7784 5530
1162 4883
254 6006
3041 9620
2038 3600
3117 3370
8309 3860
6427 6791
2107 4037
617 3627
2587 485
7506 2764
4282 4119
4935 5238
40 7231
5188 3693
8615 156
1406 4361
8875 6893
9965 8830
7040 3125
338 7079
8416 7409
661 4065
2882 9064
6931 3829
3670 3211
212 414
5852 8554
1539 4756
8365 1277
3172 9120
243 3200
1228 5554
4587 7093
2786 9735
3687 7326
9611 8220
4117 3579
6627 5197
853 4869
868 6304
6937 3506
5138 2563
3085 1792
9034 337
4487 4254
2937 986
1946 1536
3804 4429
2905 2009
5765 429
5574 8091
7790 9825
932 2798
2718 1928
214 6110
904 7945
1663 8673
979 3624
7911 8846
4466 4541
4142 6275
3310 2385
8839 9846
1732 2787
3112 5651
3268 9056
7083 4553
6688 3669
1806 4160
6747 8579
5395 2442
6712 5143
6546 4783
2319 5764
6674 1491
3508 8098
287 8642
3170 927
9283 7364
67 3019
9133 756
9129 5807
3036 9210
6264 9144
2789 4377
6718 3927
212 2170
1902 6976
8969 2047
1481 6714
5561 2102
9839 8742
7600 9880
1630 7081
3406 5551
1597 9621
1149 6248
9746 7677
6205 6722
542 9055
1578 4549
337 5948
4353 1764
5843 4826
2785 5424
3125 8086
360 9181
118 8512
1067 2195
6995 2211
4523 7825
4950 2340
8423 6086
5107 8299
2338 3336
7481 142
2306 7710
2101 6753
9720 8882
377 4222
3769 9147
4045 6517
8617 6932
8927 5167
645 2810
7403 1535
1550 395
8652 9251
503 8713
529 8243
8399 5983
799 5837
5841 8240
7982 7248
8081 834
1170 5258
9187 3959
1551 9208
1239 816
8104 1818
7068 4661
2189 8610
7948 3453
1418 9403
5540 6500
7589 6609
1229 435
2276 729
6942 8193
464 6002
8329 4194
3399 4852
5379 5241
9031 4560
3279 9956
3940 8325
1556 4594
9095 3362
7576 2529
841 220
1616 9041
8316 9150
9603 1393
1998 9326
2752 7289
377 3011
8679 4034
2238 5516
7013 4550
1654 3301
8672 293
639 9065
4970 8238
8095 9384
755 2604
9740 6446
7765 1078
1094 6711
6520 536
5248 9346
6430 1957
3378 1400
6156 1318
744 5246
5056 6005
7295 4911
4445 7562
3886 4899
8600 5223
3055 3033
6673 6433
3493 6624
2883 6559
1065 2820
8714 9168
726 5734
8399 5040
6115 6337
1151 8968
949 7381
665 5626
1356 1955
6547 7090
4198 3524
9440 7551
8065 5666
4592 574
5782 7026
6247 5972
5031 4849
765 8731
4496 9920
515 8523
8007 1823
1526 6865
4518 6486
3439 3755
3443 6363
4797 6021
5126 9886
6836 1993
485 3641
7089 283
5747 4956
1368 7132
9250 2608
2556 2028
5733 3343
6201 4586
9561 4991
6622 3026
80 5309
7928 9307
349 8622
4024 1009
1814 6574
5193 16
4413 7175
4126 7835
5612 4659
7362 1941
4138 6124
3518 7279
4701 1975
185 9058
1449 9268
4983 9494
5169 1979
8571 5526
6654 2417
4201 4488
8270 9087
3518 9348
754 4711
3366 2348
2311 333
7588 4253
4649 9667
4120 2273
1258 9664
2267 2143
9853 6000
9198 3902
6860 5266
6994 3725
1973 8248
656 138
2940 8349
7601 5292
4708 5166
1579 7861
9305 8129
3642 8074
6861 6385
1088 2164
3615 8592
890 8694
8433 787
9827 224
2486 6796
8113 5602
7639 9733
5414 5717
7121 6905
5459 901
3437 6336
6407 5473
9307 486
6909 9512
4438 5119
657 370
1113 2844
5633 2672
4660 9252
2689 4030
3004 3247
6217 7864
5694 7724
775 5147
4873 6340
701 7761
9452 9061
7456 9365
8527 7191
5812 9511
4068 4527
443 8541
1631 3930
5426 501
6229 1440
1139 3762
4911 5152
2074 5472
1093 5148
5756 3986
2973 8758
2003 952
6045 5708
7555 9124
9459 4780
5126 9643
8420 3784
893 8478
6947 1324
5374 7769
9495 17
7637 7047
3177 9467
7778 1838
926 2621
1287 1182
4104 7701
9054 4080
4226 3143
7170 4658
7742 6463
7518 5536
7713 8012
2315 8149
9963 1259
8605 7087
2613 8515
8014 2782
5866 7949
763 7863
380 7885
867