1000
1 900
1 415
415 766
766 136
1 317
900 995
995 845
900 184
317 465
766 755
845 515
766 194
766 384
900 246
384 483
766 905
317 505
505 343
184 989
505 640
465 493
384 60
989 925
766 624
925 106
317 912
60 818
995 941
905 769
136 993
465 839
818 41
989 321
989 923
321 908
839 423
136 778
465 651
384 806
989 337
993 810
989 91
194 355
923 931
912 861
861 407
769 494
766 626
493 289
626 898
908 54
624 274
912 864
136 396
194 927
923 558
355 208
810 669
931 428
60 329
337 749
624 849
769 150
184 985
465 327
900 893
755 302
864 685
384 539
483 593
327 563
415 599
864 871
927 370
651 341
505 750
755 255
871 946
370 371
985 236
494 787
769 166
912 833
60 175
593 815
839 36
343 678
593 850
329 739
341 663
593 115
371 383
993 416
995 915
54 210
946 681
810 851
787 644
337 439
407 348
396 556
483 816
871 776
91 360
678 956
739 611
769 692
678 794
749 238
778 555
956 862
483 419
778 97
941 482
60 400
599 200
818 576
915 953
274 295
599 94
766 212
941 760
370 820
806 746
669 147
212 464
931 592
905 570
816 869
150 340
210 724
611 598
340 285
236 926
692 802
810 947
255 119
640 440
440 710
570 234
515 1000
1000 695
423 237
428 331
255 59
150 397
236 616
898 167
851 425
60 930
956 427
210 333
465 393
115 380
746 519
483 69
423 173
926 981
210 182
97 445
766 705
333 697
644 488
930 252
237 657
864 831
343 438
423 224
396 110
419 206
519 189
931 84
941 162
570 148
802 936
816 622
337 304
167 521
697 44
110 481
941 526
110 882
224 266
337 660
539 58
419 639
898 417
175 858
106 503
923 227
576 902
317 250
802 24
769 620
317 547
175 100
871 223
285 10
425 917
946 765
321 187
482 668
660 272
981 659
849 664
355 154
317 362
483 935
746 456
912 49
212 886
465 171
985 535
515 436
252 534
526 523
238 312
60 121
593 860
862 919
210 129
317 120
794 385
274 92
946 666
845 632
331 829
167 137
182 71
778 22
175 34
931 142
167 707
274 618
44 942
302 244
456 38
419 743
681 241
1000 897
616 114
175 641
503 738
137 553
24 460
407 811
862 183
445 796
465 509
237 193
749 708
912 661
778 42
521 727
162 580
348 395
947 916
208 667
660 630
360 735
464 153
119 978
255 875
137 756
36 305
850 432
912 17
833 890
41 323
208 93
333 462
890 689
810 891
898 991
598 141
400 777
241 758
416 824
439 677
396 326
553 517
423 571
882 287
493 797
417 929
989 292
370 217
927 221
985 986
517 188
926 706
193 478
989 185
488 906
49 196
304 378
100 575
777 885
187 770
224 562
692 585
749 177
49 313
200 543
92 532
986 703
562 737
839 720
664 754
292 424
575 496
558 854
900 191
816 795
191 887
766 204
200 403
611 741
482 301
204 426
829 976
661 28
355 717
71 476
640 896
703 261
720 966
981 146
115 263
313 940
302 320
703 19
191 11
236 658
193 202
397 21
445 857
439 581
415 45
515 674
795 962
902 719
206 736
383 145
28 180
110 867
285 330
320 271
426 472
839 190
250 107
923 390
100 458
936 66
651 700
858 759
864 889
727 311
915 979
93 763
236 377
681 172
532 269
931 216
150 672
250 239
575 278
599 468
92 914
689 577
216 652
669 800
42 207
136 386
724 587
576 157
750 501
244 745
362 533
535 366
839 688
796 934
285 856
547 342
641 374
555 288
482 186
216 670
925 495
703 205
777 256
17 174
776 352
377 728
735 892
115 455
1000 96
301 497
483 160
60 375
377 550
794 264
802 118
746 773
190 918
553 25
986 81
501 443
862 364
162 559
739 715
481 144
374 636
898 909
746 441
942 131
274 211
206 112
44 952
182 230
966 711
889 542
914 477
993 168
885 828
21 614
440 161
312 215
918 690
244 308
738 602
861 812
661 855
501 984
227 899
416 113
677 319
542 879
60 463
497 435
187 732
110 339
697 117
390 33
483 487
659 469
274 768
651 656
166 242
337 491
380 544
952 253
978 350
237 780
121 968
285 840
828 209
946 814
118 633
289 540
856 704
930 786
622 744
227 970
697 232
703 369
375 363
540 298
456 418
970 124
418 729
253 573
831 214
440 220
42 606
667 988
925 240
777 381
547 452
237 9
622 80
146 277
517 684
160 328
796 3
931 361
415 921
11 247
58 883
397 683
883 969
519 627
214 610
166 557
908 873
175 965
814 86
626 718
236 345
993 376
417 72
968 842
497 4
186 336
670 322
929 781
867 89
534 62
343 151
465 235
400 945
871 29
839 82
656 874
897 596
378 332
806 399
234 731
900 872
556 841
602 500
277 783
850 14
493 334
28 997
266 740
263 434
298 297
941 675
630 213
587 412
816 276
899 446
239 379
378 61
558 650
11 696
17 105
61 382
814 231
42 451
979 461
11 757
269 486
969 448
382 848
301 181
936 46
458 702
818 730
611 233
684 932
210 16
896 203
153 709
461 924
289 5
313 99
107 78
456 643
696 793
207 420
487 85
33 805
816 634
867 938
11 159
92 673
850 57
540 489
705 967
215 156
263 406
210 859
641 73
278 125
156 257
41 102
709 527
626 135
706 994
71 450
651 258
89 163
481 761
749 880
757 954
217 283
120 617
897 8
234 143
326 742
673 453
585 933
981 413
461 282
850 853
239 528
997 387
898 830
1000 499
478 122
393 75
45 960
735 863
739 95
657 613
320 70
435 47
292 615
118 155
443 852
763 600
436 548
966 226
221 605
899 625
465 987
606 37
86 566
660 603
839 764
720 804
761 347
381 498
75 303
700 335
558 964
145 753
295 56
760 586
95 569
627 530
14 229
991 807
440 529
848 536
652 894
183 662
824 693
387 913
385 646
639 101
519 584
704 357
622 358
666 344
529 508
613 837
214 628
851 691
558 2
871 103
214 712
472 980
942 128
357 821
240 779
69 619
332 104
453 588
5 268
640 607
377 623
906 789
942 983
350 992
503 280
207 192
556 199
209 32
924 353
425 612
833 74
740 655
38 541
588 972
763 116
212 561
285 300
376 13
848 293
237 597
21 290
269 726
14 52
128 51
381 410
177 904
829 572
2 792
693 294
607 138
954 510
400 567
374 568
905 870
358 39
691 822
533 507
533 948
806 245
451 801
206 437
600 961
693 631
333 409
42 920
313 198
131 716
997 134
523 699
102 671
137 389
555 645
600 467
627 394
523 826
14 990
97 958
768 721
681 701
320 414
39 788
4 248
612 538
107 518
538 43
446 686
253 999
122 98
983 881
252 595
33 490
115 803
794 951
452 318
493 405
8 868
598 392
933 767
426 20
220 939
940 296
432 834
234 359
831 944
730 169
534 975
56 554
328 957
926 373
995 176
287 48
97 165
336 564
155 306
205 139
957 928
554 90
357 262
269 398
409 950
340 474
289 473
233 77
641 249
369 431
897 133
161 351
208 798
995 714
42 354
567 903
773 642
908 782
557 722
306 35
739 878
296 520
266 799
741 687
339 813
620 195
107 843
670 284
710 64
330 752
863 55
364 219
602 574
84 475
351 279
913 679
538 40
678 825
71 471
821 638
274 982
991 67
855 454
43 504
209 552
319 525
351 647
833 838
728 506
445 895
211 346
199 512
925 609
41 876
641 844
603 748
38 747
398 404
645 835
757 314
552 123
187 734
471 365
738 888
348 170
473 485
182 26
936 444
815 604
173 87
992 725
405 88
764 254
369 79
753 565
505 222
658 225
848 809
550 922
202 817
471 911
112 682
766 560
876 281
464 53
995 31
652 251
860 866
614 259
330 108
825 537
406 998
31 442
753 524
889 401
398 784
254 6
667 583
640 15
889 635
750 791
968 430
70 7
93 551
603 884
917 338
237 368
258 63
952 492
664 356
679 545
600 836
991 349
701 179
957 286
351 772
830 971
355 132
463 23
515 243
4 910
960 713
645 50
633 621
539 479
575 823
787 589
620 846
593 149
786 762
944 433
33 30
892 273
880 546
962 733
716 152
778 275
224 511
633 109
366 648
346 480
802 865
824 265
109 68
82 325
99 973
515 76
708 514
947 447
383 391
706 158
89 531
944 723
89 315
317 178
261 83
985 937
909 775
236 790
442 877
886 974
337 959
345 309
855 218
900 270
718 164
842 299
26 698
788 943
958 996
864 111
904 582
247 608
6 578
603 316
415 127
690 422
825 228
349 771
244 785
180 847
43 751
781 808
103 901
712 774
785 367
192 65
249 130
53 649
679 140
240 977
542 907
815 449
74 402
943 579
244 694
614 201
621 963
914 502
579 466
445 408
416 949
472 291
619 629
72 591
880 388
220 522
589 421
383 18
758 457
204 429
945 260
95 955
619 12
776 459
208 470
917 680
792 324
14 665
65 126
604 411
962 590
406 310
339 637
701 27
644 594
751 372
378 549
913 819
769 832
729 516
812 654
423 484
540 601
158 653
479 197
433 827
498 307
589 676
798 513
640 267
