16666 8389
3 4
4 5
7 8
11 12
12 13
15 16
17 18
19 20
20 21
25 26
27 28
29 30
31 32
32 33
35 36
38 39
39 40
45 46
46 47
48 49
50 51
54 55
55 56
56 57
61 62
63 64
66 67
67 68
69 70
71 72
73 74
74 75
75 76
76 77
77 78
78 79
81 82
82 83
83 84
86 87
91 92
97 98
98 99
102 103
103 104
104 105
105 106
106 107
112 113
113 114
114 115
115 116
118 119
119 120
120 121
121 122
122 123
123 124
127 128
129 130
132 133
134 135
137 138
139 140
143 144
147 148
151 152
153 154
154 155
156 157
160 161
163 164
164 165
170 171
171 172
172 173
173 174
176 177
179 180
181 182
183 184
185 186
188 189
190 191
192 193
193 194
195 196
196 197
197 198
198 199
199 200
204 205
206 207
207 208
212 213
214 215
217 218
218 219
219 220
220 221
222 223
224 225
225 226
226 227
228 229
230 231
231 232
233 234
236 237
238 239
239 240
241 242
242 243
244 245
247 248
249 250
250 251
252 253
256 257
260 261
263 264
265 266
266 267
267 268
268 269
269 270
272 273
274 275
276 277
281 282
285 286
289 290
292 293
294 295
296 297
300 301
302 303
306 307
307 308
309 310
312 313
313 314
315 316
316 317
318 319
320 321
323 324
325 326
326 327
329 330
330 331
331 332
332 333
335 336
336 337
339 340
340 341
341 342
342 343
343 344
346 347
347 348
348 349
350 351
353 354
355 356
356 357
358 359
360 361
361 362
366 367
367 368
369 370
370 371
373 374
374 375
377 378
379 380
381 382
383 384
384 385
386 387
389 390
391 392
392 393
393 394
396 397
397 398
398 399
399 400
401 402
402 403
408 409
409 410
411 412
412 413
414 415
415 416
416 417
420 421
424 425
426 427
429 430
432 433
434 435
436 437
437 438
438 439
439 440
442 443
445 446
446 447
447 448
448 449
449 450
450 451
454 455
457 458
458 459
460 461
466 467
467 468
468 469
472 473
479 480
480 481
481 482
482 483
485 486
488 489
490 491
492 493
496 497
497 498
498 499
499 500
501 502
502 503
505 506
508 509
510 511
511 512
517 518
519 520
520 521
521 522
523 524
526 527
530 531
531 532
532 533
535 536
536 537
537 538
539 540
543 544
544 545
545 546
548 549
551 552
554 555
555 556
556 557
557 558
560 561
567 568
570 571
571 572
572 573
575 576
576 577
578 579
579 580
585 586
586 587
588 589
589 590
591 592
594 595
596 597
598 599
603 604
604 605
606 607
607 608
608 609
609 610
610 611
613 614
623 624
624 625
626 627
627 628
628 629
633 634
634 635
636 637
639 640
640 641
641 642
642 643
645 646
646 647
647 648
649 650
652 653
653 654
655 656
656 657
657 658
658 659
661 662
662 663
666 667
667 668
668 669
670 671
673 674
674 675
675 676
676 677
677 678
678 679
680 681
681 682
685 686
689 690
690 691
691 692
692 693
695 696
696 697
698 699
703 704
705 706
706 707
708 709
709 710
712 713
714 715
716 717
717 718
719 720
727 728
730 731
732 733
737 738
738 739
740 741
741 742
743 744
746 747
747 748
752 753
756 757
758 759
760 761
762 763
764 765
765 766
768 769
769 770
771 772
774 775
776 777
777 778
778 779
779 780
781 782
783 784
785 786
787 788
789 790
791 792
794 795
795 796
796 797
799 800
800 801
801 802
803 804
806 807
807 808
808 809
811 812
813 814
816 817
821 822
823 824
824 825
825 826
829 830
834 835
835 836
836 837
837 838
840 841
841 842
842 843
845 846
846 847
848 849
849 850
851 852
852 853
856 857
857 858
861 862
865 866
866 867
870 871
871 872
874 875
875 876
876 877
877 878
878 879
879 880
880 881
882 883
883 884
884 885
886 887
888 889
889 890
892 893
893 894
895 896
897 898
908 909
910 911
912 913
913 914
914 915
916 917
917 918
918 919
919 920
921 922
927 928
928 929
930 931
931 932
932 933
936 937
937 938
940 941
941 942
942 943
943 944
945 946
948 949
950 951
951 952
953 954
954 955
956 957
957 958
959 960
960 961
961 962
962 963
964 965
965 966
966 967
967 968
974 975
976 977
979 980
981 982
982 983
983 984
984 985
985 986
988 989
989 990
991 992
992 993
994 995
995 996
997 998
1000 1001
1001 1002
1004 1005
1005 1006
1006 1007
1007 1008
1010 1011
1011 1012
1013 1014
1015 1016
1017 1018
1018 1019
1019 1020
1021 1022
1022 1023
1023 1024
1025 1026
1031 1032
1036 1037
1038 1039
1041 1042
1042 1043
1044 1045
1045 1046
1046 1047
1047 1048
1048 1049
1052 1053
1054 1055
1055 1056
1056 1057
1058 1059
1059 1060
1062 1063
1063 1064
1064 1065
1065 1066
1071 1072
1073 1074
1079 1080
1081 1082
1086 1087
1090 1091
1091 1092
1092 1093
1094 1095
1097 1098
1100 1101
1101 1102
1105 1106
1106 1107
1107 1108
1109 1110
1112 1113
1115 1116
1118 1119
1120 1121
1121 1122
1123 1124
1130 1131
1132 1133
1133 1134
1134 1135
1138 1139
1139 1140
1140 1141
1143 1144
1145 1146
1146 1147
1147 1148
1150 1151
1151 1152
1154 1155
1155 1156
1156 1157
1161 1162
1162 1163
1164 1165
1166 1167
1169 1170
1170 1171
1171 1172
1172 1173
1173 1174
1174 1175
1177 1178
1178 1179
1180 1181
1182 1183
1183 1184
1184 1185
1188 1189
1189 1190
1190 1191
1191 1192
1192 1193
1197 1198
1199 1200
1202 1203
1204 1205
1205 1206
1207 1208
1208 1209
1209 1210
1213 1214
1216 1217
1218 1219
1223 1224
1225 1226
1226 1227
1227 1228
1229 1230
1230 1231
1233 1234
1235 1236
1236 1237
1238 1239
1239 1240
1242 1243
1244 1245
1245 1246
1248 1249
1249 1250
1252 1253
1254 1255
1255 1256
1259 1260
1260 1261
1261 1262
1262 1263
1264 1265
1268 1269
1269 1270
1270 1271
1275 1276
1276 1277
1278 1279
1279 1280
1281 1282
1282 1283
1284 1285
1286 1287
1287 1288
1289 1290
1292 1293
1293 1294
1294 1295
1296 1297
1297 1298
1299 1300
1302 1303
1305 1306
1308 1309
1309 1310
1310 1311
1311 1312
1313 1314
1315 1316
1316 1317
1318 1319
1320 1321
1322 1323
1331 1332
1332 1333
1333 1334
1334 1335
1335 1336
1339 1340
1340 1341
1341 1342
1346 1347
1348 1349
1349 1350
1352 1353
1353 1354
1354 1355
1355 1356
1359 1360
1360 1361
1362 1363
1366 1367
1368 1369
1369 1370
1371 1372
1373 1374
1375 1376
1376 1377
1378 1379
1379 1380
1381 1382
1386 1387
1390 1391
1391 1392
1394 1395
1396 1397
1401 1402
1402 1403
1404 1405
1405 1406
1407 1408
1412 1413
1414 1415
1417 1418
1418 1419
1419 1420
1424 1425
1425 1426
1426 1427
1427 1428
1429 1430
1430 1431
1431 1432
1432 1433
1435 1436
1436 1437
1438 1439
1441 1442
1442 1443
1444 1445
1445 1446
1455 1456
1456 1457
1458 1459
1459 1460
1461 1462
1462 1463
1463 1464
1464 1465
1465 1466
1467 1468
1469 1470
1470 1471
1473 1474
1475 1476
1479 1480
1486 1487
1490 1491
1491 1492
1492 1493
1493 1494
1494 1495
1495 1496
1497 1498
1498 1499
1502 1503
1503 1504
1507 1508
1508 1509
1511 1512
1514 1515
1515 1516
1517 1518
1518 1519
1519 1520
1521 1522
1525 1526
1526 1527
1527 1528
1528 1529
1529 1530
1530 1531
1532 1533
1533 1534
1535 1536
1538 1539
1539 1540
1540 1541
1542 1543
1545 1546
1546 1547
1548 1549
1549 1550
1550 1551
1558 1559
1563 1564
1564 1565
1565 1566
1567 1568
1568 1569
1570 1571
1572 1573
1574 1575
1575 1576
1576 1577
1579 1580
1580 1581
1581 1582
1582 1583
1584 1585
1585 1586
1586 1587
1587 1588
1591 1592
1592 1593
1593 1594
1594 1595
1595 1596
1596 1597
1598 1599
1599 1600
1601 1602
1603 1604
1604 1605
1611 1612
1612 1613
1615 1616
1617 1618
1619 1620
1624 1625
1625 1626
1627 1628
1628 1629
1630 1631
1632 1633
1633 1634
1634 1635
1642 1643
1644 1645
1645 1646
1648 1649
1651 1652
1654 1655
1655 1656
1658 1659
1659 1660
1660 1661
1661 1662
1663 1664
1664 1665
1667 1668
1673 1674
1676 1677
1677 1678
1680 1681
1683 1684
1684 1685
1685 1686
1686 1687
1688 1689
1689 1690
1690 1691
1692 1693
1693 1694
1695 1696
1696 1697
1705 1706
1707 1708
1708 1709
1711 1712
1712 1713
1713 1714
1714 1715
1715 1716
1716 1717
1718 1719
1722 1723
1724 1725
1726 1727
1727 1728
1728 1729
1729 1730
1731 1732
1733 1734
1739 1740
1741 1742
1744 1745
1746 1747
1749 1750
1750 1751
1751 1752
1758 1759
1763 1764
1766 1767
1767 1768
1772 1773
1773 1774
1776 1777
1779 1780
1784 1785
1786 1787
1787 1788
1788 1789
1789 1790
1792 1793
1794 1795
1798 1799
1799 1800
1801 1802
1802 1803
1803 1804
1804 1805
1805 1806
1806 1807
1808 1809
1809 1810
1812 1813
1813 1814
1814 1815
1816 1817
1817 1818
1822 1823
1824 1825
1825 1826
1826 1827
1827 1828
1829 1830
1830 1831
1833 1834
1834 1835
1840 1841
1844 1845
1846 1847
1848 1849
1849 1850
1851 1852
1853 1854
1856 1857
1857 1858
1858 1859
1859 1860
1860 1861
1864 1865
1865 1866
1866 1867
1871 1872
1872 1873
1875 1876
1876 1877
1877 1878
1878 1879
1880 1881
1882 1883
1885 1886
1886 1887
1887 1888
1888 1889
1891 1892
1893 1894
1896 1897
1897 1898
1898 1899
1900 1901
1901 1902
1906 1907
1907 1908
1908 1909
1909 1910
1912 1913
1913 1914
1914 1915
1915 1916
1917 1918
1918 1919
1919 1920
1920 1921
1922 1923
1923 1924
1925 1926
1926 1927
1930 1931
1933 1934
1935 1936
1938 1939
1939 1940
1943 1944
1944 1945
1945 1946
1948 1949
1949 1950
1950 1951
1954 1955
1956 1957
1957 1958
1958 1959
1961 1962
1962 1963
1966 1967
1967 1968
1968 1969
1970 1971
1971 1972
1973 1974
1974 1975
1976 1977
1978 1979
1980 1981
1983 1984
1984 1985
1985 1986
1986 1987
1987 1988
1989 1990
1990 1991
1991 1992
1992 1993
1994 1995
1996 1997
1999 2000
2001 2002
2002 2003
2003 2004
2004 2005
2005 2006
2006 2007
2008 2009
2011 2012
2012 2013
2013 2014
2014 2015
2016 2017
2017 2018
2019 2020
2023 2024
2027 2028
2029 2030
2030 2031
2031 2032
2033 2034
2035 2036
2038 2039
2039 2040
2041 2042
2047 2048
2050 2051
2051 2052
2052 2053
2053 2054
2055 2056
2056 2057
2057 2058
2060 2061
2061 2062
2065 2066
2066 2067
2069 2070
2070 2071
2076 2077
2077 2078
2078 2079
2079 2080
2080 2081
2081 2082
2082 2083
2083 2084
2088 2089
2089 2090
2090 2091
2091 2092
2094 2095
2095 2096
2098 2099
2100 2101
2101 2102
2104 2105
2105 2106
2106 2107
2109 2110
2110 2111
2111 2112
2112 2113
2113 2114
2115 2116
2116 2117
2119 2120
2122 2123
2123 2124
2124 2125
2125 2126
2126 2127
2127 2128
2128 2129
2130 2131
2134 2135
2136 2137
2140 2141
2141 2142
2143 2144
2145 2146
2146 2147
2147 2148
2150 2151
2153 2154
2154 2155
2155 2156
2156 2157
2159 2160
2161 2162
2168 2169
2170 2171
2171 2172
2172 2173
2174 2175
2175 2176
2178 2179
2180 2181
2183 2184
2185 2186
2187 2188
2188 2189
2189 2190
2190 2191
2191 2192
2192 2193
2193 2194
2194 2195
2196 2197
2197 2198
2198 2199
2199 2200
2201 2202
2203 2204
2205 2206
2206 2207
2208 2209
2211 2212
2212 2213
2213 2214
2214 2215
2216 2217
2217 2218
2219 2220
2220 2221
2221 2222
2222 2223
2223 2224
2225 2226
2226 2227
2227 2228
2229 2230
2230 2231
2231 2232
2234 2235
2235 2236
2236 2237
2238 2239
2239 2240
2240 2241
2242 2243
2247 2248
2248 2249
2249 2250
2250 2251
2251 2252
2252 2253
2253 2254
2254 2255
2258 2259
2263 2264
2264 2265
2267 2268
2268 2269
2269 2270
2272 2273
2274 2275
2278 2279
2279 2280
2285 2286
2286 2287
2288 2289
2290 2291
2293 2294
2296 2297
2297 2298
2298 2299
2302 2303
2305 2306
2306 2307
2308 2309
2309 2310
2314 2315
2316 2317
2319 2320
2322 2323
2326 2327
2329 2330
2331 2332
2332 2333
2333 2334
2338 2339
2339 2340
2341 2342
2343 2344
2344 2345
2345 2346
2348 2349
2349 2350
2353 2354
2354 2355
2355 2356
2356 2357
2357 2358
2360 2361
2362 2363
2363 2364
2367 2368
2368 2369
2369 2370
2370 2371
2372 2373
2373 2374
2374 2375
2375 2376
2376 2377
2380 2381
2382 2383
2383 2384
2384 2385
2385 2386
2387 2388
2389 2390
2393 2394
2394 2395
2395 2396
2402 2403
2406 2407
2408 2409
2409 2410
2412 2413
2413 2414
2414 2415
2417 2418
2419 2420
2421 2422
2424 2425
2426 2427
2427 2428
2429 2430
2431 2432
2433 2434
2434 2435
2436 2437
2438 2439
2439 2440
2440 2441
2441 2442
2443 2444
2444 2445
2446 2447
2448 2449
2453 2454
2455 2456
2456 2457
2458 2459
2460 2461
2461 2462
2462 2463
2463 2464
2464 2465
2465 2466
2468 2469
2470 2471
2472 2473
2474 2475
2475 2476
2476 2477
2481 2482
2482 2483
2483 2484
2484 2485
2485 2486
2487 2488
2490 2491
2492 2493
2495 2496
2496 2497
2498 2499
2499 2500
2500 2501
2502 2503
2503 2504
2504 2505
2505 2506
2513 2514
2515 2516
2516 2517
2517 2518
2518 2519
2519 2520
2522 2523
2525 2526
2526 2527
2528 2529
2530 2531
2534 2535
2535 2536
2540 2541
2542 2543
2543 2544
2545 2546
2548 2549
2551 2552
2552 2553
2553 2554
2555 2556
2558 2559
2563 2564
2564 2565
2565 2566
2566 2567
2567 2568
2570 2571
2575 2576
2576 2577
2577 2578
2578 2579
2581 2582
2582 2583
2586 2587
2588 2589
2589 2590
2592 2593
2594 2595
2597 2598
2602 2603
2603 2604
2606 2607
2607 2608
2609 2610
2611 2612
2612 2613
2613 2614
2616 2617
2617 2618
2620 2621
2622 2623
2623 2624
2624 2625
2626 2627
2627 2628
2629 2630
2631 2632
2632 2633
2635 2636
2638 2639
2639 2640
2642 2643
2643 2644
2651 2652
2655 2656
2657 2658
2659 2660
2660 2661
2662 2663
2664 2665
2666 2667
2667 2668
2668 2669
2672 2673
2673 2674
2674 2675
2675 2676
2676 2677
2678 2679
2681 2682
2682 2683
2683 2684
2684 2685
2687 2688
2688 2689
2690 2691
2695 2696
2698 2699
2699 2700
2701 2702
2702 2703
2704 2705
2705 2706
2706 2707
2709 2710
2712 2713
2713 2714
2717 2718
2719 2720
2721 2722
2723 2724
2726 2727
2730 2731
2734 2735
2737 2738
2741 2742
2742 2743
2743 2744
2744 2745
2745 2746
2746 2747
2748 2749
2749 2750
2750 2751
2751 2752
2752 2753
2755 2756
2758 2759
2760 2761
2761 2762
2762 2763
2767 2768
2770 2771
2773 2774
2774 2775
2781 2782
2782 2783
2784 2785
2786 2787
2790 2791
2791 2792
2793 2794
2794 2795
2795 2796
2797 2798
2798 2799
2800 2801
2801 2802
2802 2803
2803 2804
2804 2805
2806 2807
2807 2808
2808 2809
2810 2811
2812 2813
2815 2816
2818 2819
2819 2820
2820 2821
2821 2822
2823 2824
2825 2826
2826 2827
2827 2828
2828 2829
2829 2830
2831 2832
2832 2833
2835 2836
2836 2837
2837 2838
2839 2840
2841 2842
2843 2844
2846 2847
2848 2849
2849 2850
2852 2853
2853 2854
2854 2855
2855 2856
2858 2859
2859 2860
2866 2867
2867 2868
2868 2869
2869 2870
2870 2871
2871 2872
2872 2873
2873 2874
2877 2878
2878 2879
2881 2882
2882 2883
2887 2888
2888 2889
2889 2890
2891 2892
2892 2893
2893 2894
2894 2895
2895 2896
2898 2899
2899 2900
2900 2901
2902 2903
2904 2905
2908 2909
2909 2910
2911 2912
2912 2913
2913 2914
2914 2915
2919 2920
2920 2921
2923 2924
2925 2926
2926 2927
2929 2930
2930 2931
2931 2932
2934 2935
2936 2937
2940 2941
2945 2946
2946 2947
2947 2948
2952 2953
2960 2961
2963 2964
2966 2967
2967 2968
2969 2970
2970 2971
2974 2975
2975 2976
2979 2980
2981 2982
2983 2984
2984 2985
2985 2986
2987 2988
2988 2989
2995 2996
2999 3000
3001 3002
3005 3006
3006 3007
3008 3009
3010 3011
3011 3012
3012 3013
3015 3016
3017 3018
3022 3023
3023 3024
3027 3028
3029 3030
3031 3032
3034 3035
3036 3037
3040 3041
3045 3046
3048 3049
3049 3050
3050 3051
3051 3052
3053 3054
3057 3058
3059 3060
3060 3061
3065 3066
3066 3067
3067 3068
3068 3069
3069 3070
3071 3072
3075 3076
3076 3077
3077 3078
3078 3079
3082 3083
3084 3085
3087 3088
3089 3090
3090 3091
3091 3092
3092 3093
3093 3094
3097 3098
3098 3099
3099 3100
3100 3101
3101 3102
3102 3103
3106 3107
3108 3109
3109 3110
3111 3112
3112 3113
3114 3115
3116 3117
3117 3118
3119 3120
3120 3121
3121 3122
3122 3123
3123 3124
3124 3125
3125 3126
3126 3127
3127 3128
3131 3132
3132 3133
3133 3134
3135 3136
3137 3138
3138 3139
3140 3141
3141 3142
3143 3144
3145 3146
3146 3147
3147 3148
3148 3149
3150 3151
3151 3152
3153 3154
3154 3155
3156 3157
3157 3158
3159 3160
3160 3161
3161 3162
3164 3165
3166 3167
3170 3171
3172 3173
3176 3177
3177 3178
3178 3179
3179 3180
3184 3185
3185 3186
3186 3187
3187 3188
3189 3190
3191 3192
3194 3195
3195 3196
3199 3200
3200 3201
3202 3203
3205 3206
3208 3209
3209 3210
3210 3211
3213 3214
3214 3215
3215 3216
3216 3217
3219 3220
3222 3223
3226 3227
3231 3232
3232 3233
3233 3234
3234 3235
3235 3236
3240 3241
3243 3244
3245 3246
3246 3247
3247 3248
3252 3253
3253 3254
3255 3256
3256 3257
3257 3258
3258 3259
3259 3260
3260 3261
3262 3263
3267 3268
3269 3270
3270 3271
3274 3275
3277 3278
3281 3282
3285 3286
3287 3288
3289 3290
3294 3295
3295 3296
3297 3298
3298 3299
3300 3301
3301 3302
3302 3303
3305 3306
3307 3308
3309 3310
3310 3311
3314 3315
3316 3317
3317 3318
3320 3321
3324 3325
3325 3326
3327 3328
3330 3331
3331 3332
3332 3333
3333 3334
3334 3335
3336 3337
3337 3338
3338 3339
3339 3340
3340 3341
3342 3343
3343 3344
3346 3347
3347 3348
3349 3350
3350 3351
3352 3353
3353 3354
3355 3356
3359 3360
3368 3369
3371 3372
3375 3376
3376 3377
3378 3379
3379 3380
3380 3381
3384 3385
3385 3386
3387 3388
3388 3389
3389 3390
3390 3391
3392 3393
3395 3396
3396 3397
3397 3398
3398 3399
3399 3400
3401 3402
3403 3404
3405 3406
3407 3408
3408 3409
3409 3410
3410 3411
3413 3414
3416 3417
3419 3420
3420 3421
3421 3422
3422 3423
3423 3424
3424 3425
3425 3426
3427 3428
3430 3431
3431 3432
3434 3435
3436 3437
3439 3440
3443 3444
3444 3445
3447 3448
3448 3449
3449 3450
3451 3452
3453 3454
3456 3457
3459 3460
3461 3462
3464 3465
3465 3466
3466 3467
3467 3468
3468 3469
3469 3470
3474 3475
3475 3476
3477 3478
3478 3479
3480 3481
3483 3484
3484 3485
3485 3486
3487 3488
3489 3490
3490 3491
3491 3492
3494 3495
3496 3497
3497 3498
3498 3499
3503 3504
3506 3507
3508 3509
3512 3513
3513 3514
3515 3516
3522 3523
3523 3524
3524 3525
3525 3526
3526 3527
3527 3528
3529 3530
3530 3531
3532 3533
3534 3535
3535 3536
3538 3539
3539 3540
3540 3541
3541 3542
3542 3543
3544 3545
3545 3546
3548 3549
3549 3550
3550 3551
3552 3553
3553 3554
3556 3557
3558 3559
3559 3560
3560 3561
3565 3566
3566 3567
3568 3569
3571 3572
3572 3573
3574 3575
3575 3576
3577 3578
3578 3579
3580 3581
3583 3584
3584 3585
3585 3586
3586 3587
3587 3588
3588 3589
3589 3590
3591 3592
3592 3593
3594 3595
3595 3596
3600 3601
3602 3603
3603 3604
3608 3609
3609 3610
3610 3611
3611 3612
3612 3613
3613 3614
3616 3617
3618 3619
3620 3621
3621 3622
3623 3624
3625 3626
3630 3631
3631 3632
3632 3633
3633 3634
3635 3636
3636 3637
3641 3642
3643 3644
3644 3645
3645 3646
3646 3647
3648 3649
3655 3656
3656 3657
3657 3658
3661 3662
3662 3663
3663 3664
3664 3665
3665 3666
3666 3667
3667 3668
3670 3671
3671 3672
3672 3673
3673 3674
3682 3683
3687 3688
3689 3690
3690 3691
3691 3692
3692 3693
3698 3699
3699 3700
3700 3701
3701 3702
3703 3704
3704 3705
3705 3706
3706 3707
3707 3708
3714 3715
3715 3716
3716 3717
3720 3721
3721 3722
3723 3724
3725 3726
3729 3730
3730 3731
3731 3732
3732 3733
3733 3734
3735 3736
3737 3738
3738 3739
3739 3740
3741 3742
3744 3745
3747 3748
3748 3749
3749 3750
3750 3751
3751 3752
3752 3753
3755 3756
3757 3758
3759 3760
3760 3761
3761 3762
3762 3763
3763 3764
3766 3767
3767 3768
3768 3769
3770 3771
3771 3772
3773 3774
3774 3775
3775 3776
3776 3777
3780 3781
3781 3782
3784 3785
3785 3786
3787 3788
3789 3790
3790 3791
3793 3794
3794 3795
3795 3796
3796 3797
3798 3799
3802 3803
3803 3804
3804 3805
3805 3806
3806 3807
3807 3808
3809 3810
3810 3811
3811 3812
3812 3813
3814 3815
3817 3818
3818 3819
3820 3821
3821 3822
3823 3824
3827 3828
3828 3829
3830 3831
3833 3834
3834 3835
3838 3839
3839 3840
3840 3841
3841 3842
3842 3843
3845 3846
3846 3847
3847 3848
3848 3849
3849 3850
3850 3851
3851 3852
3852 3853
3855 3856
3856 3857
3857 3858
3858 3859
3861 3862
3862 3863
3863 3864
3865 3866
3866 3867
3868 3869
3870 3871
3871 3872
3872 3873
3873 3874
3876 3877
3879 3880
3880 3881
3881 3882
3885 3886
3893 3894
3897 3898
3903 3904
3907 3908
3909 3910
3910 3911
3912 3913
3914 3915
3915 3916
3916 3917
3917 3918
3919 3920
3921 3922
3922 3923
3923 3924
3926 3927
3927 3928
3928 3929
3929 3930
3930 3931
3931 3932
3936 3937
3937 3938
3938 3939
3939 3940
3940 3941
3941 3942
3942 3943
3944 3945
3951 3952
3953 3954
3954 3955
3955 3956
3957 3958
3960 3961
3961 3962
3965 3966
3967 3968
3968 3969
3973 3974
3980 3981
3983 3984
3984 3985
3985 3986
3986 3987
3987 3988
3988 3989
3989 3990
3991 3992
3994 3995
3995 3996
3996 3997
3997 3998
4002 4003
4005 4006
4007 4008
4008 4009
4009 4010
4011 4012
4012 4013
4013 4014
4015 4016
4016 4017
4019 4020
4021 4022
4022 4023
4023 4024
4025 4026
4028 4029
4029 4030
4032 4033
4033 4034
4035 4036
4036 4037
4037 4038
4039 4040
4042 4043
4044 4045
4045 4046
4046 4047
4047 4048
4048 4049
4050 4051
4054 4055
4056 4057
4058 4059
4061 4062
4062 4063
4066 4067
4070 4071
4071 4072
4074 4075
4076 4077
4077 4078
4078 4079
4079 4080
4081 4082
4083 4084
4084 4085
4086 4087
4087 4088
4088 4089
4092 4093
4093 4094
4094 4095
4097 4098
4098 4099
4099 4100
4100 4101
4102 4103
4104 4105
4108 4109
4111 4112
4112 4113
4113 4114
4114 4115
4115 4116
4116 4117
4120 4121
4121 4122
4123 4124
4125 4126
4126 4127
4130 4131
4132 4133
4134 4135
4136 4137
4137 4138
4139 4140
4141 4142
4143 4144
4145 4146
4147 4148
4148 4149
4149 4150
4150 4151
4152 4153
4153 4154
4155 4156
4158 4159
4159 4160
4160 4161
4162 4163
4163 4164
4164 4165
4166 4167
4167 4168
4172 4173
4175 4176
4178 4179
4181 4182
4182 4183
4184 4185
4189 4190
4190 4191
4192 4193
4193 4194
4194 4195
4195 4196
4196 4197
4197 4198
4200 4201
4207 4208
4210 4211
4211 4212
4212 4213
4213 4214
4217 4218
4218 4219
4220 4221
4226 4227
4228 4229
4229 4230
4232 4233
4233 4234
4234 4235
4236 4237
4237 4238
4238 4239
4239 4240
4243 4244
4244 4245
4245 4246
4246 4247
4248 4249
4253 4254
4255 4256
4256 4257
4261 4262
4263 4264
4265 4266
4267 4268
4272 4273
4274 4275
4275 4276
4276 4277
4277 4278
4279 4280
4281 4282
4282 4283
4283 4284
4285 4286
4289 4290
4293 4294
4294 4295
4298 4299
4299 4300
4302 4303
4303 4304
4306 4307
4310 4311
4313 4314
4316 4317
4317 4318
4325 4326
4329 4330
4330 4331
4332 4333
4333 4334
4336 4337
4337 4338
4340 4341
4341 4342
4351 4352
4354 4355
4355 4356
4359 4360
4360 4361
4361 4362
4362 4363
4365 4366
4367 4368
4368 4369
4369 4370
4370 4371
4372 4373
4374 4375
4375 4376
4377 4378
4379 4380
4380 4381
4383 4384
4384 4385
4385 4386
4386 4387
4387 4388
4390 4391
4393 4394
4394 4395
4395 4396
4397 4398
4399 4400
4400 4401
4402 4403
4403 4404
4410 4411
4412 4413
4413 4414
4414 4415
4415 4416
4416 4417
4418 4419
4420 4421
4421 4422
4424 4425
4425 4426
4429 4430
4431 4432
4433 4434
4436 4437
4438 4439
4439 4440
4441 4442
4443 4444
4444 4445
4446 4447
4448 4449
4449 4450
4451 4452
4454 4455
4457 4458
4458 4459
4461 4462
4462 4463
4467 4468
4468 4469
4469 4470
4472 4473
4474 4475
4479 4480
4480 4481
4483 4484
4485 4486
4487 4488
4492 4493
4495 4496
4496 4497
4497 4498
4499 4500
4502 4503
4503 4504
4506 4507
4507 4508
4509 4510
4510 4511
4511 4512
4515 4516
4516 4517
4519 4520
4520 4521
4522 4523
4523 4524
4524 4525
4526 4527
4527 4528
4528 4529
4529 4530
4533 4534
4534 4535
4536 4537
4537 4538
4539 4540
4543 4544
4546 4547
4547 4548
4549 4550
4551 4552
4552 4553
4553 4554
4555 4556
4556 4557
4558 4559
4560 4561
4563 4564
4564 4565
4569 4570
4571 4572
4573 4574
4575 4576
4576 4577
4578 4579
4579 4580
4580 4581
4581 4582
4586 4587
4587 4588
4589 4590
4590 4591
4591 4592
4593 4594
4595 4596
4596 4597
4597 4598
4598 4599
4600 4601
4602 4603
4603 4604
4609 4610
4610 4611
4613 4614
4615 4616
4616 4617
4617 4618
4618 4619
4620 4621
4622 4623
4626 4627
4628 4629
4629 4630
4630 4631
4631 4632
4632 4633
4634 4635
4635 4636
4637 4638
4639 4640
4643 4644
4645 4646
4648 4649
4652 4653
4653 4654
4654 4655
4657 4658
4660 4661
4665 4666
4667 4668
4668 4669
4670 4671
4671 4672
4675 4676
4676 4677
4677 4678
4679 4680
4680 4681
4684 4685
4685 4686
4686 4687
4687 4688
4688 4689
4689 4690
4690 4691
4691 4692
4692 4693
4694 4695
4700 4701
4701 4702
4704 4705
4705 4706
4706 4707
4708 4709
4710 4711
4712 4713
4713 4714
4714 4715
4715 4716
4719 4720
4720 4721
4722 4723
4723 4724
4726 4727
4727 4728
4728 4729
4730 4731
4733 4734
4734 4735
4740 4741
4742 4743
4743 4744
4749 4750
4750 4751
4751 4752
4756 4757
4757 4758
4758 4759
4759 4760
4761 4762
4764 4765
4765 4766
4767 4768
4769 4770
4771 4772
4774 4775
4775 4776
4779 4780
4780 4781
4782 4783
4783 4784
4784 4785
4785 4786
4786 4787
4787 4788
4793 4794
4797 4798
4798 4799
4802 4803
4805 4806
4806 4807
4807 4808
4809 4810
4810 4811
4814 4815
4820 4821
4823 4824
4824 4825
4826 4827
4832 4833
4833 4834
4834 4835
4837 4838
4838 4839
4839 4840
4840 4841
4841 4842
4842 4843
4844 4845
4848 4849
4850 4851
4852 4853
4858 4859
4859 4860
4861 4862
4862 4863
4866 4867
4868 4869
4869 4870
4870 4871
4872 4873
4875 4876
4878 4879
4880 4881
4881 4882
4884 4885
4891 4892
4892 4893
4893 4894
4894 4895
4897 4898
4898 4899
4899 4900
4901 4902
4903 4904
4904 4905
4907 4908
4908 4909
4913 4914
4914 4915
4915 4916
4916 4917
4917 4918
4918 4919
4920 4921
4925 4926
4926 4927
4927 4928
4928 4929
4929 4930
4932 4933
4935 4936
4943 4944
4945 4946
4949 4950
4954 4955
4956 4957
4957 4958
4958 4959
4959 4960
4961 4962
4962 4963
4964 4965
4967 4968
4969 4970
4971 4972
4974 4975
4975 4976
4976 4977
4977 4978
4978 4979
4980 4981
4983 4984
4984 4985
4985 4986
4988 4989
4990 4991
4991 4992
4992 4993
4994 4995
4997 4998
5002 5003
5005 5006
5007 5008
5008 5009
5009 5010
5011 5012
5012 5013
5013 5014
5017 5018
5018 5019
5019 5020
5020 5021
5022 5023
5024 5025
5026 5027
5027 5028
5030 5031
5031 5032
5033 5034
5034 5035
5035 5036
5036 5037
5039 5040
5041 5042
5042 5043
5043 5044
5046 5047
5052 5053
5055 5056
5057 5058
5063 5064
5069 5070
5070 5071
5072 5073
5073 5074
5078 5079
5082 5083
5084 5085
5086 5087
5091 5092
5092 5093
5094 5095
5098 5099
5100 5101
5102 5103
5103 5104
5106 5107
5107 5108
5109 5110
5112 5113
5114 5115
5117 5118
5120 5121
5121 5122
5124 5125
5127 5128
5128 5129
5129 5130
5131 5132
5132 5133
5133 5134
5135 5136
5136 5137
5137 5138
5140 5141
5141 5142
5144 5145
5145 5146
5146 5147
5149 5150
5150 5151
5151 5152
5155 5156
5159 5160
5165 5166
5168 5169
5169 5170
5170 5171
5175 5176
5176 5177
5177 5178
5180 5181
5181 5182
5185 5186
5186 5187
5187 5188
5190 5191
5193 5194
5198 5199
5199 5200
5200 5201
5201 5202
5202 5203
5203 5204
5204 5205
5205 5206
5212 5213
5213 5214
5215 5216
5216 5217
5218 5219
5219 5220
5222 5223
5223 5224
5227 5228
5228 5229
5232 5233
5234 5235
5235 5236
5237 5238
5238 5239
5239 5240
5241 5242
5242 5243
5246 5247
5247 5248
5251 5252
5253 5254
5254 5255
5255 5256
5256 5257
5258 5259
5262 5263
5265 5266
5269 5270
5272 5273
5273 5274
5274 5275
5276 5277
5279 5280
5281 5282
5283 5284
5284 5285
5288 5289
5289 5290
5292 5293
5295 5296
5296 5297
5298 5299
5300 5301
5301 5302
5305 5306
5307 5308
5308 5309
5312 5313
5315 5316
5316 5317
5317 5318
5318 5319
5320 5321
5321 5322
5323 5324
5325 5326
5326 5327
5327 5328
5328 5329
5329 5330
5330 5331
5331 5332
5333 5334
5338 5339
5343 5344
5346 5347
5350 5351
5351 5352
5354 5355
5358 5359
5361 5362
5362 5363
5367 5368
5368 5369
5369 5370
5372 5373
5373 5374
5374 5375
5378 5379
5379 5380
5384 5385
5387 5388
5389 5390
5390 5391
5391 5392
5392 5393
5396 5397
5399 5400
5401 5402
5402 5403
5405 5406
5406 5407
5407 5408
5413 5414
5414 5415
5415 5416
5416 5417
5425 5426
5426 5427
5427 5428
5428 5429
5430 5431
5432 5433
5433 5434
5434 5435
5436 5437
5437 5438
5439 5440
5440 5441
5443 5444
5446 5447
5447 5448
5448 5449
5450 5451
5452 5453
5454 5455
5456 5457
5460 5461
5461 5462
5462 5463
5464 5465
5465 5466
5466 5467
5468 5469
5469 5470
5472 5473
5476 5477
5477 5478
5478 5479
5481 5482
5482 5483
5483 5484
5485 5486
5490 5491
5492 5493
5494 5495
5497 5498
5498 5499
5500 5501
5501 5502
5502 5503
5508 5509
5509 5510
5510 5511
5512 5513
5514 5515
5516 5517
5519 5520
5521 5522
5523 5524
5524 5525
5526 5527
5528 5529
5529 5530
5530 5531
5533 5534
5534 5535
5535 5536
5536 5537
5537 5538
5538 5539
5539 5540
5540 5541
5542 5543
5543 5544
5544 5545
5545 5546
5546 5547
5547 5548
5548 5549
5549 5550
5553 5554
5554 5555
5555 5556
5556 5557
5559 5560
5560 5561
5563 5564
5569 5570
5572 5573
5575 5576
5577 5578
5578 5579
5581 5582
5583 5584
5584 5585
5588 5589
5590 5591
5592 5593
5595 5596
5597 5598
5599 5600
5600 5601
5602 5603
5603 5604
5604 5605
5605 5606
5606 5607
5609 5610
5611 5612
5612 5613
5616 5617
5618 5619
5620 5621
5621 5622
5623 5624
5629 5630
5631 5632
5637 5638
5640 5641
5642 5643
5643 5644
5648 5649
5649 5650
5650 5651
5651 5652
5652 5653
5653 5654
5655 5656
5657 5658
5658 5659
5661 5662
5662 5663
5663 5664
5666 5667
5667 5668
5669 5670
5670 5671
5671 5672
5672 5673
5674 5675
5675 5676
5683 5684
5687 5688
5688 5689
5689 5690
5690 5691
5691 5692
5693 5694
5695 5696
5697 5698
5698 5699
5699 5700
5700 5701
5701 5702
5702 5703
5706 5707
5707 5708
5711 5712
5712 5713
5714 5715
5718 5719
5719 5720
5721 5722
5723 5724
5725 5726
5727 5728
5734 5735
5735 5736
5737 5738
5741 5742
5745 5746
5746 5747
5747 5748
5748 5749
5751 5752
5752 5753
5753 5754
5759 5760
5761 5762
5764 5765
5765 5766
5766 5767
5768 5769
5770 5771
5780 5781
5782 5783
5783 5784
5786 5787
5789 5790
5790 5791
5794 5795
5796 5797
5797 5798
5799 5800
5800 5801
5803 5804
5804 5805
5805 5806
5808 5809
5809 5810
5813 5814
5814 5815
5815 5816
5816 5817
5819 5820
5820 5821
5822 5823
5823 5824
5826 5827
5827 5828
5830 5831
5832 5833
5834 5835
5837 5838
5838 5839
5839 5840
5840 5841
5843 5844
5845 5846
5848 5849
5849 5850
5850 5851
5851 5852
5852 5853
5858 5859
5860 5861
5862 5863
5863 5864
5871 5872
5872 5873
5873 5874
5876 5877
5877 5878
5878 5879
5879 5880
5880 5881
5885 5886
5887 5888
5888 5889
5890 5891
5893 5894
5894 5895
5895 5896
5897 5898
5900 5901
5902 5903
5905 5906
5906 5907
5907 5908
5909 5910
5911 5912
5912 5913
5913 5914
5914 5915
5919 5920
5920 5921
5923 5924
5930 5931
5931 5932
5932 5933
5935 5936
5938 5939
5940 5941
5941 5942
5943 5944
5945 5946
5950 5951
5951 5952
5952 5953
5953 5954
5954 5955
5956 5957
5957 5958
5958 5959
5961 5962
5962 5963
5963 5964
5968 5969
5969 5970
5972 5973
5974 5975
5975 5976
5978 5979
5981 5982
5982 5983
5983 5984
5985 5986
5987 5988
5993 5994
5994 5995
5995 5996
5996 5997
5998 5999
6001 6002
6002 6003
6003 6004
6005 6006
6007 6008
6011 6012
6012 6013
6014 6015
6015 6016
6016 6017
6021 6022
6023 6024
6025 6026
6028 6029
6029 6030
6030 6031
6034 6035
6035 6036
6037 6038
6038 6039
6040 6041
6042 6043
6044 6045
6045 6046
6046 6047
6047 6048
6049 6050
6050 6051
6052 6053
6057 6058
6058 6059
6061 6062
6075 6076
6077 6078
6079 6080
6080 6081
6081 6082
6083 6084
6084 6085
6086 6087
6087 6088
6089 6090
6090 6091
6092 6093
6093 6094
6094 6095
6095 6096
6099 6100
6100 6101
6101 6102
6102 6103
6104 6105
6106 6107
6107 6108
6108 6109
6111 6112
6113 6114
6114 6115
6116 6117
6120 6121
6123 6124
6127 6128
6140 6141
6141 6142
6143 6144
6144 6145
6145 6146
6149 6150
6150 6151
6151 6152
6152 6153
6157 6158
6159 6160
6160 6161
6162 6163
6164 6165
6166 6167
6167 6168
6168 6169
6169 6170
6171 6172
6172 6173
6174 6175
6175 6176
6182 6183
6185 6186
6186 6187
6189 6190
6190 6191
6192 6193
6194 6195
6198 6199
6202 6203
6203 6204
6207 6208
6209 6210
6210 6211
6213 6214
6214 6215
6215 6216
6216 6217
6220 6221
6222 6223
6223 6224
6224 6225
6225 6226
6226 6227
6228 6229
6231 6232
6234 6235
6239 6240
6242 6243
6243 6244
6246 6247
6248 6249
6249 6250
6254 6255
6255 6256
6256 6257
6257 6258
6259 6260
6260 6261
6261 6262
6264 6265
6266 6267
6267 6268
6273 6274
6276 6277
6277 6278
6278 6279
6281 6282
6286 6287
6289 6290
6290 6291
6291 6292
6292 6293
6295 6296
6297 6298
6298 6299
6300 6301
6302 6303
6303 6304
6305 6306
6310 6311
6311 6312
6312 6313
6316 6317
6317 6318
6318 6319
6319 6320
6320 6321
6321 6322
6323 6324
6324 6325
6325 6326
6326 6327
6327 6328
6329 6330
6330 6331
6332 6333
6333 6334
6334 6335
6335 6336
6339 6340
6344 6345
6348 6349
6349 6350
6350 6351
6352 6353
6358 6359
6361 6362
6365 6366
6366 6367
6367 6368
6370 6371
6371 6372
6372 6373
6374 6375
6376 6377
6377 6378
6379 6380
6380 6381
6381 6382
6383 6384
6387 6388
6390 6391
6391 6392
6392 6393
6394 6395
6399 6400
6403 6404
6404 6405
6406 6407
6412 6413
6415 6416
6417 6418
6420 6421
6421 6422
6424 6425
6428 6429
6429 6430
6431 6432
6432 6433
6433 6434
6439 6440
6440 6441
6444 6445
6446 6447
6448 6449
6452 6453
6453 6454
6455 6456
6457 6458
6459 6460
6461 6462
6464 6465
6465 6466
6466 6467
6467 6468
6469 6470
6470 6471
6472 6473
6475 6476
6482 6483
6485 6486
6486 6487
6489 6490
6491 6492
6493 6494
6494 6495
6495 6496
6498 6499
6501 6502
6502 6503
6505 6506
6506 6507
6508 6509
6509 6510
6512 6513
6513 6514
6516 6517
6519 6520
6520 6521
6521 6522
6522 6523
6524 6525
6527 6528
6528 6529
6530 6531
6531 6532
6532 6533
6534 6535
6535 6536
6536 6537
6537 6538
6541 6542
6543 6544
6548 6549
6549 6550
6550 6551
6553 6554
6554 6555
6559 6560
6562 6563
6563 6564
6564 6565
6568 6569
6571 6572
6572 6573
6574 6575
6578 6579
6580 6581
6581 6582
6584 6585
6585 6586
6586 6587
6588 6589
6589 6590
6590 6591
6594 6595
6596 6597
6597 6598
6598 6599
6599 6600
6602 6603
6604 6605
6605 6606
6606 6607
6608 6609
6609 6610
6610 6611
6611 6612
6612 6613
6617 6618
6621 6622
6622 6623
6627 6628
6631 6632
6637 6638
6640 6641
6644 6645
6645 6646
6647 6648
6649 6650
6650 6651
6651 6652
6654 6655
6655 6656
6656 6657
6657 6658
6658 6659
6659 6660
6660 6661
6665 6666
6667 6668
6671 6672
6676 6677
6678 6679
6679 6680
6682 6683
6683 6684
6685 6686
6686 6687
6687 6688
6689 6690
6692 6693
6693 6694
6695 6696
6696 6697
6697 6698
6698 6699
6699 6700
6700 6701
6705 6706
6706 6707
6707 6708
6708 6709
6709 6710
6713 6714
6716 6717
6717 6718
6719 6720
6721 6722
6723 6724
6725 6726
6726 6727
6727 6728
6731 6732
6732 6733
6733 6734
6735 6736
6736 6737
6737 6738
6738 6739
6739 6740
6743 6744
6744 6745
6746 6747
6747 6748
6752 6753
6753 6754
6754 6755
6760 6761
6763 6764
6770 6771
6771 6772
6774 6775
6778 6779
6779 6780
6785 6786
6786 6787
6789 6790
6791 6792
6792 6793
6793 6794
6796 6797
6798 6799
6799 6800
6800 6801
6801 6802
6802 6803
6803 6804
6804 6805
6807 6808
6810 6811
6811 6812
6812 6813
6813 6814
6814 6815
6816 6817
6818 6819
6819 6820
6820 6821
6824 6825
6825 6826
6827 6828
6828 6829
6829 6830
6832 6833
6833 6834
6838 6839
6839 6840
6841 6842
6842 6843
6843 6844
6845 6846
6846 6847
6849 6850
6853 6854
6854 6855
6856 6857
6857 6858
6858 6859
6861 6862
6863 6864
6866 6867
6867 6868
6869 6870
6874 6875
6875 6876
6879 6880
6880 6881
6882 6883
6883 6884
6886 6887
6887 6888
6889 6890
6890 6891
6897 6898
6900 6901
6902 6903
6903 6904
6904 6905
6906 6907
6908 6909
6911 6912
6913 6914
6914 6915
6916 6917
6919 6920
6924 6925
6925 6926
6927 6928
6930 6931
6931 6932
6932 6933
6934 6935
6935 6936
6936 6937
6939 6940
6940 6941
6941 6942
6942 6943
6945 6946
6946 6947
6947 6948
6949 6950
6951 6952
6953 6954
6954 6955
6955 6956
6958 6959
6960 6961
6964 6965
6965 6966
6968 6969
6972 6973
6974 6975
6976 6977
6977 6978
6978 6979
6979 6980
6984 6985
6985 6986
6988 6989
6989 6990
6990 6991
6992 6993
6993 6994
6994 6995
6999 7000
7000 7001
7001 7002
7007 7008
7011 7012
7012 7013
7013 7014
7014 7015
7016 7017
7018 7019
7022 7023
7025 7026
7026 7027
7027 7028
7029 7030
7033 7034
7034 7035
7036 7037
7037 7038
7039 7040
7040 7041
7043 7044
7044 7045
7048 7049
7049 7050
7050 7051
7051 7052
7053 7054
7054 7055
7057 7058
7059 7060
7060 7061
7061 7062
7062 7063
7064 7065
7065 7066
7066 7067
7067 7068
7069 7070
7070 7071
7072 7073
7074 7075
7079 7080
7081 7082
7082 7083
7086 7087
7087 7088
7091 7092
7096 7097
7099 7100
7100 7101
7101 7102
7102 7103
7105 7106
7106 7107
7108 7109
7109 7110
7110 7111
7111 7112
7112 7113
7113 7114
7117 7118
7119 7120
7120 7121
7122 7123
7123 7124
7124 7125
7125 7126
7130 7131
7131 7132
7132 7133
7134 7135
7135 7136
7137 7138
7141 7142
7142 7143
7143 7144
7145 7146
7146 7147
7147 7148
7153 7154
7162 7163
7163 7164
7164 7165
7166 7167
7167 7168
7169 7170
7170 7171
7172 7173
7173 7174
7177 7178
7178 7179
7181 7182
7183 7184
7185 7186
7186 7187
7187 7188
7189 7190
7190 7191
7191 7192
7192 7193
7198 7199
7201 7202
7204 7205
7205 7206
7206 7207
7207 7208
7211 7212
7212 7213
7213 7214
7214 7215
7220 7221
7221 7222
7226 7227
7227 7228
7228 7229
7232 7233
7233 7234
7235 7236
7237 7238
7238 7239
7240 7241
7241 7242
7244 7245
7245 7246
7246 7247
7247 7248
7248 7249
7249 7250
7251 7252
7252 7253
7253 7254
7254 7255
7258 7259
7259 7260
7260 7261
7262 7263
7263 7264
7264 7265
7265 7266
7266 7267
7267 7268
7270 7271
7271 7272
7273 7274
7274 7275
7276 7277
7278 7279
7279 7280
7280 7281
7284 7285
7285 7286
7287 7288
7292 7293
7295 7296
7296 7297
7298 7299
7300 7301
7301 7302
7302 7303
7304 7305
7305 7306
7306 7307
7307 7308
7308 7309
7310 7311
7314 7315
7315 7316
7316 7317
7320 7321
7323 7324
7326 7327
7328 7329
7330 7331
7331 7332
7334 7335
7335 7336
7337 7338
7338 7339
7339 7340
7340 7341
7341 7342
7342 7343
7344 7345
7347 7348
7348 7349
7349 7350
7350 7351
7351 7352
7359 7360
7360 7361
7361 7362
7364 7365
7365 7366
7367 7368
7368 7369
7369 7370
7371 7372
7372 7373
7373 7374
7374 7375
7376 7377
7379 7380
7382 7383
7384 7385
7385 7386
7387 7388
7388 7389
7389 7390
7391 7392
7393 7394
7397 7398
7400 7401
7401 7402
7402 7403
7403 7404
7405 7406
7407 7408
7408 7409
7409 7410
7411 7412
7412 7413
7413 7414
7414 7415
7419 7420
7422 7423
7424 7425
7426 7427
7430 7431
7431 7432
7432 7433
7433 7434
7434 7435
7435 7436
7437 7438
7440 7441
7442 7443
7444 7445
7450 7451
7451 7452
7452 7453
7454 7455
7455 7456
7456 7457
7461 7462
7462 7463
7464 7465
7465 7466
7466 7467
7468 7469
7469 7470
7471 7472
7475 7476
7476 7477
7478 7479
7479 7480
7483 7484
7485 7486
7486 7487
7488 7489
7489 7490
7490 7491
7491 7492
7494 7495
7495 7496
7496 7497
7498 7499
7502 7503
7503 7504
7505 7506
7508 7509
7509 7510
7512 7513
7513 7514
7514 7515
7517 7518
7520 7521
7523 7524
7524 7525
7525 7526
7526 7527
7529 7530
7530 7531
7531 7532
7532 7533
7533 7534
7535 7536
7537 7538
7541 7542
7543 7544
7546 7547
7547 7548
7549 7550
7552 7553
7553 7554
7554 7555
7555 7556
7558 7559
7559 7560
7562 7563
7563 7564
7565 7566
7568 7569
7572 7573
7574 7575
7576 7577
7578 7579
7579 7580
7580 7581
7581 7582
7582 7583
7583 7584
7584 7585
7585 7586
7587 7588
7589 7590
7590 7591
7592 7593
7593 7594
7594 7595
7595 7596
7599 7600
7603 7604
7604 7605
7605 7606
7607 7608
7608 7609
7609 7610
7613 7614
7615 7616
7618 7619
7619 7620
7622 7623
7624 7625
7625 7626
7627 7628
7628 7629
7629 7630
7630 7631
7632 7633
7633 7634
7634 7635
7637 7638
7639 7640
7643 7644
7645 7646
7648 7649
7649 7650
7650 7651
7651 7652
7652 7653
7654 7655
7655 7656
7657 7658
7658 7659
7660 7661
7663 7664
7664 7665
7667 7668
7672 7673
7673 7674
7674 7675
7677 7678
7678 7679
7683 7684
7684 7685
7685 7686
7686 7687
7687 7688
7691 7692
7693 7694
7698 7699
7699 7700
7700 7701
7706 7707
7707 7708
7708 7709
7709 7710
7711 7712
7712 7713
7713 7714
7715 7716
7716 7717
7717 7718
7721 7722
7724 7725
7726 7727
7729 7730
7730 7731
7731 7732
7732 7733
7733 7734
7734 7735
7735 7736
7737 7738
7738 7739
7742 7743
7743 7744
7746 7747
7749 7750
7751 7752
7754 7755
7756 7757
7757 7758
7758 7759
7762 7763
7763 7764
7765 7766
7767 7768
7768 7769
7769 7770
7771 7772
7773 7774
7775 7776
7776 7777
7777 7778
7780 7781
7781 7782
7783 7784
7784 7785
7786 7787
7791 7792
7792 7793
7795 7796
7798 7799
7801 7802
7802 7803
7803 7804
7804 7805
7805 7806
7807 7808
7809 7810
7811 7812
7812 7813
7814 7815
7817 7818
7818 7819
7821 7822
7822 7823
7823 7824
7827 7828
7828 7829
7830 7831
7832 7833
7833 7834
7834 7835
7837 7838
7838 7839
7839 7840
7841 7842
7842 7843
7845 7846
7848 7849
7849 7850
7850 7851
7852 7853
7853 7854
7856 7857
7858 7859
7860 7861
7863 7864
7865 7866
7866 7867
7867 7868
7870 7871
7872 7873
7875 7876
7879 7880
7881 7882
7885 7886
7888 7889
7890 7891
7892 7893
7893 7894
7894 7895
7897 7898
7898 7899
7900 7901
7901 7902
7902 7903
7903 7904
7904 7905
7909 7910
7913 7914
7914 7915
7915 7916
7916 7917
7917 7918
7918 7919
7920 7921
7923 7924
7928 7929
7930 7931
7933 7934
7935 7936
7937 7938
7938 7939
7941 7942
7942 7943
7943 7944
7945 7946
7946 7947
7950 7951
7951 7952
7954 7955
7955 7956
7957 7958
7958 7959
7959 7960
7966 7967
7967 7968
7968 7969
7970 7971
7971 7972
7973 7974
7974 7975
7975 7976
7979 7980
7981 7982
7982 7983
7985 7986
7986 7987
7987 7988
7988 7989
7990 7991
7991 7992
7993 7994
7994 7995
7997 7998
7999 8000
8000 8001
8002 8003
8003 8004
8007 8008
8010 8011
8012 8013
8013 8014
8014 8015
8016 8017
8018 8019
8019 8020
8021 8022
8022 8023
8023 8024
8024 8025
8025 8026
8026 8027
8028 8029
8029 8030
8031 8032
8035 8036
8036 8037
8037 8038
8040 8041
8042 8043
8043 8044
8044 8045
8047 8048
8053 8054
8054 8055
8055 8056
8056 8057
8058 8059
8062 8063
8065 8066
8070 8071
8071 8072
8072 8073
8077 8078
8079 8080
8081 8082
8082 8083
8083 8084
8084 8085
8085 8086
8086 8087
8087 8088
8089 8090
8090 8091
8095 8096
8099 8100
8100 8101
8101 8102
8107 8108
8112 8113
8114 8115
8116 8117
8117 8118
8119 8120
8121 8122
8123 8124
8129 8130
8131 8132
8132 8133
8133 8134
8136 8137
8137 8138
8138 8139
8139 8140
8140 8141
8141 8142
8143 8144
8145 8146
8146 8147
8147 8148
8148 8149
8153 8154
8155 8156
8157 8158
8158 8159
8159 8160
8163 8164
8164 8165
8166 8167
8168 8169
8169 8170
8175 8176
8176 8177
8182 8183
8184 8185
8185 8186
8186 8187
8187 8188
8188 8189
8189 8190
8190 8191
8192 8193
8204 8205
8206 8207
8210 8211
8211 8212
8213 8214
8214 8215
8216 8217
8218 8219
8219 8220
8224 8225
8225 8226
8226 8227
8227 8228
8229 8230
8232 8233
8235 8236
8237 8238
8239 8240
8241 8242
8244 8245
8246 8247
8248 8249
8250 8251
8252 8253
8255 8256
8256 8257
8259 8260
8260 8261
8261 8262
8263 8264
8264 8265
8266 8267
8267 8268
8269 8270
8271 8272
8272 8273
8274 8275
8281 8282
8282 8283
8285 8286
8287 8288
8289 8290
8292 8293
8293 8294
8294 8295
8296 8297
8297 8298
8298 8299
8301 8302
8302 8303
8303 8304
8304 8305
8305 8306
8308 8309
8310 8311
8313 8314
8315 8316
8317 8318
8318 8319
8319 8320
8324 8325
8327 8328
8330 8331
8331 8332
8333 8334
8335 8336
8336 8337
8337 8338
8338 8339
8339 8340
8341 8342
8346 8347
8347 8348
8349 8350
8351 8352
8355 8356
8357 8358
8359 8360
8360 8361
8362 8363
8364 8365
8366 8367
8367 8368
8368 8369
8370 8371
8372 8373
8373 8374
8374 8375
8375 8376
8377 8378
8378 8379
8379 8380
8380 8381
8382 8383
8385 8386
8386 8387
8388 8389
8390 8391
8391 8392
8393 8394
8394 8395
8395 8396
8396 8397
8397 8398
8404 8405
8406 8407
8408 8409
8411 8412
8414 8415
8416 8417
8417 8418
8418 8419
8419 8420
8420 8421
8422 8423
8423 8424
8424 8425
8426 8427
8429 8430
8430 8431
8432 8433
8433 8434
8435 8436
8436 8437
8438 8439
8443 8444
8449 8450
8450 8451
8451 8452
8452 8453
8454 8455
8456 8457
8458 8459
8459 8460
8462 8463
8463 8464
8466 8467
8467 8468
8469 8470
8471 8472
8473 8474
8474 8475
8475 8476
8478 8479
8479 8480
8480 8481
8481 8482
8484 8485
8486 8487
8487 8488
8491 8492
8493 8494
8495 8496
8497 8498
8498 8499
8499 8500
8503 8504
8504 8505
8507 8508
8508 8509
8509 8510
8517 8518
8518 8519
8520 8521
8526 8527
8527 8528
8530 8531
8532 8533
8534 8535
8538 8539
8539 8540
8544 8545
8546 8547
8551 8552
8552 8553
8553 8554
8554 8555
8555 8556
8556 8557
8560 8561
8562 8563
8563 8564
8564 8565
8565 8566
8566 8567
8567 8568
8568 8569
8569 8570
8570 8571
8573 8574
8575 8576
8577 8578
8579 8580
8580 8581
8582 8583
8583 8584
8587 8588
8589 8590
8590 8591
8595 8596
8598 8599
8599 8600
8604 8605
8605 8606
8609 8610
8613 8614
8614 8615
8615 8616
8616 8617
8617 8618
8618 8619
8619 8620
8622 8623
8623 8624
8624 8625
8625 8626
8626 8627
8628 8629
8630 8631
8631 8632
8632 8633
8634 8635
8635 8636
8636 8637
8639 8640
8641 8642
8643 8644
8647 8648
8648 8649
8649 8650
8653 8654
8656 8657
8657 8658
8660 8661
8663 8664
8664 8665
8666 8667
8672 8673
8673 8674
8676 8677
8678 8679
8681 8682
8688 8689
8691 8692
8692 8693
8695 8696
8696 8697
8700 8701
8702 8703
8704 8705
8705 8706
8707 8708
8708 8709
8709 8710
8711 8712
8712 8713
8714 8715
8715 8716
8717 8718
8720 8721
8721 8722
8723 8724
8725 8726
8726 8727
8730 8731
8731 8732
8732 8733
8733 8734
8735 8736
8737 8738
8739 8740
8740 8741
8742 8743
8745 8746
8748 8749
8749 8750
8751 8752
8752 8753
8753 8754
8755 8756
8756 8757
8758 8759
8759 8760
8762 8763
8764 8765
8765 8766
8767 8768
8771 8772
8775 8776
8780 8781
8784 8785
8789 8790
8792 8793
8793 8794
8796 8797
8803 8804
8804 8805
8805 8806
8806 8807
8808 8809
8809 8810
8812 8813
8813 8814
8814 8815
8815 8816
8816 8817
8818 8819
8820 8821
8822 8823
8823 8824
8824 8825
8827 8828
8830 8831
8832 8833
8836 8837
8838 8839
8840 8841
8845 8846
8846 8847
8848 8849
8855 8856
8857 8858
8858 8859
8859 8860
8862 8863
8863 8864
8864 8865
8868 8869
8872 8873
8874 8875
8876 8877
8877 8878
8878 8879
8881 8882
8882 8883
8883 8884
8885 8886
8886 8887
8890 8891
8891 8892
8892 8893
8893 8894
8895 8896
8897 8898
8899 8900
8900 8901
8901 8902
8902 8903
8905 8906
8907 8908
8911 8912
8914 8915
8915 8916
8916 8917
8917 8918
8919 8920
8921 8922
8922 8923
8923 8924
8924 8925
8925 8926
8927 8928
8929 8930
8933 8934
8935 8936
8937 8938
8939 8940
8940 8941
8941 8942
8944 8945
8946 8947
8947 8948
8948 8949
8951 8952
8952 8953
8954 8955
8957 8958
8958 8959
8960 8961
8961 8962
8962 8963
8967 8968
8968 8969
8972 8973
8973 8974
8976 8977
8977 8978
8978 8979
8979 8980
8981 8982
8982 8983
8984 8985
8985 8986
8986 8987
8987 8988
8988 8989
8991 8992
8992 8993
8999 9000
9003 9004
9006 9007
9009 9010
9012 9013
9014 9015
9016 9017
9017 9018
9019 9020
9021 9022
9022 9023
9026 9027
9028 9029
9029 9030
9035 9036
9037 9038
9039 9040
9040 9041
9042 9043
9043 9044
9044 9045
9047 9048
9049 9050
9051 9052
9054 9055
9058 9059
9061 9062
9062 9063
9063 9064
9067 9068
9071 9072
9073 9074
9080 9081
9082 9083
9084 9085
9086 9087
9087 9088
9090 9091
9093 9094
9094 9095
9096 9097
9097 9098
9100 9101
9103 9104
9104 9105
9108 9109
9109 9110
9114 9115
9115 9116
9117 9118
9119 9120
9121 9122
9122 9123
9124 9125
9130 9131
9131 9132
9132 9133
9133 9134
9134 9135
9135 9136
9143 9144
9144 9145
9145 9146
9146 9147
9148 9149
9149 9150
9152 9153
9154 9155
9157 9158
9159 9160
9161 9162
9163 9164
9166 9167
9167 9168
9170 9171
9172 9173
9173 9174
9175 9176
9176 9177
9177 9178
9178 9179
9181 9182
9182 9183
9184 9185
9185 9186
9186 9187
9188 9189
9189 9190
9190 9191
9195 9196
9197 9198
9198 9199
9204 9205
9207 9208
9210 9211
9211 9212
9212 9213
9213 9214
9218 9219
9219 9220
9222 9223
9225 9226
9226 9227
9231 9232
9233 9234
9235 9236
9236 9237
9237 9238
9240 9241
9241 9242
9243 9244
9244 9245
9246 9247
9247 9248
9248 9249
9249 9250
9250 9251
9251 9252
9252 9253
9253 9254
9254 9255
9261 9262
9264 9265
9266 9267
9267 9268
9275 9276
9277 9278
9278 9279
9281 9282
9287 9288
9288 9289
9289 9290
9293 9294
9294 9295
9295 9296
9296 9297
9297 9298
9300 9301
9301 9302
9303 9304
9305 9306
9306 9307
9308 9309
9314 9315
9316 9317
9317 9318
9320 9321
9322 9323
9323 9324
9328 9329
9331 9332
9332 9333
9333 9334
9335 9336
9336 9337
9339 9340
9340 9341
9343 9344
9347 9348
9348 9349
9349 9350
9353 9354
9354 9355
9355 9356
9357 9358
9358 9359
9360 9361
9363 9364
9365 9366
9366 9367
9368 9369
9369 9370
9371 9372
9372 9373
9373 9374
9381 9382
9382 9383
9387 9388
9388 9389
9390 9391
9391 9392
9393 9394
9395 9396
9398 9399
9399 9400
9400 9401
9401 9402
9404 9405
9405 9406
9407 9408
9408 9409
9412 9413
9413 9414
9414 9415
9416 9417
9417 9418
9418 9419
9419 9420
9420 9421
9424 9425
9425 9426
9426 9427
9427 9428
9428 9429
9429 9430
9430 9431
9435 9436
9437 9438
9440 9441
9442 9443
9443 9444
9444 9445
9447 9448
9448 9449
9450 9451
9451 9452
9452 9453
9453 9454
9454 9455
9456 9457
9460 9461
9461 9462
9463 9464
9464 9465
9465 9466
9466 9467
9467 9468
9468 9469
9470 9471
9471 9472
9477 9478
9479 9480
9482 9483
9484 9485
9485 9486
9487 9488
9489 9490
9490 9491
9491 9492
9492 9493
9495 9496
9496 9497
9498 9499
9499 9500
9500 9501
9502 9503
9504 9505
9505 9506
9506 9507
9507 9508
9508 9509
9509 9510
9513 9514
9514 9515
9517 9518
9518 9519
9519 9520
9522 9523
9523 9524
9524 9525
9526 9527
9527 9528
9528 9529
9530 9531
9531 9532
9532 9533
9533 9534
9536 9537
9537 9538
9539 9540
9541 9542
9542 9543
9544 9545
9545 9546
9547 9548
9548 9549
9549 9550
9552 9553
9553 9554
9554 9555
9555 9556
9556 9557
9557 9558
9558 9559
9559 9560
9560 9561
9561 9562
9562 9563
9563 9564
9566 9567
9567 9568
9568 9569
9572 9573
9575 9576
9576 9577
9579 9580
9580 9581
9581 9582
9588 9589
9589 9590
9590 9591
9592 9593
9594 9595
9595 9596
9596 9597
9597 9598
9599 9600
9601 9602
9603 9604
9604 9605
9605 9606
9606 9607
9612 9613
9619 9620
9621 9622
9623 9624
9624 9625
9626 9627
9627 9628
9628 9629
9629 9630
9630 9631
9632 9633
9633 9634
9636 9637
9637 9638
9640 9641
9641 9642
9642 9643
9643 9644
9644 9645
9645 9646
9647 9648
9650 9651
9651 9652
9655 9656
9657 9658
9659 9660
9661 9662
9662 9663
9663 9664
9665 9666
9666 9667
9669 9670
9671 9672
9672 9673
9673 9674
9677 9678
9680 9681
9681 9682
9683 9684
9686 9687
9687 9688
9688 9689
9691 9692
9692 9693
9695 9696
9696 9697
9698 9699
9700 9701
9702 9703
9704 9705
9708 9709
9710 9711
9711 9712
9712 9713
9713 9714
9715 9716
9716 9717
9717 9718
9719 9720
9720 9721
9724 9725
9725 9726
9727 9728
9728 9729
9730 9731
9732 9733
9735 9736
9736 9737
9738 9739
9739 9740
9740 9741
9743 9744
9744 9745
9746 9747
9747 9748
9748 9749
9750 9751
9752 9753
9754 9755
9755 9756
9759 9760
9760 9761
9761 9762
9762 9763
9763 9764
9764 9765
9765 9766
9766 9767
9767 9768
9768 9769
9769 9770
9773 9774
9774 9775
9775 9776
9777 9778
9778 9779
9779 9780
9781 9782
9786 9787
9792 9793
9793 9794
9797 9798
9798 9799
9800 9801
9801 9802
9803 9804
9806 9807
9808 9809
9810 9811
9812 9813
9814 9815
9816 9817
9817 9818
9819 9820
9821 9822
9823 9824
9827 9828
9828 9829
9830 9831
9832 9833
9833 9834
9837 9838
9838 9839
9840 9841
9842 9843
9844 9845
9850 9851
9851 9852
9852 9853
9853 9854
9855 9856
9857 9858
9860 9861
9861 9862
9864 9865
9865 9866
9866 9867
9868 9869
9869 9870
9870 9871
9871 9872
9872 9873
9873 9874
9874 9875
9876 9877
9880 9881
9882 9883
9883 9884
9886 9887
9887 9888
9889 9890
9891 9892
9894 9895
9895 9896
9896 9897
9898 9899
9900 9901
9901 9902
9902 9903
9907 9908
9908 9909
9910 9911
9912 9913
9913 9914
9914 9915
9915 9916
9916 9917
9918 9919
9919 9920
9921 9922
9922 9923
9923 9924
9924 9925
9926 9927
9927 9928
9928 9929
9929 9930
9930 9931
9932 9933
9935 9936
9936 9937
9938 9939
9940 9941
9941 9942
9942 9943
9943 9944
9944 9945
9945 9946
9949 9950
9951 9952
9953 9954
9955 9956
9959 9960
9960 9961
9961 9962
9962 9963
9963 9964
9965 9966
9966 9967
9967 9968
9970 9971
9972 9973
9974 9975
9975 9976
9980 9981
9981 9982
9983 9984
9984 9985
9985 9986
9987 9988
9989 9990
9990 9991
9994 9995
9997 9998
9998 9999
9999 10000
10002 10003
10003 10004
10006 10007
10007 10008
10008 10009
10009 10010
10011 10012
10014 10015
10015 10016
10017 10018
10019 10020
10021 10022
10022 10023
10029 10030
10030 10031
10033 10034
10037 10038
10038 10039
10040 10041
10042 10043
10045 10046
10046 10047
10048 10049
10049 10050
10057 10058
10060 10061
10063 10064
10064 10065
10067 10068
10068 10069
10069 10070
10073 10074
10075 10076
10076 10077
10078 10079
10080 10081
10082 10083
10084 10085
10086 10087
10089 10090
10090 10091
10091 10092
10093 10094
10094 10095
10097 10098
10101 10102
10103 10104
10104 10105
10107 10108
10108 10109
10110 10111
10112 10113
10115 10116
10118 10119
10119 10120
10121 10122
10122 10123
10124 10125
10125 10126
10126 10127
10127 10128
10128 10129
10130 10131
10132 10133
10134 10135
10135 10136
10136 10137
10137 10138
10139 10140
10142 10143
10143 10144
10146 10147
10147 10148
10148 10149
10150 10151
10151 10152
10152 10153
10153 10154
10155 10156
10159 10160
10161 10162
10162 10163
10163 10164
10166 10167
10168 10169
10172 10173
10173 10174
10176 10177
10178 10179
10179 10180
10180 10181
10181 10182
10182 10183
10183 10184
10185 10186
10186 10187
10187 10188
10192 10193
10194 10195
10197 10198
10199 10200
10200 10201
10201 10202
10202 10203
10204 10205
10207 10208
10208 10209
10209 10210
10211 10212
10212 10213
10214 10215
10215 10216
10218 10219
10219 10220
10220 10221
10221 10222
10222 10223
10223 10224
10224 10225
10228 10229
10235 10236
10237 10238
10241 10242
10242 10243
10245 10246
10247 10248
10248 10249
10249 10250
10250 10251
10251 10252
10252 10253
10253 10254
10254 10255
10255 10256
10256 10257
10258 10259
10260 10261
10266 10267
10267 10268
10269 10270
10270 10271
10271 10272
10275 10276
10277 10278
10280 10281
10281 10282
10285 10286
10289 10290
10292 10293
10294 10295
10296 10297
10297 10298
10298 10299
10299 10300
10300 10301
10303 10304
10307 10308
10309 10310
10310 10311
10311 10312
10312 10313
10322 10323
10323 10324
10327 10328
10330 10331
10332 10333
10333 10334
10336 10337
10338 10339
10340 10341
10342 10343
10350 10351
10351 10352
10353 10354
10354 10355
10356 10357
10357 10358
10358 10359
10359 10360
10360 10361
10361 10362
10362 10363
10363 10364
10364 10365
10365 10366
10366 10367
10371 10372
10374 10375
10376 10377
10382 10383
10383 10384
10387 10388
10390 10391
10392 10393
10393 10394
10394 10395
10396 10397
10398 10399
10401 10402
10402 10403
10404 10405
10407 10408
10408 10409
10411 10412
10413 10414
10414 10415
10415 10416
10417 10418
10419 10420
10420 10421
10421 10422
10423 10424
10431 10432
10432 10433
10433 10434
10435 10436
10436 10437
10438 10439
10442 10443
10444 10445
10445 10446
10446 10447
10447 10448
10454 10455
10455 10456
10456 10457
10464 10465
10468 10469
10469 10470
10470 10471
10472 10473
10473 10474
10476 10477
10477 10478
10482 10483
10484 10485
10487 10488
10489 10490
10490 10491
10491 10492
10493 10494
10495 10496
10499 10500
10502 10503
10503 10504
10504 10505
10505 10506
10506 10507
10511 10512
10512 10513
10513 10514
10514 10515
10520 10521
10522 10523
10523 10524
10524 10525
10526 10527
10527 10528
10528 10529
10529 10530
10532 10533
10537 10538
10538 10539
10540 10541
10543 10544
10544 10545
10545 10546
10546 10547
10548 10549
10549 10550
10554 10555
10555 10556
10557 10558
10558 10559
10562 10563
10563 10564
10564 10565
10566 10567
10567 10568
10568 10569
10571 10572
10572 10573
10574 10575
10576 10577
10577 10578
10578 10579
10580 10581
10581 10582
10582 10583
10584 10585
10585 10586
10586 10587
10587 10588
10588 10589
10591 10592
10592 10593
10593 10594
10594 10595
10595 10596
10596 10597
10597 10598
10598 10599
10600 10601
10601 10602
10602 10603
10603 10604
10606 10607
10607 10608
10608 10609
10609 10610
10610 10611
10612 10613
10613 10614
10614 10615
10615 10616
10619 10620
10620 10621
10622 10623
10623 10624
10625 10626
10629 10630
10633 10634
10635 10636
10637 10638
10639 10640
10642 10643
10645 10646
10647 10648
10649 10650
10653 10654
10656 10657
10657 10658
10660 10661
10664 10665
10665 10666
10669 10670
10670 10671
10671 10672
10673 10674
10674 10675
10675 10676
10677 10678
10680 10681
10681 10682
10683 10684
10686 10687
10687 10688
10688 10689
10689 10690
10690 10691
10693 10694
10696 10697
10698 10699
10699 10700
10702 10703
10703 10704
10704 10705
10707 10708
10710 10711
10712 10713
10713 10714
10719 10720
10720 10721
10721 10722
10722 10723
10723 10724
10725 10726
10726 10727
10728 10729
10730 10731
10731 10732
10732 10733
10733 10734
10734 10735
10743 10744
10744 10745
10745 10746
10747 10748
10748 10749
10750 10751
10752 10753
10753 10754
10754 10755
10755 10756
10756 10757
10757 10758
10759 10760
10760 10761
10762 10763
10764 10765
10765 10766
10766 10767
10768 10769
10770 10771
10774 10775
10779 10780
10780 10781
10782 10783
10783 10784
10787 10788
10788 10789
10789 10790
10791 10792
10792 10793
10793 10794
10797 10798
10798 10799
10801 10802
10803 10804
10804 10805
10806 10807
10809 10810
10812 10813
10814 10815
10816 10817
10817 10818
10819 10820
10821 10822
10822 10823
10823 10824
10828 10829
10829 10830
10833 10834
10835 10836
10840 10841
10842 10843
10848 10849
10849 10850
10850 10851
10851 10852
10855 10856
10856 10857
10858 10859
10860 10861
10862 10863
10863 10864
10865 10866
10867 10868
10869 10870
10870 10871
10871 10872
10872 10873
10873 10874
10874 10875
10875 10876
10876 10877
10877 10878
10881 10882
10882 10883
10888 10889
10890 10891
10891 10892
10892 10893
10893 10894
10895 10896
10896 10897
10897 10898
10898 10899
10904 10905
10905 10906
10906 10907
10907 10908
10909 10910
10910 10911
10911 10912
10913 10914
10915 10916
10917 10918
10920 10921
10921 10922
10922 10923
10923 10924
10927 10928
10929 10930
10930 10931
10931 10932
10932 10933
10933 10934
10934 10935
10935 10936
10936 10937
10937 10938
10939 10940
10940 10941
10941 10942
10942 10943
10943 10944
10944 10945
10945 10946
10947 10948
10951 10952
10954 10955
10955 10956
10956 10957
10959 10960
10961 10962
10963 10964
10965 10966
10966 10967
10969 10970
10970 10971
10973 10974
10976 10977
10977 10978
10979 10980
10980 10981
10981 10982
10985 10986
10987 10988
10989 10990
10990 10991
10992 10993
10993 10994
10994 10995
10995 10996
10998 10999
10999 11000
11001 11002
11005 11006
11013 11014
11014 11015
11018 11019
11021 11022
11022 11023
11023 11024
11026 11027
11027 11028
11028 11029
11031 11032
11033 11034
11035 11036
11036 11037
11041 11042
11042 11043
11044 11045
11045 11046
11048 11049
11051 11052
11052 11053
11054 11055
11055 11056
11056 11057
11057 11058
11058 11059
11059 11060
11060 11061
11061 11062
11062 11063
11065 11066
11066 11067
11067 11068
11068 11069
11070 11071
11071 11072
11072 11073
11073 11074
11075 11076
11079 11080
11080 11081
11081 11082
11083 11084
11086 11087
11091 11092
11093 11094
11094 11095
11099 11100
11103 11104
11104 11105
11106 11107
11107 11108
11108 11109
11109 11110
11110 11111
11112 11113
11113 11114
11114 11115
11115 11116
11116 11117
11120 11121
11121 11122
11123 11124
11127 11128
11128 11129
11129 11130
11130 11131
11134 11135
11135 11136
11136 11137
11137 11138
11138 11139
11139 11140
11140 11141
11141 11142
11142 11143
11145 11146
11149 11150
11157 11158
11158 11159
11159 11160
11161 11162
11166 11167
11169 11170
11171 11172
11172 11173
11177 11178
11178 11179
11180 11181
11182 11183
11186 11187
11188 11189
11191 11192
11192 11193
11199 11200
11200 11201
11201 11202
11203 11204
11204 11205
11206 11207
11207 11208
11209 11210
11210 11211
11214 11215
11216 11217
11217 11218
11219 11220
11222 11223
11223 11224
11224 11225
11225 11226
11226 11227
11228 11229
11232 11233
11234 11235
11235 11236
11241 11242
11242 11243
11243 11244
11244 11245
11245 11246
11248 11249
11252 11253
11253 11254
11255 11256
11256 11257
11257 11258
11260 11261
11263 11264
11266 11267
11267 11268
11268 11269
11269 11270
11270 11271
11273 11274
11274 11275
11278 11279
11282 11283
11286 11287
11288 11289
11289 11290
11290 11291
11291 11292
11292 11293
11293 11294
11294 11295
11295 11296
11296 11297
11301 11302
11302 11303
11303 11304
11306 11307
11307 11308
11308 11309
11311 11312
11312 11313
11319 11320
11320 11321
11323 11324
11324 11325
11325 11326
11326 11327
11327 11328
11330 11331
11333 11334
11338 11339
11347 11348
11349 11350
11350 11351
11352 11353
11358 11359
11359 11360
11360 11361
11362 11363
11364 11365
11365 11366
11366 11367
11367 11368
11369 11370
11372 11373
11373 11374
11374 11375
11375 11376
11376 11377
11380 11381
11381 11382
11383 11384
11386 11387
11388 11389
11389 11390
11390 11391
11391 11392
11393 11394
11394 11395
11395 11396
11396 11397
11397 11398
11398 11399
11399 11400
11400 11401
11401 11402
11402 11403
11404 11405
11405 11406
11406 11407
11407 11408
11409 11410
11410 11411
11414 11415
11415 11416
11416 11417
11417 11418
11421 11422
11425 11426
11428 11429
11431 11432
11432 11433
11434 11435
11435 11436
11438 11439
11440 11441
11443 11444
11445 11446
11446 11447
11448 11449
11451 11452
11452 11453
11455 11456
11456 11457
11464 11465
11470 11471
11472 11473
11474 11475
11480 11481
11481 11482
11486 11487
11488 11489
11489 11490
11491 11492
11492 11493
11493 11494
11494 11495
11495 11496
11496 11497
11499 11500
11501 11502
11502 11503
11503 11504
11504 11505
11507 11508
11508 11509
11509 11510
11510 11511
11512 11513
11519 11520
11522 11523
11524 11525
11525 11526
11526 11527
11528 11529
11529 11530
11530 11531
11535 11536
11536 11537
11538 11539
11539 11540
11544 11545
11546 11547
11547 11548
11548 11549
11549 11550
11553 11554
11554 11555
11556 11557
11561 11562
11563 11564
11564 11565
11566 11567
11567 11568
11572 11573
11576 11577
11578 11579
11581 11582
11582 11583
11585 11586
11588 11589
11589 11590
11591 11592
11593 11594
11594 11595
11595 11596
11596 11597
11600 11601
11602 11603
11604 11605
11605 11606
11607 11608
11610 11611
11613 11614
11614 11615
11615 11616
11616 11617
11618 11619
11620 11621
11622 11623
11627 11628
11631 11632
11632 11633
11633 11634
11634 11635
11639 11640
11642 11643
11644 11645
11647 11648
11648 11649
11649 11650
11650 11651
11652 11653
11653 11654
11656 11657
11659 11660
11660 11661
11663 11664
11666 11667
11669 11670
11673 11674
11674 11675
11675 11676
11677 11678
11679 11680
11681 11682
11682 11683
11683 11684
11684 11685
11685 11686
11686 11687
11688 11689
11689 11690
11690 11691
11692 11693
11693 11694
11694 11695
11695 11696
11697 11698
11699 11700
11700 11701
11701 11702
11703 11704
11705 11706
11707 11708
11711 11712
11716 11717
11717 11718
11718 11719
11720 11721
11721 11722
11726 11727
11727 11728
11731 11732
11734 11735
11736 11737
11737 11738
11738 11739
11741 11742
11743 11744
11744 11745
11748 11749
11749 11750
11750 11751
11751 11752
11752 11753
11755 11756
11757 11758
11758 11759
11763 11764
11764 11765
11767 11768
11768 11769
11769 11770
11774 11775
11776 11777
11777 11778
11778 11779
11779 11780
11780 11781
11783 11784
11784 11785
11786 11787
11789 11790
11790 11791
11791 11792
11793 11794
11794 11795
11796 11797
11797 11798
11799 11800
11800 11801
11801 11802
11802 11803
11804 11805
11805 11806
11808 11809
11810 11811
11811 11812
11814 11815
11816 11817
11817 11818
11819 11820
11823 11824
11824 11825
11825 11826
11827 11828
11828 11829
11832 11833
11834 11835
11837 11838
11838 11839
11840 11841
11842 11843
11843 11844
11845 11846
11846 11847
11849 11850
11853 11854
11854 11855
11855 11856
11857 11858
11862 11863
11864 11865
11869 11870
11870 11871
11872 11873
11876 11877
11878 11879
11879 11880
11880 11881
11882 11883
11884 11885
11885 11886
11887 11888
11889 11890
11891 11892
11893 11894
11895 11896
11898 11899
11899 11900
11901 11902
11905 11906
11907 11908
11908 11909
11909 11910
11910 11911
11914 11915
11920 11921
11922 11923
11925 11926
11926 11927
11929 11930
11930 11931
11932 11933
11933 11934
11934 11935
11936 11937
11939 11940
11940 11941
11942 11943
11943 11944
11944 11945
11946 11947
11947 11948
11948 11949
11950 11951
11952 11953
11954 11955
11955 11956
11957 11958
11958 11959
11961 11962
11962 11963
11964 11965
11967 11968
11968 11969
11971 11972
11972 11973
11973 11974
11974 11975
11975 11976
11976 11977
11977 11978
11978 11979
11979 11980
11981 11982
11983 11984
11984 11985
11986 11987
11989 11990
11990 11991
11992 11993
11993 11994
11994 11995
11995 11996
11996 11997
11998 11999
11999 12000
12001 12002
12003 12004
12010 12011
12011 12012
12012 12013
12013 12014
12014 12015
12016 12017
12018 12019
12020 12021
12024 12025
12025 12026
12027 12028
12028 12029
12029 12030
12030 12031
12031 12032
12032 12033
12033 12034
12034 12035
12037 12038
12038 12039
12042 12043
12043 12044
12045 12046
12048 12049
12051 12052
12052 12053
12054 12055
12055 12056
12058 12059
12059 12060
12061 12062
12062 12063
12063 12064
12064 12065
12065 12066
12068 12069
12073 12074
12076 12077
12078 12079
12081 12082
12083 12084
12084 12085
12085 12086
12086 12087
12088 12089
12089 12090
12091 12092
12092 12093
12094 12095
12097 12098
12098 12099
12099 12100
12101 12102
12104 12105
12105 12106
12107 12108
12108 12109
12109 12110
12111 12112
12116 12117
12117 12118
12121 12122
12122 12123
12124 12125
12125 12126
12126 12127
12127 12128
12128 12129
12129 12130
12133 12134
12141 12142
12143 12144
12144 12145
12147 12148
12148 12149
12150 12151
12151 12152
12153 12154
12155 12156
12157 12158
12162 12163
12163 12164
12164 12165
12165 12166
12167 12168
12168 12169
12170 12171
12171 12172
12173 12174
12179 12180
12180 12181
12182 12183
12184 12185
12185 12186
12186 12187
12187 12188
12189 12190
12190 12191
12191 12192
12194 12195
12195 12196
12196 12197
12197 12198
12201 12202
12203 12204
12204 12205
12205 12206
12209 12210
12212 12213
12215 12216
12218 12219
12223 12224
12224 12225
12226 12227
12229 12230
12230 12231
12234 12235
12236 12237
12238 12239
12241 12242
12242 12243
12244 12245
12245 12246
12246 12247
12248 12249
12249 12250
12250 12251
12251 12252
12254 12255
12256 12257
12257 12258
12262 12263
12263 12264
12265 12266
12268 12269
12269 12270
12270 12271
12273 12274
12283 12284
12284 12285
12285 12286
12286 12287
12290 12291
12293 12294
12295 12296
12297 12298
12301 12302
12302 12303
12303 12304
12305 12306
12307 12308
12308 12309
12309 12310
12312 12313
12314 12315
12318 12319
12319 12320
12321 12322
12322 12323
12323 12324
12324 12325
12327 12328
12330 12331
12333 12334
12334 12335
12336 12337
12339 12340
12340 12341
12343 12344
12344 12345
12345 12346
12346 12347
12347 12348
12348 12349
12349 12350
12351 12352
12354 12355
12356 12357
12359 12360
12360 12361
12363 12364
12375 12376
12376 12377
12377 12378
12379 12380
12380 12381
12383 12384
12384 12385
12386 12387
12388 12389
12391 12392
12392 12393
12396 12397
12399 12400
12400 12401
12401 12402
12405 12406
12408 12409
12409 12410
12410 12411
12414 12415
12416 12417
12417 12418
12418 12419
12422 12423
12425 12426
12426 12427
12427 12428
12430 12431
12433 12434
12434 12435
12436 12437
12438 12439
12441 12442
12443 12444
12444 12445
12449 12450
12453 12454
12455 12456
12459 12460
12465 12466
12470 12471
12473 12474
12475 12476
12476 12477
12477 12478
12478 12479
12484 12485
12485 12486
12488 12489
12491 12492
12493 12494
12494 12495
12495 12496
12498 12499
12499 12500
12500 12501
12507 12508
12508 12509
12509 12510
12511 12512
12516 12517
12519 12520
12522 12523
12526 12527
12528 12529
12529 12530
12532 12533
12533 12534
12538 12539
12539 12540
12541 12542
12542 12543
12545 12546
12547 12548
12549 12550
12550 12551
12551 12552
12553 12554
12554 12555
12558 12559
12559 12560
12561 12562
12562 12563
12564 12565
12565 12566
12574 12575
12575 12576
12577 12578
12580 12581
12581 12582
12584 12585
12585 12586
12587 12588
12588 12589
12589 12590
12590 12591
12593 12594
12598 12599
12599 12600
12600 12601
12601 12602
12604 12605
12607 12608
12608 12609
12616 12617
12617 12618
12619 12620
12620 12621
12621 12622
12622 12623
12624 12625
12625 12626
12627 12628
12628 12629
12629 12630
12630 12631
12631 12632
12634 12635
12635 12636
12636 12637
12638 12639
12640 12641
12641 12642
12644 12645
12645 12646
12647 12648
12649 12650
12650 12651
12651 12652
12653 12654
12654 12655
12660 12661
12664 12665
12668 12669
12669 12670
12670 12671
12674 12675
12675 12676
12677 12678
12681 12682
12683 12684
12685 12686
12687 12688
12688 12689
12690 12691
12691 12692
12692 12693
12695 12696
12698 12699
12700 12701
12706 12707
12708 12709
12710 12711
12711 12712
12713 12714
12714 12715
12717 12718
12718 12719
12720 12721
12723 12724
12724 12725
12726 12727
12732 12733
12733 12734
12736 12737
12737 12738
12738 12739
12740 12741
12741 12742
12744 12745
12745 12746
12748 12749
12751 12752
12753 12754
12755 12756
12758 12759
12759 12760
12760 12761
12762 12763
12764 12765
12765 12766
12767 12768
12768 12769
12771 12772
12772 12773
12773 12774
12774 12775
12775 12776
12778 12779
12779 12780
12782 12783
12785 12786
12788 12789
12789 12790
12790 12791
12791 12792
12792 12793
12794 12795
12795 12796
12797 12798
12800 12801
12801 12802
12803 12804
12805 12806
12808 12809
12809 12810
12812 12813
12814 12815
12815 12816
12817 12818
12818 12819
12819 12820
12820 12821
12821 12822
12822 12823
12823 12824
12824 12825
12826 12827
12827 12828
12831 12832
12832 12833
12835 12836
12837 12838
12838 12839
12840 12841
12843 12844
12846 12847
12847 12848
12852 12853
12854 12855
12855 12856
12856 12857
12858 12859
12860 12861
12862 12863
12863 12864
12864 12865
12865 12866
12868 12869
12869 12870
12871 12872
12875 12876
12877 12878
12878 12879
12882 12883
12885 12886
12887 12888
12890 12891
12895 12896
12896 12897
12898 12899
12899 12900
12900 12901
12901 12902
12903 12904
12905 12906
12908 12909
12909 12910
12910 12911
12912 12913
12913 12914
12914 12915
12915 12916
12917 12918
12921 12922
12922 12923
12924 12925
12926 12927
12928 12929
12929 12930
12931 12932
12932 12933
12933 12934
12934 12935
12938 12939
12940 12941
12941 12942
12943 12944
12944 12945
12945 12946
12946 12947
12958 12959
12961 12962
12966 12967
12971 12972
12973 12974
12974 12975
12975 12976
12976 12977
12978 12979
12979 12980
12980 12981
12983 12984
12984 12985
12986 12987
12988 12989
12990 12991
12993 12994
12994 12995
12995 12996
12999 13000
13004 13005
13006 13007
13008 13009
13009 13010
13013 13014
13014 13015
13016 13017
13019 13020
13021 13022
13023 13024
13024 13025
13025 13026
13026 13027
13027 13028
13030 13031
13032 13033
13033 13034
13034 13035
13035 13036
13037 13038
13038 13039
13039 13040
13041 13042
13042 13043
13046 13047
13051 13052
13052 13053
13056 13057
13058 13059
13062 13063
13063 13064
13064 13065
13065 13066
13066 13067
13069 13070
13073 13074
13075 13076
13076 13077
13077 13078
13078 13079
13079 13080
13082 13083
13088 13089
13090 13091
13093 13094
13094 13095
13095 13096
13097 13098
13099 13100
13101 13102
13102 13103
13103 13104
13109 13110
13111 13112
13113 13114
13115 13116
13117 13118
13119 13120
13121 13122
13123 13124
13124 13125
13128 13129
13129 13130
13130 13131
13131 13132
13133 13134
13134 13135
13135 13136
13137 13138
13140 13141
13141 13142
13142 13143
13144 13145
13145 13146
13147 13148
13149 13150
13151 13152
13152 13153
13153 13154
13154 13155
13155 13156
13158 13159
13159 13160
13160 13161
13165 13166
13168 13169
13169 13170
13173 13174
13176 13177
13177 13178
13181 13182
13182 13183
13185 13186
13186 13187
13187 13188
13189 13190
13190 13191
13191 13192
13192 13193
13195 13196
13196 13197
13198 13199
13200 13201
13201 13202
13202 13203
13203 13204
13210 13211
13212 13213
13213 13214
13215 13216
13216 13217
13217 13218
13218 13219
13222 13223
13223 13224
13225 13226
13226 13227
13228 13229
13230 13231
13232 13233
13233 13234
13234 13235
13235 13236
13237 13238
13238 13239
13239 13240
13240 13241
13241 13242
13242 13243
13243 13244
13244 13245
13246 13247
13253 13254
13255 13256
13256 13257
13261 13262
13263 13264
13264 13265
13266 13267
13269 13270
13271 13272
13273 13274
13274 13275
13276 13277
13277 13278
13285 13286
13288 13289
13289 13290
13291 13292
13294 13295
13296 13297
13297 13298
13298 13299
13302 13303
13303 13304
13305 13306
13306 13307
13308 13309
13309 13310
13310 13311
13317 13318
13318 13319
13324 13325
13325 13326
13327 13328
13328 13329
13329 13330
13331 13332
13334 13335
13335 13336
13336 13337
13337 13338
13342 13343
13346 13347
13353 13354
13354 13355
13355 13356
13356 13357
13357 13358
13358 13359
13361 13362
13362 13363
13364 13365
13365 13366
13366 13367
13372 13373
13375 13376
13376 13377
13378 13379
13380 13381
13382 13383
13384 13385
13386 13387
13389 13390
13390 13391
13391 13392
13392 13393
13394 13395
13396 13397
13401 13402
13403 13404
13404 13405
13405 13406
13407 13408
13410 13411
13412 13413
13416 13417
13420 13421
13421 13422
13424 13425
13427 13428
13428 13429
13430 13431
13433 13434
13434 13435
13435 13436
13436 13437
13437 13438
13438 13439
13441 13442
13443 13444
13445 13446
13447 13448
13448 13449
13450 13451
13451 13452
13453 13454
13454 13455
13456 13457
13458 13459
13462 13463
13463 13464
13465 13466
13475 13476
13476 13477
13478 13479
13479 13480
13481 13482
13482 13483
13485 13486
13487 13488
13489 13490
13491 13492
13493 13494
13498 13499
13499 13500
13501 13502
13502 13503
13506 13507
13507 13508
13509 13510
13512 13513
13514 13515
13515 13516
13517 13518
13518 13519
13520 13521
13521 13522
13522 13523
13525 13526
13526 13527
13528 13529
13529 13530
13532 13533
13533 13534
13534 13535
13536 13537
13537 13538
13538 13539
13541 13542
13542 13543
13546 13547
13547 13548
13548 13549
13549 13550
13551 13552
13554 13555
13557 13558
13559 13560
13561 13562
13562 13563
13565 13566
13567 13568
13569 13570
13572 13573
13573 13574
13576 13577
13578 13579
13580 13581
13581 13582
13582 13583
13583 13584
13584 13585
13590 13591
13591 13592
13592 13593
13595 13596
13596 13597
13598 13599
13599 13600
13600 13601
13602 13603
13603 13604
13604 13605
13606 13607
13609 13610
13610 13611
13612 13613
13614 13615
13617 13618
13619 13620
13622 13623
13624 13625
13630 13631
13634 13635
13636 13637
13637 13638
13639 13640
13641 13642
13644 13645
13646 13647
13647 13648
13649 13650
13650 13651
13651 13652
13653 13654
13655 13656
13656 13657
13659 13660
13661 13662
13662 13663
13666 13667
13667 13668
13670 13671
13671 13672
13673 13674
13674 13675
13675 13676
13677 13678
13680 13681
13683 13684
13687 13688
13688 13689
13690 13691
13692 13693
13693 13694
13697 13698
13698 13699
13700 13701
13702 13703
13704 13705
13706 13707
13707 13708
13708 13709
13709 13710
13710 13711
13711 13712
13712 13713
13714 13715
13715 13716
13719 13720
13720 13721
13723 13724
13725 13726
13726 13727
13731 13732
13733 13734
13734 13735
13736 13737
13737 13738
13738 13739
13739 13740
13740 13741
13743 13744
13744 13745
13746 13747
13747 13748
13748 13749
13753 13754
13754 13755
13755 13756
13756 13757
13757 13758
13759 13760
13761 13762
13765 13766
13766 13767
13767 13768
13773 13774
13775 13776
13777 13778
13778 13779
13779 13780
13782 13783
13783 13784
13784 13785
13785 13786
13786 13787
13788 13789
13789 13790
13790 13791
13793 13794
13798 13799
13800 13801
13801 13802
13803 13804
13805 13806
13807 13808
13808 13809
13809 13810
13814 13815
13819 13820
13821 13822
13822 13823
13824 13825
13826 13827
13827 13828
13828 13829
13829 13830
13830 13831
13831 13832
13833 13834
13836 13837
13837 13838
13839 13840
13840 13841
13845 13846
13846 13847
13847 13848
13849 13850
13851 13852
13852 13853
13855 13856
13856 13857
13859 13860
13860 13861
13861 13862
13866 13867
13867 13868
13868 13869
13869 13870
13871 13872
13872 13873
13875 13876
13877 13878
13880 13881
13882 13883
13883 13884
13884 13885
13887 13888
13888 13889
13894 13895
13896 13897
13900 13901
13902 13903
13905 13906
13906 13907
13907 13908
13909 13910
13912 13913
13913 13914
13916 13917
13917 13918
13919 13920
13923 13924
13925 13926
13926 13927
13928 13929
13930 13931
13932 13933
13934 13935
13935 13936
13937 13938
13938 13939
13939 13940
13942 13943
13946 13947
13952 13953
13953 13954
13954 13955
13955 13956
13957 13958
13958 13959
13966 13967
13967 13968
13971 13972
13972 13973
13975 13976
13976 13977
13977 13978
13978 13979
13981 13982
13983 13984
13984 13985
13985 13986
13986 13987
13989 13990
13992 13993
13996 13997
14000 14001
14001 14002
14002 14003
14004 14005
14005 14006
14006 14007
14008 14009
14009 14010
14011 14012
14014 14015
14015 14016
14017 14018
14018 14019
14020 14021
14021 14022
14022 14023
14026 14027
14029 14030
14030 14031
14032 14033
14033 14034
14034 14035
14041 14042
14042 14043
14043 14044
14045 14046
14047 14048
14050 14051
14051 14052
14053 14054
14055 14056
14059 14060
14061 14062
14062 14063
14063 14064
14064 14065
14065 14066
14066 14067
14067 14068
14071 14072
14074 14075
14075 14076
14076 14077
14077 14078
14078 14079
14081 14082
14082 14083
14083 14084
14085 14086
14086 14087
14087 14088
14088 14089
14089 14090
14090 14091
14094 14095
14095 14096
14098 14099
14103 14104
14104 14105
14105 14106
14106 14107
14108 14109
14109 14110
14110 14111
14112 14113
14114 14115
14116 14117
14117 14118
14122 14123
14129 14130
14132 14133
14133 14134
14135 14136
14137 14138
14138 14139
14141 14142
14144 14145
14146 14147
14149 14150
14150 14151
14151 14152
14153 14154
14154 14155
14158 14159
14159 14160
14161 14162
14162 14163
14163 14164
14166 14167
14170 14171
14171 14172
14173 14174
14174 14175
14175 14176
14180 14181
14181 14182
14183 14184
14184 14185
14185 14186
14186 14187
14187 14188
14188 14189
14190 14191
14193 14194
14195 14196
14197 14198
14198 14199
14199 14200
14200 14201
14203 14204
14204 14205
14206 14207
14207 14208
14208 14209
14210 14211
14211 14212
14212 14213
14213 14214
14217 14218
14222 14223
14223 14224
14226 14227
14231 14232
14232 14233
14234 14235
14235 14236
14236 14237
14237 14238
14241 14242
14243 14244
14247 14248
14248 14249
14249 14250
14251 14252
14252 14253
14253 14254
14254 14255
14255 14256
14261 14262
14262 14263
14265 14266
14268 14269
14269 14270
14272 14273
14278 14279
14280 14281
14285 14286
14289 14290
14290 14291
14291 14292
14294 14295
14295 14296
14296 14297
14298 14299
14299 14300
14300 14301
14301 14302
14302 14303
14305 14306
14306 14307
14309 14310
14310 14311
14312 14313
14313 14314
14314 14315
14316 14317
14319 14320
14320 14321
14326 14327
14327 14328
14328 14329
14330 14331
14332 14333
14333 14334
14334 14335
14336 14337
14337 14338
14339 14340
14343 14344
14346 14347
14350 14351
14355 14356
14357 14358
14358 14359
14362 14363
14367 14368
14368 14369
14369 14370
14371 14372
14373 14374
14375 14376
14376 14377
14377 14378
14378 14379
14379 14380
14380 14381
14382 14383
14386 14387
14387 14388
14390 14391
14391 14392
14392 14393
14393 14394
14395 14396
14398 14399
14400 14401
14401 14402
14404 14405
14406 14407
14407 14408
14408 14409
14409 14410
14410 14411
14412 14413
14415 14416
14416 14417
14419 14420
14421 14422
14422 14423
14423 14424
14424 14425
14425 14426
14429 14430
14434 14435
14439 14440
14440 14441
14441 14442
14442 14443
14444 14445
14445 14446
14447 14448
14448 14449
14450 14451
14451 14452
14452 14453
14455 14456
14457 14458
14461 14462
14466 14467
14468 14469
14470 14471
14473 14474
14475 14476
14479 14480
14482 14483
14483 14484
14485 14486
14486 14487
14488 14489
14489 14490
14490 14491
14491 14492
14496 14497
14499 14500
14500 14501
14503 14504
14504 14505
14505 14506
14507 14508
14510 14511
14515 14516
14518 14519
14521 14522
14523 14524
14524 14525
14525 14526
14527 14528
14528 14529
14530 14531
14532 14533
14533 14534
14534 14535
14536 14537
14540 14541
14541 14542
14542 14543
14545 14546
14546 14547
14548 14549
14549 14550
14550 14551
14551 14552
14553 14554
14555 14556
14558 14559
14559 14560
14560 14561
14561 14562
14564 14565
14570 14571
14571 14572
14572 14573
14574 14575
14575 14576
14577 14578
14579 14580
14581 14582
14582 14583
14584 14585
14585 14586
14586 14587
14588 14589
14589 14590
14590 14591
14591 14592
14592 14593
14596 14597
14597 14598
14599 14600
14604 14605
14606 14607
14607 14608
14608 14609
14610 14611
14611 14612
14613 14614
14615 14616
14616 14617
14617 14618
14620 14621
14621 14622
14623 14624
14626 14627
14627 14628
14629 14630
14630 14631
14631 14632
14633 14634
14635 14636
14637 14638
14641 14642
14642 14643
14643 14644
14644 14645
14645 14646
14649 14650
14650 14651
14651 14652
14654 14655
14655 14656
14657 14658
14662 14663
14663 14664
14666 14667
14667 14668
14669 14670
14673 14674
14676 14677
14677 14678
14680 14681
14681 14682
14682 14683
14683 14684
14684 14685
14687 14688
14691 14692
14695 14696
14697 14698
14698 14699
14700 14701
14703 14704
14705 14706
14706 14707
14707 14708
14712 14713
14713 14714
14715 14716
14716 14717
14718 14719
14720 14721
14722 14723
14723 14724
14724 14725
14727 14728
14728 14729
14734 14735
14738 14739
14739 14740
14740 14741
14742 14743
14743 14744
14744 14745
14745 14746
14748 14749
14749 14750
14750 14751
14752 14753
14753 14754
14756 14757
14758 14759
14760 14761
14761 14762
14762 14763
14763 14764
14764 14765
14765 14766
14767 14768
14772 14773
14773 14774
14774 14775
14775 14776
14777 14778
14783 14784
14784 14785
14785 14786
14786 14787
14788 14789
14790 14791
14791 14792
14793 14794
14797 14798
14798 14799
14799 14800
14800 14801
14802 14803
14806 14807
14811 14812
14812 14813
14813 14814
14814 14815
14815 14816
14816 14817
14822 14823
14823 14824
14829 14830
14830 14831
14831 14832
14832 14833
14837 14838
14838 14839
14841 14842
14842 14843
14845 14846
14848 14849
14849 14850
14852 14853
14853 14854
14856 14857
14859 14860
14861 14862
14863 14864
14866 14867
14868 14869
14869 14870
14872 14873
14873 14874
14874 14875
14877 14878
14879 14880
14881 14882
14883 14884
14884 14885
14886 14887
14890 14891
14892 14893
14894 14895
14896 14897
14897 14898
14900 14901
14902 14903
14903 14904
14906 14907
14908 14909
14914 14915
14915 14916
14916 14917
14918 14919
14920 14921
14921 14922
14924 14925
14925 14926
14927 14928
14931 14932
14933 14934
14934 14935
14938 14939
14941 14942
14943 14944
14944 14945
14949 14950
14951 14952
14953 14954
14955 14956
14957 14958
14958 14959
14959 14960
14961 14962
14967 14968
14969 14970
14970 14971
14973 14974
14975 14976
14977 14978
14978 14979
14982 14983
14984 14985
14985 14986
14986 14987
14989 14990
14990 14991
14991 14992
14993 14994
14997 14998
15004 15005
15005 15006
15008 15009
15010 15011
15012 15013
15013 15014
15015 15016
15022 15023
15023 15024
15024 15025
15025 15026
15028 15029
15029 15030
15030 15031
15033 15034
15035 15036
15036 15037
15037 15038
15042 15043
15046 15047
15048 15049
15050 15051
15054 15055
15057 15058
15059 15060
15061 15062
15062 15063
15065 15066
15067 15068
15068 15069
15069 15070
15071 15072
15073 15074
15074 15075
15075 15076
15076 15077
15077 15078
15080 15081
15083 15084
15084 15085
15085 15086
15087 15088
15089 15090
15090 15091
15092 15093
15093 15094
15094 15095
15099 15100
15100 15101
15103 15104
15104 15105
15106 15107
15107 15108
15109 15110
15110 15111
15112 15113
15113 15114
15114 15115
15116 15117
15117 15118
15118 15119
15121 15122
15123 15124
15124 15125
15126 15127
15127 15128
15131 15132
15132 15133
15133 15134
15134 15135
15135 15136
15138 15139
15143 15144
15144 15145
15147 15148
15148 15149
15151 15152
15152 15153
15155 15156
15157 15158
15159 15160
15162 15163
15163 15164
15165 15166
15168 15169
15169 15170
15171 15172
15172 15173
15174 15175
15175 15176
15176 15177
15178 15179
15179 15180
15183 15184
15184 15185
15187 15188
15188 15189
15190 15191
15193 15194
15194 15195
15196 15197
15198 15199
15199 15200
15202 15203
15203 15204
15205 15206
15208 15209
15209 15210
15211 15212
15215 15216
15216 15217
15220 15221
15227 15228
15228 15229
15232 15233
15233 15234
15234 15235
15235 15236
15236 15237
15240 15241
15242 15243
15244 15245
15246 15247
15248 15249
15250 15251
15253 15254
15255 15256
15257 15258
15258 15259
15261 15262
15263 15264
15264 15265
15265 15266
15266 15267
15275 15276
15277 15278
15280 15281
15281 15282
15283 15284
15285 15286
15287 15288
15288 15289
15290 15291
15293 15294
15294 15295
15295 15296
15296 15297
15297 15298
15298 15299
15299 15300
15300 15301
15301 15302
15302 15303
15303 15304
15305 15306
15307 15308
15308 15309
15313 15314
15314 15315
15315 15316
15319 15320
15321 15322
15323 15324
15324 15325
15326 15327
15328 15329
15331 15332
15334 15335
15335 15336
15336 15337
15338 15339
15341 15342
15343 15344
15344 15345
15349 15350
15350 15351
15351 15352
15353 15354
15355 15356
15358 15359
15359 15360
15360 15361
15361 15362
15365 15366
15367 15368
15371 15372
15372 15373
15374 15375
15376 15377
15377 15378
15379 15380
15380 15381
15381 15382
15382 15383
15384 15385
15385 15386
15387 15388
15390 15391
15392 15393
15394 15395
15398 15399
15399 15400
15400 15401
15401 15402
15404 15405
15405 15406
15406 15407
15407 15408
15410 15411
15413 15414
15414 15415
15415 15416
15416 15417
15417 15418
15419 15420
15420 15421
15421 15422
15422 15423
15424 15425
15427 15428
15428 15429
15429 15430
15430 15431
15433 15434
15436 15437
15437 15438
15439 15440
15440 15441
15443 15444
15450 15451
15452 15453
15456 15457
15457 15458
15458 15459
15460 15461
15462 15463
15463 15464
15464 15465
15465 15466
15468 15469
15470 15471
15471 15472
15472 15473
15473 15474
15477 15478
15478 15479
15479 15480
15481 15482
15482 15483
15486 15487
15487 15488
15488 15489
15489 15490
15491 15492
15493 15494
15496 15497
15497 15498
15499 15500
15505 15506
15507 15508
15512 15513
15513 15514
15514 15515
15515 15516
15522 15523
15524 15525
15526 15527
15528 15529
15535 15536
15536 15537
15537 15538
15538 15539
15540 15541
15541 15542
15542 15543
15544 15545
15545 15546
15548 15549
15550 15551
15551 15552
15552 15553
15554 15555
15557 15558
15561 15562
15562 15563
15563 15564
15566 15567
15567 15568
15568 15569
15569 15570
15571 15572
15573 15574
15575 15576
15576 15577
15577 15578
15582 15583
15583 15584
15585 15586
15588 15589
15590 15591
15591 15592
15593 15594
15595 15596
15597 15598
15598 15599
15599 15600
15602 15603
15605 15606
15606 15607
15607 15608
15608 15609
15609 15610
15610 15611
15611 15612
15613 15614
15615 15616
15616 15617
15619 15620
15620 15621
15621 15622
15627 15628
15632 15633
15635 15636
15636 15637
15638 15639
15639 15640
15640 15641
15642 15643
15644 15645
15645 15646
15646 15647
15649 15650
15650 15651
15652 15653
15654 15655
15655 15656
15658 15659
15659 15660
15660 15661
15661 15662
15662 15663
15664 15665
15665 15666
15667 15668
15669 15670
15670 15671
15672 15673
15673 15674
15678 15679
15680 15681
15681 15682
15685 15686
15687 15688
15688 15689
15689 15690
15691 15692
15692 15693
15694 15695
15695 15696
15699 15700
15700 15701
15702 15703
15705 15706
15707 15708
15708 15709
15711 15712
15712 15713
15714 15715
15717 15718
15720 15721
15721 15722
15722 15723
15724 15725
15726 15727
15728 15729
15729 15730
15731 15732
15732 15733
15735 15736
15737 15738
15738 15739
15740 15741
15741 15742
15747 15748
15752 15753
15753 15754
15754 15755
15755 15756
15757 15758
15760 15761
15764 15765
15765 15766
15769 15770
15770 15771
15771 15772
15776 15777
15780 15781
15784 15785
15785 15786
15786 15787
15787 15788
15789 15790
15792 15793
15794 15795
15796 15797
15798 15799
15799 15800
15800 15801
15801 15802
15803 15804
15804 15805
15806 15807
15808 15809
15809 15810
15810 15811
15812 15813
15813 15814
15814 15815
15815 15816
15816 15817
15818 15819
15819 15820
15821 15822
15828 15829
15829 15830
15833 15834
15835 15836
15836 15837
15837 15838
15838 15839
15839 15840
15840 15841
15841 15842
15843 15844
15844 15845
15845 15846
15849 15850
15854 15855
15855 15856
15856 15857
15860 15861
15861 15862
15862 15863
15865 15866
15868 15869
15869 15870
15870 15871
15871 15872
15876 15877
15879 15880
15880 15881
15883 15884
15884 15885
15885 15886
15890 15891
15897 15898
15898 15899
15899 15900
15901 15902
15902 15903
15904 15905
15905 15906
15906 15907
15907 15908
15908 15909
15912 15913
15913 15914
15914 15915
15915 15916
15916 15917
15919 15920
15921 15922
15925 15926
15926 15927
15929 15930
15933 15934
15939 15940
15940 15941
15941 15942
15942 15943
15944 15945
15950 15951
15955 15956
15956 15957
15957 15958
15959 15960
15961 15962
15963 15964
15964 15965
15966 15967
15967 15968
15969 15970
15972 15973
15974 15975
15975 15976
15977 15978
15979 15980
15981 15982
15983 15984
15986 15987
15987 15988
15988 15989
15990 15991
15991 15992
15992 15993
15994 15995
15997 15998
16001 16002
16006 16007
16007 16008
16008 16009
16013 16014
16014 16015
16015 16016
16020 16021
16021 16022
16023 16024
16025 16026
16028 16029
16029 16030
16030 16031
16032 16033
16033 16034
16035 16036
16036 16037
16038 16039
16039 16040
16040 16041
16041 16042
16042 16043
16043 16044
16044 16045
16045 16046
16048 16049
16050 16051
16055 16056
16057 16058
16058 16059
16060 16061
16065 16066
16066 16067
16067 16068
16068 16069
16071 16072
16076 16077
16077 16078
16078 16079
16079 16080
16080 16081
16081 16082
16082 16083
16083 16084
16086 16087
16087 16088
16089 16090
16091 16092
16095 16096
16098 16099
16099 16100
16100 16101
16101 16102
16103 16104
16105 16106
16107 16108
16108 16109
16109 16110
16111 16112
16113 16114
16114 16115
16116 16117
16117 16118
16118 16119
16119 16120
16121 16122
16125 16126
16128 16129
16129 16130
16132 16133
16133 16134
16139 16140
16141 16142
16142 16143
16146 16147
16148 16149
16149 16150
16151 16152
16152 16153
16155 16156
16159 16160
16165 16166
16166 16167
16167 16168
16168 16169
16170 16171
16171 16172
16173 16174
16175 16176
16177 16178
16179 16180
16180 16181
16181 16182
16183 16184
16184 16185
16185 16186
16187 16188
16188 16189
16189 16190
16191 16192
16192 16193
16194 16195
16198 16199
16199 16200
16200 16201
16201 16202
16204 16205
16205 16206
16209 16210
16210 16211
16211 16212
16216 16217
16217 16218
16221 16222
16223 16224
16225 16226
16230 16231
16231 16232
16232 16233
16233 16234
16235 16236
16237 16238
16238 16239
16239 16240
16240 16241
16243 16244
16246 16247
16250 16251
16253 16254
16257 16258
16258 16259
16259 16260
16262 16263
16264 16265
16265 16266
16267 16268
16269 16270
16272 16273
16275 16276
16277 16278
16278 16279
16279 16280
16280 16281
16281 16282
16282 16283
16284 16285
16285 16286
16287 16288
16288 16289
16289 16290
16290 16291
16294 16295
16296 16297
16297 16298
16298 16299
16299 16300
16300 16301
16304 16305
16307 16308
16309 16310
16313 16314
16316 16317
16320 16321
16326 16327
16327 16328
16329 16330
16330 16331
16334 16335
16336 16337
16338 16339
16340 16341
16341 16342
16342 16343
16343 16344
16344 16345
16345 16346
16346 16347
16347 16348
16348 16349
16349 16350
16354 16355
16356 16357
16358 16359
16361 16362
16362 16363
16363 16364
16364 16365
16366 16367
16367 16368
16370 16371
16373 16374
16375 16376
16377 16378
16378 16379
16379 16380
16380 16381
16381 16382
16382 16383
16384 16385
16385 16386
16386 16387
16388 16389
16389 16390
16394 16395
16397 16398
16401 16402
16404 16405
16405 16406
16406 16407
16407 16408
16410 16411
16411 16412
16414 16415
16415 16416
16418 16419
16419 16420
16423 16424
16424 16425
16425 16426
16427 16428
16428 16429
16431 16432
16432 16433
16434 16435
16435 16436
16437 16438
16438 16439
16439 16440
16441 16442
16442 16443
16444 16445
16446 16447
16450 16451
16452 16453
16455 16456
16459 16460
16460 16461
16462 16463
16464 16465
16465 16466
16466 16467
16469 16470
16470 16471
16471 16472
16472 16473
16475 16476
16479 16480
16482 16483
16483 16484
16484 16485
16485 16486
16488 16489
16490 16491
16491 16492
16492 16493
16494 16495
16495 16496
16497 16498
16498 16499
16500 16501
16501 16502
16502 16503
16503 16504
16504 16505
16505 16506
16506 16507
16509 16510
16510 16511
16515 16516
16516 16517
16520 16521
16522 16523
16523 16524
16524 16525
16525 16526
16529 16530
16530 16531
16532 16533
16533 16534
16536 16537
16540 16541
16541 16542
16544 16545
16546 16547
16548 16549
16550 16551
16551 16552
16552 16553
16553 16554
16554 16555
16555 16556
16558 16559
16559 16560
16563 16564
16566 16567
16568 16569
16570 16571
16572 16573
16577 16578
16578 16579
16580 16581
16582 16583
16583 16584
16585 16586
16587 16588
16591 16592
16595 16596
16596 16597
16597 16598
16598 16599
16600 16601
16604 16605
16605 16606
16607 16608
16608 16609
16609 16610
16610 16611
16616 16617
16618 16619
16619 16620
16621 16622
16622 16623
16623 16624
16626 16627
16627 16628
16628 16629
16631 16632
16632 16633
16633 16634
16635 16636
16636 16637
16637 16638
16642 16643
16644 16645
16646 16647
16648 16649
16649 16650
16652 16653
16653 16654
16654 16655
16655 16656
16657 16658
16658 16659
16659 16660
16661 16662
16662 16663
16665 16666
