1000
3 1 5
2 2 3
0 2 2
4 3 15
32 2 67
29 8 56
1 89 6
1 62 8
1 59 9
45 60 96
27 86 39
42 5 50
1 430 3
6 759 7
2 788 4
1 406 10
0 474 1
5 223 56
0 204 2
3 1953 6
3 1659 6
8 6755 44
29 6368 32
6 485 88
1 64209 2
2 88277 4
1 23137 2
16 26228 30
5 21430 62
40 60215 74
2 278311 9
0 362500 6
7 12236 8
3 215320 40
20 376804 23
20 360297 41
1 8717964 8
4 7425895 7
0 2053941 4
17 8817875 28
30 3035285 44
15 4181660 67
0 23708967 1
6 33398786 8
1 23817959 2
50 44301571 79
45 6335684 58
28 31051068 52
4 604965983 6
5 322548430 8
0 81049027 1
6 378992024 63
14 910155883 19
51 990288792 73
0 3075939737 7
0 7376909974 2
0 4922964279 8
1 578696970 14
2 2770228915 4
48 487418073 99
0 42698340531 6
4 77201375985 8
3 64124759932 9
57 76247367819 73
65 93759671184 92
14 48924656140 62
3 514316027302 8
6 450372755026 7
1 835708808852 8
72 333212806898 73
34 758744817278 49
53 869401250221 100
0 5270442995438 3
2 3176534405476 7
6 3855376497154 7
76 3396875231739 77
43 2880348063240 46
53 7887549929719 57
2 85559289352988 4
0 37996539619179 1
3 40448528010752 5
5 2074096567146 31
1 94017476009050 28
5 31155269207963 16
4 940619147958904 9
5 291523282393989 8
0 751675848913254 2
36 618476660834868 51
2 124883085538425 8
18 252897144631159 42
5 1967126096680741 6
1 3877197989550331 9
5 9938536489474300 8
15 8333278344368957 17
22 4826842988432098 63
16 5966191121842807 43
1 32205584814587319 6
0 29880873747614401 7
1 92498363772198583 3
1 53996079692192291 68
6 43913142017834372 11
4 53001533838865604 6
0 424773982174298437 2
5 271975325946453623 8
1 305471688102311387 8
39 582011633465156453 83
13 282252246055901762 39
40 545721230065145589 54
5 260036096624303268 97
24 423308393384708724 48
24 24270680841580916 34
2 878365015858662905 23
32 931564425539055685 62
14 928822987905303781 41
5 205890616682357589 11
19 758708746304805592 32
3 502985712195024103 18
7 375322170737009901 17
40 49192681813763852 77
44 896117101053704996 75
23 230279278486766034 39
39 532443386448270853 72
11 457654440207083768 24
13 325139589941322773 22
1 682087213085746818 50
32 904874310980074399 66
46 200796772745930885 78
21 554413266557704265 87
66 29146042703730673 85
24 231415231314284380 47
26 43264474443838583 28
72 222175809546856116 76
93 958787183250315684 95
16 323716046831297934 33
29 958681175914043059 57
10 529719577359252077 35
39 626740742535208091 86
41 812356944026889073 99
28 384777873860393107 90
16 741992322691355825 44
65 854333185843517445 80
15 731045651445390101 82
10 508084689890690071 13
19 176205636250102700 22
65 4198734095763302 79
2 718689679218676481 47
18 537547308431682071 51
48 241063840267401416 98
12 491223776658157619 97
66 996053714415225793 77
29 410892269793986078 34
6 576292725313481208 64
14 902484991742609269 70
25 498410939906543915 69
56 326345321862974473 86
9 32477756452316015 10
23 432060622890346298 40
23 99718976774999058 36
38 272704220670592373 90
0 183677201546612964 5
6 28992302239667207 40
82 237377383949867913 97
4 863275904536600374 14
33 822406640760735560 82
8 410266559818306160 32
28 36601674249305783 94
42 835408279793927923 43
12 799207078985823785 65
2 95609443723054219 25
73 58038766509051386 90
3 273214201342400661 13
1 876887851189496125 37
13 729240165509351275 29
84 644837127122273457 98
72 564974202241407945 82
57 127901388657285594 65
16 643298768595216556 24
5 857118531756776083 22
36 837796835915731313 90
46 165769902613614720 99
27 228681240101784569 65
1 288970757671710005 23
47 8954162285870771 92
9 197960244175488300 11
46 645034868249909471 68
18 923843647093618416 26
27 226561253041029208 32
59 258951708774109996 62
30 931166234497670064 67
7 124303246946060590 65
12 143437084945428002 13
2 685632003040926344 19
5 204742723648554521 33
63 235882674084983832 90
36 474628377517714487 52
66 552862657344964017 74
83 899575665738751564 93
7 346840682003612672 19
12 122425569306632958 14
27 313667612966535266 62
11 131142636444270955 29
0 627992878396474193 1
43 569703296315877609 62
1 114847829917062392 2
3 1049228276716902 16
2 108950221206036459 6
30 430935503866395571 89
40 620310713372121661 50
5 994483987023563319 11
35 468516797969653952 90
16 412714657977556632 18
13 985918421548583171 17
68 962071375192189290 78
10 339396055321653349 15
20 33644413517769437 39
13 307610424712393936 15
4 672232680309092340 23
7 936008222828677252 11
27 989726421997207247 36
6 323068002167830253 42
20 895226631416465148 94
4 215841494448501885 9
45 927230819666760593 94
13 72393709553606263 25
4 835137223159245758 45
66 835290299781625607 100
10 858660537276403126 46
9 239450320214026736 18
1 752418848229011360 16
3 137009953510417631 5
75 411244850778829554 87
31 196173663559176373 32
11 150707429149914607 73
4 584618474985174631 47
8 732022566478704498 16
19 293797337951263901 63
49 734525345746288923 98
41 93173956067256626 73
2 122192139498597220 29
22 236345828488713029 49
75 422090659523367013 100
29 974007705573945698 45
15 182835751719465087 57
21 200039438945726420 25
9 341882593262734682 12
27 331389326185872223 69
27 396865839431638899 47
14 277248833289825325 40
17 166289066353854794 31
25 448928072736898311 63
9 338908849284560262 51
16 821046459906251447 51
4 880447033396218559 24
35 204656659987732363 87
50 796992171421278703 53
60 508771884659609504 77
12 235098413472262915 35
1 485384225208600744 2
85 701179188320906108 95
20 480837149793901205 99
15 912294725250319283 54
9 272114052875775026 18
38 232254451672753653 48
1 556210609494544408 45
31 618720551371484200 46
64 488620079105904063 79
2 906692890752563100 10
46 71666833418937105 69
65 679549439065425668 76
70 59646195116500756 83
2 930117594950001273 88
59 832660569010984410 66
8 252231462187518991 90
22 187028939165960021 71
5 636274929172788430 13
22 919710085751803674 56
12 631767148161474182 39
8 635712989399749674 84
3 891071280180759904 4
21 271040922218489764 29
21 180780402840291361 50
24 893732006268641781 66
18 753312395171294434 35
0 368738312616374781 4
60 440501211170383377 64
14 288352148000410302 80
19 45236298737191825 32
29 757443104858069791 47
34 412578969084984341 53
26 742351077223824367 70
7 22335804640328416 21
52 138473896774959157 100
1 245188947814571438 4
33 908166294353089452 34
5 739045498729289425 85
3 707261279280993216 37
10 713744651555547077 11
23 206047369665187418 53
28 963774848696420271 55
25 739230966255309656 65
12 116572260589341253 31
18 957744942635975705 25
23 386180214226588468 72
16 744535772209335591 36
35 124502035559129434 90
61 507316950558488169 87
47 6685543032716910 71
6 71313244561388876 77
1 121316690742746907 2
51 227561839036537107 89
4 296242957405109518 37
38 699923967567822449 41
11 988416108920338166 47
26 434771651449212770 40
0 793624694131834696 2
47 919333983490887830 62
9 657287588679398118 67
0 432125734007883335 1
0 459632521093319665 5
1 719853522012500737 77
39 429422708103154378 44
70 334040075036890717 75
9 196341277482671599 55
13 126095764161591388 62
0 552656406946329477 1
36 177312098454817955 92
7 628593230126965113 76
34 440574724424104528 63
42 158524566633238509 47
11 838622797597414379 15
28 457810252564042116 43
46 400152098652588877 67
41 592637862744610408 76
33 561207952942788213 57
9 124694835408282943 53
4 453302365324785618 7
2 681299043145352808 9
0 601426355524370290 91
6 550453063061343656 34
7 197647418505238536 30
31 648061676660485593 75
70 106687817908479077 76
19 905681607979959034 26
7 290180857600569643 51
1 6618647057792670 87
27 483766715144543932 86
29 144171454635680317 44
30 161414505245763391 36
12 269851486798001206 45
9 901729743959231811 16
15 263963625176930994 74
0 784559813802409543 3
63 430228233224210713 67
9 581204414961350070 35
29 517723941014170470 86
48 832279476564995076 70
82 24592718791670840 96
6 213597017463954989 20
6 395043616867070116 13
43 141032829585799506 44
48 66505617674397349 77
65 731649842157942446 78
9 270857778892702092 45
14 918348728399999922 56
17 627375658141573333 68
46 885008958457827972 50
33 26566902859521376 58
30 214853938276052667 92
20 631104183440635996 34
8 248585909266100752 20
19 153420120232700223 34
89 599523569587262908 93
35 991314887193883971 88
43 648478341180726248 90
72 762778379403443603 83
11 252933328493006113 15
34 815578249938694041 44
83 99728523591288477 98
5 166074670272447359 6
93 310098963246736383 96
28 533173550491301103 47
1 598160484128838173 42
8 159783695628477015 24
28 314224714517632383 58
1 794423154258918891 10
3 545425901861294412 14
45 668206541583236434 94
78 576515644291930748 88
28 923271903649788815 56
47 450217290341049168 82
6 701921116191342820 11
4 583972451716385524 8
4 264060998020269336 7
62 972639639555677527 75
1 598329911499218118 10
9 48149269969871741 14
51 260556903921807193 99
22 383793771917193196 71
28 282971463926224303 74
82 495773802189178687 91
12 753170024376783939 24
2 457423853693854129 22
45 329531740720538519 75
34 690410451425170874 54
74 912127563102543446 89
13 852227512531522978 29
41 218975910393214228 50
30 870893509623027380 32
4 47607070621167038 28
14 991165741448434622 16
13 650036251059581327 27
0 928116282393872868 46
35 935202096838919069 38
37 139292420065778585 73
37 865007435866188640 40
14 651704420136011267 74
49 198031089236385744 79
13 399408611759756405 39
17 204548345221168759 65
8 401121549661797964 15
43 477820844320578239 67
11 165963737542056679 49
21 496963926373708271 73
15 164216944820688901 86
5 699722838033338027 6
0 406218966481542720 53
0 952863993656109445 2
38 436251084818468846 98
24 91259561897677102 34
19 294003817584037397 69
5 998257884502075175 20
3 91095844874896323 17
13 448477461018671609 17
9 584010958371358673 13
31 546431043413302150 57
26 910553478912761850 82
3 77744997810219771 43
26 280421702208862073 52
41 802962387362885778 57
3 364566495930979300 19
63 665521907897213831 90
40 250148384341333150 67
15 792928417414593310 47
2 920287832814269136 5
18 83656385718043582 54
52 606973847374433623 67
26 298513950642924665 30
17 709436139059554989 38
34 766867626375665836 54
8 370428660729273679 63
78 928390400545145305 92
67 128803730955580989 89
6 982751632687937013 20
16 975539123116421573 74
28 180357727148260803 44
3 953512705832848018 30
7 446837110000482164 13
19 674110189560749806 63
3 408541815258575286 79
0 114994730717156459 10
1 867606504163365546 22
32 889209120119891337 50
6 881784417454200704 50
77 872776116847429082 84
1 555495469744224289 59
78 577841942507363013 88
49 511362424834782372 58
19 581284783918661380 39
14 616984969002582268 25
43 797379416110101488 86
64 754787085454244405 98
92 30663638200194280 99
19 667882324363789401 41
37 260033073665419828 67
16 499275396186227543 28
13 78574968617969521 21
84 978787097579554294 94
6 359017224335334944 19
19 964050624131580700 86
2 841708814870786251 7
25 467374867542644069 56
8 386839447177679342 24
32 379584001232511215 67
14 84870119028169624 43
25 159497293232967523 45
1 352249954401766128 11
25 619158115191098954 28
4 450068201124408397 28
8 304158638820113295 51
3 350163716540433200 8
1 915415279560535111 4
62 364814563299932884 99
5 4607932251830721 10
60 646866413877947082 69
23 922183146076209366 65
41 210742309535710194 77
33 821431741195861900 64
29 155617373936384395 56
1 746571176774401182 4
7 490995783702993608 17
23 134290586595829198 35
28 381284160274419805 99
68 178989712881750042 83
0 714115401352634987 52
12 998650857099265580 20
32 742473222639643337 57
14 920300310686454110 19
26 334410606043150154 44
20 5198058419169430 60
21 209356965548908683 92
5 796445342289670547 10
23 120352286002880701 91
41 315015524028907689 97
0 926555671628658417 35
36 279544864829096527 100
16 272159669910545017 90
9 393079908845058904 43
28 125686763399201407 40
27 778026640562621222 64
4 958322469956003354 10
21 237200689536293968 22
15 264680060396443734 93
53 903846034345619275 89
8 80261611876070569 87
41 720619225998535571 52
67 379402893203673006 77
6 900980293734277856 12
13 420389569410351112 77
60 965935700594504402 69
25 445095378263790456 34
18 701612171009765524 58
4 201020259332488314 5
10 311322116508093201 74
56 951982355297338299 78
22 1955455890591511 45
6 84895786666707512 68
30 541285745592220174 39
0 93530788754908972 1
26 417711594373793437 38
8 741150139148054215 37
2 732762176255745999 3
39 700063094013471896 43
3 485492140883256920 6
35 485993228118843044 96
8 426872651684082725 22
28 338194920012463229 92
13 107012345829132815 72
1 948523761833137834 31
29 347744842599535637 34
7 154346574405245548 22
41 891292137051139963 71
24 734105809197958549 66
36 253532008219303798 69
19 964898263296825004 24
21 471727808660741094 55
29 795199716114367867 69
25 411984239715837542 39
10 240483719021957026 47
55 901425445751338900 64
18 724735336884925239 36
14 422059880980413273 17
27 173612681169716985 35
30 81989921102463206 57
36 82423632300436234 81
31 124072516138015268 52
37 703074556624907867 47
0 125975447365765862 2
0 949669521750997875 13
3 991884922929578149 8
20 23217664034763871 51
0 253283315023113699 3
18 366595618168361212 37
5 765314612862441050 18
14 844942487925304211 20
43 48607481849337573 80
1 787848673570629538 11
61 531235993648231973 94
25 606231523953352401 50
3 103033571404712208 34
13 156615792730698749 97
33 553090603820389262 35
67 295888040032978334 99
37 324301879980828180 75
35 245286588929979810 80
32 798964613066454229 64
11 670242977450695092 25
46 774007515098772450 74
21 501477222013612573 98
1 999770727724640086 35
80 364292162412673302 82
48 722467882446427994 69
11 72373226463925892 64
28 43638186692191169 49
11 811440979819884434 12
38 400521246795566250 97
77 540800138437556698 80
13 430154378887608960 16
10 683061289347431270 41
16 245673900435719070 17
13 457733311278611160 42
4 719943383550099063 15
8 223084063897745830 78
10 439028715735273376 37
48 756858531475959586 89
4 541092435313781955 12
46 854697910314849731 48
3 817131340529524580 7
81 468169371246278331 93
27 648247410217899029 78
19 830155599282364352 70
0 959675810982822397 49
14 878365524523265797 29
5 827976681709712985 18
19 730421845239783830 39
34 767530465246564470 38
27 456539722408235000 84
44 517733535451920888 92
14 145768687810528469 43
26 965447021128460070 36
50 691487700229855749 66
40 782957833611815838 58
11 365971130373572596 21
90 757737682316783449 93
22 964710138255528756 62
29 562562216887750562 54
2 816364739272786960 15
1 105326840635881647 60
36 810450045761656039 75
53 317619854390018903 58
36 228104164534272567 87
75 786398691225330374 99
20 149279962539862341 98
72 398480568065765074 86
23 803680114408956151 39
6 619778710446872190 45
52 385646624278706359 92
11 59579507796641368 14
13 565125618693573100 90
3 230681069205049268 23
33 584946796585305951 35
0 411083029800721324 14
63 432028052210775847 72
70 165886067410515619 82
23 432731952311468714 36
28 358979230512267219 84
7 709692421535959261 88
31 599793219477866846 93
8 805310352688357080 64
11 334566816747336809 22
10 763873205867735717 65
30 459001900920165755 77
12 313612663443620948 13
9 205648886729059639 15
5 912761790615570727 8
26 606570048451723593 27
21 536410330687737172 84
43 147647181275980193 49
3 815073537214863255 7
12 111152854045320613 94
77 694239685702194024 91
4 628673545858035240 7
0 60130521646982437 62
32 138374833661654828 59
76 702157655378529472 82
9 111114662876792333 38
11 461080877738590838 35
12 341938765428621305 31
45 994597974722132454 100
3 19551675537814681 10
42 918509259556861786 95
7 227433270714296577 22
27 119220629802607413 33
67 462013417645928136 68
31 253324400217638904 53
37 203279268657501071 88
51 150619810552555045 96
30 370039861240476847 75
56 970430488115645086 100
14 660279384157864699 26
5 658026453075514132 13
16 753864626973442838 62
79 76195109675093258 92
41 498922375935727052 44
62 569521872939473561 69
23 573718054834296027 66
11 564060762396248579 32
4 938115302521819034 26
8 409474031524432650 47
6 639716309909959809 23
2 337984731978936034 15
51 215357040106910277 54
53 775096537666936335 55
20 617429396274585022 98
3 261925620845818082 4
53 286194547883665310 94
5 256052922719966715 51
36 571921034349719257 37
26 805277106095850780 30
44 842010158526312800 60
3 545126635343404761 100
15 620163912720187800 45
3 298431667702547076 5
10 243525475711094345 82
7 838758177887027148 8
66 707290377871765933 82
5 246486344969709500 27
26 286180357621429919 51
14 535960303497339279 21
29 232398740865132021 65
8 441051731575122954 12
2 53612162472173176 4
9 407221225788380860 13
25 768089438729364174 45
46 989980949824651224 81
42 493791205583653344 99
40 296437328657916403 61
18 852594590521621850 22
32 507044619000217154 61
0 550155673308377706 1
16 480129216431681294 60
17 499081988745873656 27
6 160280720207949416 30
46 541466999541660853 55
31 127502489765895416 35
8 610372865156617430 77
22 164494772957795634 66
44 32495091001032144 84
23 359651260593603034 43
3 354272873095333145 5
45 810260810632129973 64
3 216346419642601945 50
31 919576255701594641 75
6 924163763763390259 58
30 124818581744524231 36
8 409181323684846756 85
1 65188540125491257 26
15 531355453188007575 45
18 945186856567931971 23
34 484931683161217195 45
11 316750191923039405 99
25 645362691020591108 33
47 222601505187026275 56
17 671278767962575349 44
0 261349399774317242 46
7 691066591306083079 15
9 690483689137307905 47
31 832325021112752649 33
15 933430702626416188 89
45 799111393061720982 83
8 202079299570960971 10
25 124174753677797805 82
37 793273246544193823 53
14 234922441116541846 38
22 436553923481068359 55
5 309107891253039666 97
5 690814301307752634 8
54 177025638433172552 84
7 592464781066951184 82
4 589060204251676462 13
33 312239816508965769 66
93 899139802796490697 94
0 653440251640616627 2
8 726851503676965562 77
21 759540340430436076 92
13 374776597166683869 14
91 751539828566232622 100
1 599889478429720954 6
23 346235251614955695 45
34 57696093033349675 36
13 334643290184110028 18
31 775648427548444395 89
32 724239335448736491 48
15 6334321966198326 56
79 863776723826210609 96
4 885776836725028796 67
0 367501533102379970 15
33 515879293683150622 50
18 304520018435321114 36
24 692020022465238776 27
56 570211817164814546 63
76 867525521156191914 80
45 650879250736257388 59
32 377202608055902231 50
26 266516933888492293 35
73 68897872408133448 84
18 182196520868188961 98
51 187244211604441200 62
0 677402204647311424 2
49 505720480424547094 77
5 913072880648332184 7
32 733023615116332891 45
0 619772622806216019 5
59 149360688784328145 63
6 106948148546415874 41
30 604408357900171499 69
1 972593025814066267 10
27 165342895215178692 82
57 390050656366356211 59
22 388443821002696600 47
21 778349909134771887 66
28 533073295782988410 38
28 748917841399381557 36
27 134269936517378031 28
1 369228569647158073 2
1 808858286503856194 78
27 971680746835987722 58
23 590755982503227788 92
8 782531192114387914 46
38 636153483164321632 83
29 185867400669203271 63
33 716937502772305033 68
0 532688272378089127 2
34 440158947801959216 37
2 884795382353375204 22
11 982079740653127429 57
9 805957015568986085 34
2 846013458375941611 31
16 696214718455865989 50
14 728282658600293034 16
65 742188904966083337 88
19 720345176510922249 41
6 163630916260166882 21
35 281066071811498513 73
35 504919110311715960 63
7 802511841878407952 51
9 333962436455220339 14
26 563123089096360510 56
38 696353586126316563 59
29 610503467213556288 50
0 419151001713794430 21
15 197129043043850349 29
42 392491366757407530 72
21 531240621969603448 50
24 597059595177985230 85
60 186401174809365149 63
65 877538824962386743 94
29 741842134986565162 32
2 850080544165106438 5
33 583285073126071651 97
20 607132347407467116 28
26 566233107646148284 62
63 78483716121206561 67
54 702533769113572973 85
23 735698101842962538 25
63 21317712295319353 85
33 867338566323055954 70
24 173587870923098535 80
32 495296430160400628 67
5 343226329339730329 6
62 720783624616933906 67
21 918843916708663304 71
33 13935308894178204 45
12 446780783129035116 56
13 269310512505354361 20
21 968610786671901684 99
30 469240825479854402 60
75 248265794632364222 90
0 971650010310085580 29
32 923008293510976847 51
3 497302332545608064 38
1 488879818497952049 10
0 102988362175471454 4
3 841867106517109733 5
47 853653956582192322 75
10 849677510901059346 15
6 194786330533694468 73
53 492649198711599333 60
17 692395833391147424 78
67 368542478426106580 72
64 563917377689832844 84
29 357930426443972715 78
6 487258905916443285 71
22 667812131132455577 30
52 870605353543714907 79
0 380173808354048756 1
17 84893129619970889 57
21 727004839896052628 40
22 643974607947554516 83
26 722006199120711381 43
58 514018419723976236 59
34 467761839171212191 36
30 170161044616919185 81
42 134255831209614179 78
11 68307779647312121 96
22 22867370145812640 79
28 278214419560869567 95
29 729522752625564036 34
60 639396211328156395 69
2 49612597817783969 69
62 38342858762707517 81
17 445499314459355260 66
29 342887772123597867 61
74 317795157309005556 84
50 982688871844560370 100
25 195587019753345873 28
64 254907361761893885 82
14 900391744218511368 89
28 473107131536903111 40
4 489730201084111666 8
32 818856862745567101 35
7 632937086859335437 18
25 371688107351631459 64
8 368667831989431488 86
8 199765909753669419 29
16 562848828239324532 27
54 522589350230407821 96
55 272400918870177186 81
10 126344472525685868 89
5 552060218547805835 86
24 403195113645856941 48
83 637497226141255954 92
48 533968657855602564 52
33 20583545214499586 37
7 588563962081420710 10
38 372849656678271245 66
12 540669235014143942 45
6 957514007487237768 35
36 513217072669204091 63
8 852471804701362208 41
5 455546721518379630 14
44 845519122895940612 68
2 829242412448265474 5
5 806758727432930040 14
1 266663498355612000 10
25 253389446891257228 42
41 327423047115074614 45
7 410850212497967391 13
6 684061877581406520 20
58 789966880316440195 61
6 546041922166049731 19
41 518049123349680469 90
20 623345761806553471 60
14 25662334523791793 70
31 982984455437491895 35
11 569840698398116479 98
8 29327771481626291 13
17 372517759824442768 49
16 91822992919707341 31
5 547780020230154357 43
4 625369409775801329 99
37 24297341220926900 67
6 333990396147739232 46
8 724710590486050345 28
62 493050575289746382 67
52 930566528075665087 65
27 537652667644331954 28
6 741637748351927903 63
67 314020642874034614 87
13 171269637583173638 43
23 486536620915755681 32
39 315775356488232265 63
69 972815901814611787 93
40 683453705955306741 56
69 674456049921960448 77
10 500353825556285949 21
46 967735301671047675 49
39 646189799115816621 87
47 179545558822511925 83
50 887108991119400951 89
19 144931284016795760 21
14 702377821869847900 97
63 642588352223697291 98
82 793436098166194322 96
4 648300564654884885 15
12 580878033587405294 62
15 735423485742147577 24
13 100132923997062298 70
52 792159518590915251 87
30 308470400597049189 40
45 144973040517687915 56
20 373748516844590493 31
38 124247101395940276 39
0 796415692324095066 9
28 78161825881717053 80
34 594103810596964289 44
37 744481677566813659 49
5 158200368732898481 16
32 489993249644019937 45
21 250923987288097494 22
33 241842902821402795 66
1 89437387945329351 14
8 430952588132968282 39
6 291637486370749511 15
57 561718611692355061 83
8 670315931125141810 18
0 653987985249468826 1
8 640586670152777788 86
14 640553637296359213 74
26 613687979972191276 79
18 946615617553832216 23
20 928177423841102673 42
41 970063995240936248 87
12 785420020999090963 59
4 910789056309182799 5
14 475807218260587519 48
63 67419084319951771 65
24 411386867337570788 73
17 263345851008007511 21
8 529230347241088046 20
40 147052729161052710 69
