1000
1 0 3
5 0 8
6 4 9
64 9 77
0 4 6
33 4 75
218 10 416
177 2 575
768 9 809
356 5 7805
755 0 1849
3158 3 3541
3 54 6
2 51 3
7 83 10
24 25 31
26 56 38
67 68 83
705 37 793
124 85 854
84 62 340
2507 83 5028
3239 14 4564
37 46 4511
2 557 5
6 116 9
1 228 2
69 880 94
39 171 74
32 706 45
217 731 233
845 239 918
18 13 444
1294 2 4170
1107 397 3134
1555 59 4314
0 5882 1
2 6516 8
3 9927 8
57 8276 71
32 3643 68
13 6721 57
819 3291 858
303 1338 995
748 4116 992
55 977 185
1140 8993 2788
1092 4793 8078
1 13540 10
9 12019 10
8 40823 10
58 12843 89
4 14020 23
48 83017 82
204 91942 224
14 45860 21
103 46519 297
3243 33135 8398
215 79676 1045
2682 27453 4855
8 997882 9
2 920206 3
0 553475 6
17 869009 56
2 186814 17
17 990101 41
767 98171 947
246 599340 320
188 279728 335
1142 761775 1483
2934 677758 9783
2777 59619 6420
0 113070 5
1 2585796 7
0 3692167 4
32 6161198 94
0 4627062 10
30 8258081 64
73 5009238 393
108 3098314 131
185 4855910 220
4557 7680772 8933
1602 5966435 3986
1316 9701105 7258
1 89450085 2
1 37293334 10
7 68416499 8
7 31456015 25
25 85448130 73
20 73479584 40
87 50389729 177
411 13388153 961
11 77540878 183
1116 16218352 2439
1692 13150279 8595
262 50578867 2991
3 769894396 8
2 189039486 4
0 359910698 7
19 818594281 55
6 242383339 18
22 172778413 35
76 902850835 345
97 473829011 595
437 128754465 914
889 412430505 2653
697 921426430 1610
2403 628639936 2639
3 8260586746 6
3 778540950 10
0 6205087048 3
40 9387916974 72
7 9459529081 38
22 7878068252 58
203 6495730913 225
12 6750711080 20
804 5903382147 805
2184 2382793688 6122
418 8055983209 2796
53 4490243762 1946
3 91761893056 7
2 34142883731 7
4 58316472744 10
11 36715339758 20
15 31353892244 35
7 49515446847 36
211 14920621417 622
234 4943886382 451
263 37220175379 457
2861 17120238449 2899
4852 72462918063 8994
1474 57805644423 3460
0 331219786334 3
0 485392511520 2
6 195646552104 7
4 871891470867 15
37 243373093800 39
37 40814331909 97
182 796940573100 897
317 779932533806 861
42 381041823739 942
2828 662219077160 3810
2137 864153133529 2488
1557 114354479997 1779
4 9641097211745 5
1 4615869989464 4
0 5398987441034 8
7 8006790425018 51
0 7906246596083 1
19 8178439173387 40
341 3913136696594 677
400 8119805285735 432
724 4324003016681 893
4469 2272961708290 8324
6728 1799893712812 7679
6341 4256090740364 9077
1 21317330336623 5
7 80209713896954 8
0 50658914006333 1
66 29077545229845 69
0 89427714204636 16
44 62009385824611 54
275 8400730200454 276
102 21347300121752 153
502 58034861165873 678
7519 9378348724679 9658
482 71050478143684 1739
392 27480483808362 2103
1 174386545247376 2
5 163265771235951 10
0 570688144128414 1
50 918788285460747 96
34 653243168030490 70
1 832609801852828 24
925 619648745484046 994
60 356810149634931 80
30 706362625504324 59
195 490083546789052 2988
89 630977181295214 102
3249 553981240206370 4735
1 6283948434863418 4
0 4891505509768021 1
0 159926785410846 3
2 1496658102918900 8
13 7293647436504998 54
69 9666872990727849 97
2 696730525364265 17
108 7380876388317633 182
41 398572541089297 636
1796 6990945092226068 4609
2244 679123761974874 3227
340 4933566516780673 2948
5 60062333530470227 6
0 39931190167922785 2
2 470826042905833 4
3 73420988851705864 96
2 1862467617658423 35
43 52926585699908894 82
5 31863139932189697 171
43 74562527439943975 46
376 56163114812220367 609
5142 48611031511026068 7721
2283 67174607661995752 3084
2290 39758877239176265 5296
3 282232425127133563 6
2 125799284465305994 3
0 895390345673664725 6
20 98598286749152441 45
37 311515974593425930 39
21 973173601253402389 72
60 379949274905406799 83
528 600386094091308109 705
32 46098858786839378 155
4904 553359456187154124 5987
4979 409546736327534514 5389
617 939287390929391405 997
4677 654033350527194195 5411
7026 261392169371988744 9176
6518 540557780431442561 9866
1032 384184729334265565 1781
2593 173809417451226337 5457
3124 435757813891043183 5474
699 708674668007597803 1133
3553 621650701484303894 4096
255 349169111454602590 259
4358 354586705348394133 9031
175 792402362021196883 359
6310 294979029403386900 8229
1270 779224305812631070 5699
1200 607558579632161612 2547
3438 279951337298167772 8155
2247 44945119551694881 8905
1466 664412305413932773 9007
2278 93322559928459323 8836
1250 648694839289209793 4177
4189 71080509622736164 4454
873 306442022622938719 9721
2200 989946415602771821 6846
2848 771324076361565973 3109
2398 719236595299271971 5416
783 101095513531199928 8038
280 695464887183472547 678
360 573040188114928906 3240
140 729523988192969885 640
5203 758064001639099412 7121
4341 181064736523271707 7049
1174 742715938121952380 2364
757 644506552624291386 947
127 63545685079148040 198
69 736635355811629503 101
552 414676723216007064 9578
744 659755323205260839 1770
1070 50739017609043230 8889
7026 668614694038925034 7964
2082 836363012494146340 3982
662 549974133830170053 1377
6595 269817943709584197 7360
5233 244074326916037305 7606
2783 642855126207295013 9863
5791 602493114360850136 5866
4232 835613861275887222 4483
4783 931314783744390820 7213
1211 606594817184932186 5433
3196 326346643297263464 7418
222 672702684408320005 2288
3102 419593631679331328 5201
123 28005974264680104 6253
459 434279914579254499 857
252 567745159501845595 427
61 438059958150813537 356
3094 586256875737524408 3230
2278 246646203898310649 5332
2865 188911134590671425 8872
1898 163728619694242882 3790
711 149236051282375260 6411
1929 18154917436528594 2044
88 529716164823868007 4098
784 539926555685177454 4456
7734 239097507812484639 7898
115 973267042235379107 6294
2340 881581061613524754 6949
3731 985553002987853682 9266
1219 753768800209530289 1601
956 759161551657279573 1403
1453 693336764354128731 4805
85 758687718093039186 383
3171 423399668312500630 3629
473 568945678522351549 2312
2615 814881098286107364 5015
2387 294974935185213124 6358
1720 406299232609650789 5838
744 77040151650654319 2653
186 365079392539236657 373
2925 408555439035474662 9169
2584 277285332392521350 9431
3135 557380229845999340 5664
1814 390797238211379546 3309
817 390523999864230050 1247
690 629168958456802673 2256
385 706272986299820897 1785
4111 887443068526482756 4320
3455 570336519017526578 5652
7042 900216152672209779 9781
334 416123101034611973 4133
704 125774594981264740 1365
1109 187529357383596210 4710
384 242785447363336967 1254
3383 881238169758055851 8549
9922 431373271884822541 9942
823 392451910143134082 1136
363 108735154486731334 567
4604 829285304222178615 7759
5961 385147424031140130 7648
369 611384693270917102 2641
8025 602017011964170904 9856
1121 131001113324772623 4266
6443 285826897934760279 8868
2707 19808942872375672 9243
1435 263007612185202700 9245
199 364478851130995666 484
6705 314832709625415163 6986
1502 992950727529628803 8279
511 166533868155816162 5260
1999 703766671385686155 3629
215 408156172628877355 2075
1743 87242418658071499 7421
2094 277263878202858778 4804
437 502873199582193272 1035
6405 876534282319846544 7381
128 651896395705111006 4847
482 606000840714851802 2458
3190 500114161173506135 4310
3832 380295343433609933 4281
7644 212411003834014871 8925
123 625063727729749263 1036
1088 298478111457743881 1595
30 837618682573106399 1406
828 63459435093913771 7440
1828 256057806920492228 6040
1223 593468593812090362 1900
1546 902041247703901890 8749
4552 950735843091033388 9185
2292 318587995965976254 2916
23 887679456649940141 60
4027 243944285689601521 8213
1100 76229811349235432 5921
507 301283656544773121 6534
1090 392220566368818224 8310
4038 588446038938341588 4391
4105 482325713544104971 4993
646 476890180381625400 907
8071 56361872769663410 9717
911 254189813992975946 4377
2197 528354840311011247 6665
508 879045564401726800 2610
4594 899913692736079607 9354
447 37671178296448272 1540
9 297488884761023765 403
6079 414232022379961060 6144
5373 580470617090684361 6843
5077 59950787845841783 8840
4353 97386696223372152 4639
327 655719636672339376 476
4184 739598138130791310 7329
3374 877890860301424309 5909
3137 910367059654650198 4463
2477 825702292703710020 8818
2970 732985135047568574 8791
2740 148115680557382252 5810
3269 246693802588710907 4491
6025 914591017535042894 9250
1369 574059473720680565 2576
4130 31047809621026885 6680
1339 234908894828273426 1356
3198 581883794709125441 5376
5737 710890129842756548 6719
1345 561011846982391640 2982
1289 725691119024197658 8786
834 840816580774057900 1779
3929 859475026633903464 5423
2445 630595775453985689 5276
245 700800371011547616 1184
2837 12266643027524584 4713
3681 220523102437595431 5115
152 947052278480369035 7506
2 620707651897271301 3581
990 462117181500068727 4671
992 729149043344880486 5077
2129 453066120056656293 5473
577 46068156377838220 4931
4862 683998693809788303 7195
3596 996232421193918109 8437
2350 109112684572248850 8093
157 401411118849934441 1342
1692 427713285637262460 3274
1917 913982226136439423 1970
845 860794674688997395 6356
3148 234461703252389170 3207
928 397573940265521873 1916
7837 511618513547813220 9295
2845 650222820180762632 3749
6394 682319723900320399 9028
681 126174893486231146 7169
2910 625469195093376585 4471
2868 559670993789558930 9197
480 620995048827893947 953
3536 381013446268120244 6830
326 920886493210992259 1962
6262 408123047246745535 9804
1373 17663348459145186 1458
475 779598946120855396 2222
1643 377772987467333890 3117
4796 897104848333924289 5768
3943 485831591564553119 6763
336 754916330393108483 3121
2076 9052076828913140 4216
2153 675131829022098014 7161
4562 938650237394823838 6311
3324 548606871641543531 6170
724 748891685092490810 7125
2818 386296915821831287 8428
6092 727625166971813337 7804
2405 505210928916815198 6782
2722 367727994808398570 6405
219 446745889261295998 834
80 339793839817085008 6611
3196 616661430475117532 9561
2541 547546879146220746 4397
809 581283539898801892 976
5065 569399449267850871 8986
4171 483556930555806404 8570
3075 862767525786735578 4931
7719 315889666774556612 7759
3378 223836838073058753 5972
802 615549704469868357 3637
132 476295996998581964 7043
738 224103597998817360 1372
4405 693496571131679732 4694
5044 386650817349700444 9390
818 526295326463191678 1854
8824 597457182780127560 9383
6652 529825805477471991 7993
4919 755630178289170797 9298
2921 691022023762031000 7624
4022 201465699556754285 5366
251 828238804560169974 2924
1556 462327459005915034 5536
2342 840310825489363918 5831
4296 614010180751840054 6065
2907 316528760769908532 8225
2309 680031029327154029 2778
2965 376907652227014075 3193
124 267492844983936011 133
2135 733627974965898070 9710
227 901542796239119656 807
1177 461520509446782987 5389
2821 956320495418283021 5076
3445 538998693630740741 6220
4022 261318050400318343 6690
2455 766843557264176920 6470
576 62758026819620699 1409
2227 540411559791218253 6089
150 713724877664661241 298
3516 976618769120682648 6686
1777 347121647365098395 2038
2492 302161397068201514 3240
8847 57320479668790617 9665
912 567784088652459206 1183
126 774501706583249831 5808
4060 713035459951683633 6093
2080 869287898630499646 9408
618 998779076081787446 1657
154 351464964748518105 160
8147 100684403145009080 9539
3252 160155631663294884 3904
1509 822337909029624084 2049
1301 356558782784229529 9482
60 501337361855411121 105
3716 458714821264891225 5120
5281 156841714001668312 5726
6462 579081996084136956 6903
798 104295683659955689 3455
7850 426594493512060540 8355
4611 995816450632266141 5580
804 818827831695140630 4372
979 550163101098779315 2027
1473 583224746607344128 8865
9295 6157780883731390 9387
2126 797438759817605778 2595
1253 375774521330313286 7304
1455 318634917760489274 3140
5604 501666460917118775 7184
2303 467076856986298669 6264
2683 153794100284411485 7587
926 795208983947946800 2602
2254 237285274933101396 2352
5812 903382440706009932 6011
137 585957449803918748 286
3977 974807307083279449 9080
7051 56847083648476672 8714
868 843327142784764499 4362
602 415357773804791586 7200
5363 308626272200685060 8515
7273 493299231645748061 8444
1957 529334998638289974 7574
2689 511643923330327539 5633
2097 204860289273678784 4214
3939 245019722473645383 4298
273 900688724883050256 611
3399 653863675673207953 3472
381 48298174366559475 6209
4468 900457886739194568 9580
4140 970828879414875264 5226
1864 365222063193333892 4767
11 234686456957532263 214
4380 514169255425390497 4575
1525 190274221110738254 1673
1650 569794410715690408 4163
2624 60793860077543337 2764
976 117812643036345291 1857
724 706165163775618235 2239
281 76957392437422051 6535
4309 921520838341749423 5151
2634 374838766668884712 6056
2118 99238737947970606 2835
2675 707880979905261694 2984
3905 297415267417279264 5788
204 281957666910596060 1402
101 700163387636123291 109
56 647543087154716115 136
2918 441562464888061975 5511
1056 754142543011072051 2404
538 656467045036413966 1801
4099 765725066885202563 7006
572 340053574356355448 1591
633 721285211006987195 693
2563 704353378616349980 4921
137 516564536220480853 9378
1791 121969883795680129 4806
1762 873077229026542560 1890
7560 642456970206264960 9009
2266 5095826798288995 5971
3493 245369935043248685 5875
7035 87396447207569241 9986
1896 900171969878824067 7914
3013 665814396560859323 8323
18 797346667570570476 82
1965 554214172971036031 3921
3377 631890745706223689 7096
3849 263905221160214046 3950
7178 11818216364454545 9123
8217 350893299368393758 8243
2891 462516742396569205 4437
161 557242709804552312 326
1277 800587215630764703 4056
5189 749997132478769084 5843
20 404761724482344897 1779
6818 705291096955585168 7835
1374 712288745780018862 3884
2452 286096561478804983 4965
2213 974367805145970495 4455
2473 885341786198813242 4707
5377 984017780023176902 8477
911 941699323531665048 5069
1630 590612534360737889 1886
6775 622426937734828397 8167
4133 698810808115708082 9200
286 476842451839578330 950
6537 529748491576359048 7812
216 936285172789436266 2267
4316 661257994463249139 7580
5435 834998540316291706 8994
3880 78235752075055693 3980
4242 997507309282743617 4491
4427 359806358643777796 5055
4086 280303839345282480 5079
4373 187131322244641043 9084
2602 983240053308022325 4502
4775 945688815112011537 8586
6 607433560625184957 95
549 886258305925121152 656
4925 838347072718059319 5569
12 442306865064437063 417
2775 932692636988042548 3608
3347 333742689526244405 6791
688 728246475740276361 1986
2475 576289750813981542 9870
45 867530998725638061 1476
2099 745069470991069967 4034
203 25742143218221820 1719
650 551843924708136014 3196
1023 590616938762549049 3032
6071 466326635330392761 6106
2291 456847353246993315 6719
2819 747532553504803177 4702
5545 147622304440431833 5775
166 46334375129130812 8985
3695 241891637011025744 9966
2989 262888418919704127 9768
2307 215960782888418043 7829
1861 283533408935930489 5630
4680 542531798787154941 7499
5716 96612598738265064 6514
3720 756854240226571518 8366
1022 54779832632659877 6779
730 696022899508129366 9907
688 192385187503912067 6043
1202 992537300127801036 4800
133 710961163851822773 2057
5535 564548602591836490 7750
113 821464912297483984 7713
2698 906332705627505711 7091
31 374655989309845515 2848
1800 956073546387332457 5527
1090 315839671664241065 3292
96 905648749152440416 9189
1173 543137645307138004 6881
1751 676391154440255623 8590
2255 1014167501690738 2578
2062 952544972926627230 2090
2204 765527774178365829 4639
6911 209212774454228247 9367
1102 217768107317916059 4274
784 164084091559228568 7750
3952 726645510100880251 8559
1680 61586575338512863 2386
293 790761119179875387 748
679 412562280805837799 7059
8458 653122999213503075 8702
8389 270639742833400126 9060
2195 81838535714023800 6549
2448 494349928196511653 2768
1057 682759277285534257 4920
4180 740980289057518126 7004
5681 761473237950175165 6629
7026 344921702827339893 9499
2948 685921757061703356 5215
924 516889676286617881 3602
1142 516996836778864231 4573
1170 966070102652972778 6139
2291 996103146028577967 3633
2611 806221507715174266 5486
532 309727733634488257 1314
214 155505939241095472 558
4549 126556796777117814 6661
2096 11197740323940707 7927
34 513765825354719813 50
6210 646909606304613660 7525
439 443410522920103016 3205
755 945019402772595018 2168
5078 49509650107682849 5266
213 750058876382113403 5398
4887 316069598238011488 6781
403 65889778019922459 739
2892 787584881303998273 6950
2025 609640623715687779 2265
2708 758619820373225518 7319
2562 804629821708990173 6462
4890 291217799716681267 7328
7003 183187293370925430 9314
504 154553597559783982 3360
2972 540052331099087196 3998
6447 400798288330247710 9546
4305 457097997157530993 7233
1297 305747229212468085 5735
255 651592920447459788 1162
423 626604119684679906 9435
531 867632857406709656 5606
141 688603684774085501 6828
2076 993470299885446720 5227
137 817731279849457327 287
4428 315705903760167371 9509
322 392432382114901996 4964
983 513441958594718300 1568
914 768306073645967723 1875
2357 241406683830472999 8438
3604 913304013561794565 8583
2545 608839944661522071 5354
6102 350411960960252023 8187
1673 258116691233731968 7300
474 285625119670054913 5396
918 362397453687271403 2158
3874 550982007587738608 3934
2898 693239667272845524 3664
1247 205606877386808516 2217
3428 285501126770382671 3976
4552 439723118638266455 7686
1725 354804496431673059 8253
6536 390125533439086406 9166
1642 449840144125860139 3301
652 984582289757950440 1666
6278 298820916853349537 7044
110 486860300543944713 1049
1362 779733945210752202 2326
468 244182808599797839 1414
1761 228483693150560155 1855
651 926231353123420837 7065
145 339265745773855739 2098
2094 968624433474038264 4872
1329 38825872762598832 7840
693 491732035935873345 926
236 880485738593000302 5451
326 917509414362670832 1244
1143 490872899431899590 5893
242 112628681604456408 4401
551 528615425242944863 5543
3882 753334991736125344 4847
6097 626976306527960718 8984
2164 663088305672374407 2485
5714 313590176927602423 7530
127 557822112007169373 1152
1319 861561598937615953 4105
1063 719396051630430303 6652
4689 283270497792520819 9695
5231 210512820630563649 5695
827 749877577697695349 1099
1046 542793445625230507 1843
260 199397129699595576 355
4927 745465575837476553 8819
3650 613152763210746669 7845
405 17054212597259026 4136
552 530483354995172150 597
613 13809985699207045 8149
2186 173353448159138556 4755
5700 743841750930507991 6673
8 757893102079386208 11
6824 162437943079808602 7476
4653 488366082960382522 5666
1173 366988677496468088 6852
2537 855407967752894033 8911
323 996705287693757749 9552
1959 365453003527845529 5878
2795 690506359626549655 9020
151 695478517199037511 1370
698 425389676967351215 8659
969 825135498884379218 1005
107 592902977793734747 317
1662 917290442116014031 3148
1370 902836522815839611 9577
3479 400180165730701845 4265
1635 115147865414056179 7551
3626 12285355039535206 9446
5732 40856351954965927 6473
73 969876944007864545 333
166 704367436660737965 479
379 869945779940850448 1853
6648 175034565622131692 9223
1872 241750565449444202 6615
3682 331947696864595630 6059
3777 32559274220504089 9417
740 922473234175743405 3371
1020 52672545856075592 9738
8728 75783485055863121 9846
3095 761560664001754726 6406
1608 894324654654429504 1636
3597 67060318694126245 5355
4495 255333002954536941 7558
97 522748703731890969 1075
3289 408413130901907893 7121
1882 718808163094573965 2035
204 134198293260657429 951
255 624173671835312398 7701
2169 15409966571246105 4103
7277 157911585701595004 7778
3093 461697715424587564 7863
260 51552874275214428 9794
2574 717410859141460236 4368
1030 462399717421912822 1832
1839 727781774663925761 5449
2448 254697229691545018 2600
8267 451091722706256971 9272
2438 132192271791390937 2555
154 723977516503018515 3381
7 77536800500883995 6470
355 467150989393413166 1088
824 563965199990899207 1862
4404 146015759362179172 5301
2514 967515994866252330 2656
8633 959294225887760135 9004
394 217364360752356566 951
2179 706973588624970643 2279
1294 273790346370644426 4141
2411 191443189618468050 9575
3578 876558347021094021 9662
2646 943862249117280713 4927
1058 600699122974887809 1210
434 77198410544722583 2669
5113 955772218668789978 5475
2529 617568147700197346 8116
1726 304229545459672100 8071
7046 769696431173725686 7342
254 203441239813033347 1118
7254 156046420949899026 7345
1978 748343946022060569 3879
2341 797639415981932716 6079
489 461041530103650715 7502
3881 665749088708163683 4515
536 29073806652493074 2274
812 541302435426534380 1690
3490 432976248871198521 6373
406 824478056308729913 831
559 424972871830391165 8100
51 614461195948674072 2123
1016 650682805131733740 6121
1087 498204104161694149 1452
889 955435042022798307 2189
32 746985853414622234 1251
2512 647843741671312182 4643
806 239308384123335320 1027
1204 704793741665626256 4497
150 913785994501200128 1879
1763 48299219040903175 3921
57 529179982950854149 852
210 426074722484230907 344
2406 650372647188051277 4384
4838 559904541080599103 8757
5356 885424453542867130 5362
1119 748080747438857571 1422
2934 922997484185648565 9540
442 469924620749161518 5393
888 164060609968303294 1095
7456 817374932977810669 9269
1451 330926233036681423 5665
363 764152871253790442 7478
369 511872642956483632 2739
1825 395236674041148903 4522
92 503249510922857705 111
2935 664166119868177570 9819
4876 300309724817457926 5547
3745 606611581992330170 9380
1177 491653432827820399 4738
5454 109944171588710611 6880
3623 332591710682652769 7319
211 208986178433031584 388
1798 184626687008165642 3347
51 291212917208882348 125
5875 838748392490276065 8408
2035 607798930474330144 2732
6322 154461867042410083 9359
6737 505570221868814465 7130
8882 49104392030510397 9573
1427 122221357135926496 6079
470 237147189905071954 6632
2712 760101758739513401 5907
3397 61897457183359323 4845
2683 612502087298271215 9730
3459 820771690701097106 5237
263 547957409656973271 3222
2159 691131772380540841 5808
1501 273818802092078911 1504
1376 883562246564950825 8561
707 906895792932500275 8552
168 750737124225657001 2547
308 672916616722397770 1238
2981 987894276237934054 3659
3410 361778695821295871 3936
228 204942822302071910 536
167 893153883110631888 2799
1841 504355565704957821 5850
7477 865506761999140007 8752
4439 612917627046588284 4502
4457 7688314379626769 6038
674 404905794502025634 5547
308 989014210227620215 1127
95 494570706963374501 585
680 199287903731105144 1410
3692 770459355065890854 9654
594 82079157685519324 5789
3167 621780996484927158 8177
17 893862440092292926 434
1403 176993857597422802 4166
2658 355127270362591895 6379
1394 610669755674692156 3474
1069 812985643404042394 1437
700 393034288492126917 5320
1062 79218401459647061 8370
6528 223388527605135097 6580
135 71079646832294248 6186
685 542321051879638590 4382
683 749742483863707906 1139
919 129777980722712143 2834
3415 696700668420686475 3687
2844 565954879267625931 6622
2171 492023204814377297 7862
377 773018464974059505 381
772 516345720893847941 8052
98 432638499882315767 882
776 286578372688973424 1685
6969 914555007429947699 7416
7235 623586506206497662 9042
51 663645814168087895 129
462 124133038591515342 1163
1855 420346465966649984 4004
6465 477012415664373472 7344
216 189948366048735754 282
5044 471054257633780904 5911
506 278823150114620741 7761
164 553155273088889527 2400
5116 969006970894676681 6477
1029 33922640983321443 8454
1698 110296731558383732 8021
2894 703290517907909032 8089
31 546073161088350706 221
1281 107888862492442886 2128
1214 6565816681566456 1634
3181 923592736070507724 5053
1297 770975197229466280 4742
860 816287776838367905 1154
5194 6322287493074452 9997
3438 42268315426528286 3812
192 907783404711200830 728
2832 946877957178575858 4205
3017 397443375708281096 5425
2225 478066255919419880 7959
833 498221345756809605 7897
1800 615077068838842189 2205
345 733380392887542136 2998
511 258414855867897904 5370
201 505671970065786500 1108
3947 80911401993919857 4007
233 196526935751314444 3524
1679 701647264483016210 8754
3829 609138378340387946 5921
351 344184821288335730 1432
1288 313009771103764778 7800
5026 82098874338936725 5981
1209 138024420090493455 2180
1281 374492968618366526 6092
647 76922526991729625 5949
3413 361479930707332317 7638
7455 3932632988946124 7571
67 699657663580880778 71
6043 271331877357342483 7598
320 909520947145354924 4939
361 621931082215923014 6599
903 477761682341845305 1711
1720 577385050639651070 2981
3801 251167027943958339 6754
739 874718245021152251 2840
815 107400300115240011 5077
2726 925367198809426531 3398
5891 251555627565212817 9312
5603 159428327766371430 6548
2053 519123046551925247 2390
1543 23197024877653279 4584
1891 824376176241056785 4509
349 853533463404858053 493
1061 664684197131831040 5784
3833 371243326375076829 4646
5147 390063093240501852 7654
1645 548847078214790649 5528
1621 415643484102364860 5567
4891 497330411021576566 9202
1797 897452674892253873 4044
826 579256804910583472 879
1214 483836891736874755 3367
6242 603114178172334173 9311
3981 284175656123025986 4740
6628 623302014453223204 7217
6837 816674405861641072 8047
1257 376815807570123366 1316
532 782210109960109044 8535
3490 808596844450142842 8463
2240 2252494824098026 3402
3138 764137958823575543 7598
980 836983938357116670 1740
437 929400095581957053 495
1381 874303953954972823 3410
269 136083080196636074 2456
6031 605177553745778060 8086
291 90605758016342199 5852
1562 17682229163461280 1941
9066 817857710859614955 9992
3127 428026442283868657 4631
3434 215516474821779162 5519
7018 549632269959160621 8736
4179 184343458579645438 4831
2412 205730336562049005 3059
2746 616432264350575022 2948
4761 695665042861323770 6002
1794 702640425434770991 3380
4333 901942617581512109 5053
1029 632107565450842929 1331
2614 502114235739645258 7086
229 652978250021270338 424
139 136589670699838886 344
1734 450898845580466434 2726
2843 703583775261444650 7998
3040 839308732019171085 7724
142 86300031620093954 2454
3029 947831462022223183 4539
3198 382683074325356720 8286
4705 906960698159359945 5847
925 978742765769763763 4558
605 303324522465264220 2305
877 924932245636785036 2559
2929 788558889683168718 4850
765 215039725297281534 2411
695 834806476093399617 3947
1842 767299704482772856 1862
