1000
22727324657244460 8 1000000000000000000
939948972548588856 10 1000000000000000000
779143569270708271 9 1000000000000000000
660203653771071969 9 1000000000000000000
503134613196811892 4 1000000000000000000
74901362533371099 2 1000000000000000000
434499175838570640 4 1000000000000000000
621002811204150386 4 1000000000000000000
199419653015369167 1 1000000000000000000
106885864221099519 4 1000000000000000000
677434225921936939 7 1000000000000000000
63036348574307328 6 1000000000000000000
494529622292772749 8 1000000000000000000
270519241868329335 9 1000000000000000000
590314991156229703 9 1000000000000000000
623844864076107397 10 1000000000000000000
13682137356629201 8 1000000000000000000
67153188799734343 0 1000000000000000000
542475961568472772 0 1000000000000000000
38953510282378736 5 1000000000000000000
998069320228989717 8 1000000000000000000
979982874763003175 3 1000000000000000000
358272745145835923 1 1000000000000000000
497329779186423715 9 1000000000000000000
345655605033150371 0 1000000000000000000
425029041327962118 5 1000000000000000000
682085903199305786 3 1000000000000000000
806407553051524087 5 1000000000000000000
985218176915467035 3 1000000000000000000
434356454454509954 3 1000000000000000000
26125859512356691 1 1000000000000000000
907817980224087476 2 1000000000000000000
572794590916402418 2 1000000000000000000
58422291209894003 1 1000000000000000000
936564644307534348 1 1000000000000000000
208159752026220955 8 1000000000000000000
20952613693689584 1 1000000000000000000
190914533852015455 0 1000000000000000000
294167378163017126 10 1000000000000000000
561009662851433951 8 1000000000000000000
93811319773712559 5 1000000000000000000
691271695664371717 7 1000000000000000000
636981393338883320 7 1000000000000000000
564238992973447589 0 1000000000000000000
307306579564057376 0 1000000000000000000
950633597791040213 9 1000000000000000000
829878744403635180 1 1000000000000000000
869173358038178954 4 1000000000000000000
857135250282191879 10 1000000000000000000
920801412972215924 0 1000000000000000000
889654840995287807 7 1000000000000000000
270902994877206043 6 1000000000000000000
684702633631654320 0 1000000000000000000
876110302882934257 5 1000000000000000000
907864737904078658 29 1000000000000000000
439435091014241808 72 1000000000000000000
389722184024094304 98 1000000000000000000
874184893223379935 99 1000000000000000000
844469278450746660 59 1000000000000000000
23144550081652623 94 1000000000000000000
647293334684796181 49 1000000000000000000
781356405362606787 40 1000000000000000000
355514937519989273 39 1000000000000000000
147195254783366802 50 1000000000000000000
648163825248970224 59 1000000000000000000
660152391075611939 38 1000000000000000000
208345063549572333 13 1000000000000000000
9643231741364359 43 1000000000000000000
193431953573866999 53 1000000000000000000
579502358892303063 59 1000000000000000000
769929432169638335 71 1000000000000000000
582411533292860303 67 1000000000000000000
666012799992419651 59 1000000000000000000
889206551087087146 17 1000000000000000000
267340325698200452 99 1000000000000000000
335528185828224510 22 1000000000000000000
387779578888393348 40 1000000000000000000
173397494850405210 73 1000000000000000000
659864900024483715 58 1000000000000000000
504965251018085854 52 1000000000000000000
9008954603357818 52 1000000000000000000
41081341168572442 9 1000000000000000000
953428228335126744 19 1000000000000000000
396548735275370602 42 1000000000000000000
325110445788067708 18 1000000000000000000
711907260632615697 95 1000000000000000000
305580074450942963 21 1000000000000000000
712339265407494549 89 1000000000000000000
620651529731464436 19 1000000000000000000
480920298043405147 90 1000000000000000000
264102067363641880 20 1000000000000000000
185759351094655875 64 1000000000000000000
303547690317413086 61 1000000000000000000
562083170128343045 86 1000000000000000000
898702905489247455 5 1000000000000000000
849417216690161164 14 1000000000000000000
687821716467293863 42 1000000000000000000
529292154597830024 67 1000000000000000000
175327372523788484 51 1000000000000000000
693642563724855293 95 1000000000000000000
990892603084629456 21 1000000000000000000
21361293718808572 57 1000000000000000000
809030865841690003 4 1000000000000000000
735480420350337645 88 1000000000000000000
933208434600705568 18 1000000000000000000
604467527816708646 40 1000000000000000000
78778204345814515 16 1000000000000000000
318787684278462765 45 1000000000000000000
359030557057958729 301 1000000000000000000
752680735609924911 108 1000000000000000000
411852353825162431 399 1000000000000000000
787086529068550977 851 1000000000000000000
464746868875253550 153 1000000000000000000
171258255353777878 486 1000000000000000000
542579546210659525 290 1000000000000000000
180160412152645632 371 1000000000000000000
995578735932983657 680 1000000000000000000
564266398303546603 112 1000000000000000000
502966025035839562 773 1000000000000000000
284149565397877400 653 1000000000000000000
633439213649530566 372 1000000000000000000
222027274694027478 842 1000000000000000000
519242491332343939 122 1000000000000000000
378232420790297990 60 1000000000000000000
601009590006958280 369 1000000000000000000
349605269686258448 233 1000000000000000000
312196250920504604 67 1000000000000000000
447670670929122849 524 1000000000000000000
513470339986939169 821 1000000000000000000
388533714824011431 554 1000000000000000000
187973848698659763 210 1000000000000000000
13344902793345038 181 1000000000000000000
428148475118935357 5 1000000000000000000
896519216712768700 667 1000000000000000000
547352571288471387 703 1000000000000000000
862776831107432650 640 1000000000000000000
70245293305576886 494 1000000000000000000
555459201305536518 735 1000000000000000000
990885864093450268 504 1000000000000000000
843645415496424230 739 1000000000000000000
132470378192559582 233 1000000000000000000
569447030411302990 486 1000000000000000000
704244790868263535 256 1000000000000000000
329356087226686148 401 1000000000000000000
138749936248020794 936 1000000000000000000
652094707252237810 811 1000000000000000000
114251622166621892 540 1000000000000000000
774291373249019805 542 1000000000000000000
69651988820708612 5 1000000000000000000
584153090776417637 498 1000000000000000000
654086948900495615 910 1000000000000000000
614073313376438653 848 1000000000000000000
966396377615045543 111 1000000000000000000
192122852376117932 318 1000000000000000000
133742441189625844 124 1000000000000000000
430827645407501187 202 1000000000000000000
170834301881993284 606 1000000000000000000
236790197967727840 398 1000000000000000000
400844738571140337 809 1000000000000000000
860175944311713700 52 1000000000000000000
583033216258523185 831 1000000000000000000
172508177457021361 623 1000000000000000000
508194430012404530 398 1000000000000000000
897699905350588967 7751 1000000000000000000
491661716747974774 7911 1000000000000000000
105667713701857503 9715 1000000000000000000
835646704219527020 6064 1000000000000000000
761764290883509543 1677 1000000000000000000
810712309292158289 9229 1000000000000000000
843000300901945280 4261 1000000000000000000
125318083597092677 6114 1000000000000000000
146264873001798678 5494 1000000000000000000
263053959121437105 1295 1000000000000000000
859106341522453695 1558 1000000000000000000
184826791051446489 7816 1000000000000000000
636901558336847671 9674 1000000000000000000
468042466153174717 7373 1000000000000000000
685808775495254746 4100 1000000000000000000
546164556961761845 2790 1000000000000000000
855293444145272610 5869 1000000000000000000
618903570209796940 9 1000000000000000000
299416719000378657 6159 1000000000000000000
270868990879248604 6708 1000000000000000000
148969129573732418 7668 1000000000000000000
55851058162817900 5060 1000000000000000000
58524260153784892 116 1000000000000000000
636240075826919751 5255 1000000000000000000
419781751543981655 7215 1000000000000000000
770225268004009949 6379 1000000000000000000
300907858705116603 4557 1000000000000000000
45630207155818366 1027 1000000000000000000
800590589595334299 5737 1000000000000000000
683084567585186340 5643 1000000000000000000
638837306229726617 7757 1000000000000000000
937839250590766479 4586 1000000000000000000
628105471388829233 4353 1000000000000000000
97525320190049459 6567 1000000000000000000
103803811258489883 39 1000000000000000000
427016954446058213 9424 1000000000000000000
20667758828438121 1230 1000000000000000000
260150051360395799 8746 1000000000000000000
655244387479738332 3014 1000000000000000000
288964509155556568 3745 1000000000000000000
390111447383113829 6713 1000000000000000000
246400007466641741 5549 1000000000000000000
80301415439459382 5379 1000000000000000000
856693364950126736 6821 1000000000000000000
520676827199031919 3583 1000000000000000000
662381101933225092 1655 1000000000000000000
699684695907014989 5311 1000000000000000000
763313623926604242 8417 1000000000000000000
470357300357606784 2727 1000000000000000000
282689923207584270 6298 1000000000000000000
839352035993293670 6040 1000000000000000000
335905998319534861 529 1000000000000000000
660217048444091267 7549 1000000000000000000
124866705330907014 22495 1000000000000000000
276847091604506180 32060 1000000000000000000
309322644156863719 18417 1000000000000000000
860876640896860918 87003 1000000000000000000
737755976422564474 5400 1000000000000000000
220649496009571841 22822 1000000000000000000
366157577313365434 37369 1000000000000000000
796602521452296809 11803 1000000000000000000
788888294431336431 6317 1000000000000000000
683473400241812103 2122 1000000000000000000
450070619348889873 34371 1000000000000000000
579621750279535620 824 1000000000000000000
842870129323899866 49524 1000000000000000000
23889567995472662 30546 1000000000000000000
484331581915084589 64078 1000000000000000000
284320445424193791 27060 1000000000000000000
50491935502923943 70946 1000000000000000000
938357178323710403 19075 1000000000000000000
150857345609081988 90343 1000000000000000000
868305788341427215 25367 1000000000000000000
623644387047899293 61537 1000000000000000000
72093782426220248 15719 1000000000000000000
963278637669733867 63426 1000000000000000000
312851072016345888 21548 1000000000000000000
337999993598127371 81383 1000000000000000000
247236283505587305 46893 1000000000000000000
525952653069669600 90284 1000000000000000000
631976246135398116 69288 1000000000000000000
254932887792126308 5747 1000000000000000000
692806616510778644 35734 1000000000000000000
913279558543830121 78944 1000000000000000000
220039277627656870 26183 1000000000000000000
534037242381754767 75947 1000000000000000000
817887014100134032 56026 1000000000000000000
564387816049273221 1685 1000000000000000000
503743684913765992 217 1000000000000000000
842465812953127044 29306 1000000000000000000
37180303770316039 8009 1000000000000000000
436235175031964681 94935 1000000000000000000
862900649802628703 66071 1000000000000000000
625337968647816146 56242 1000000000000000000
817884534432267929 26405 1000000000000000000
648007220344775196 26444 1000000000000000000
497411102948878962 53212 1000000000000000000
713669047112259355 40703 1000000000000000000
472178720404066008 38108 1000000000000000000
852869302959129140 36525 1000000000000000000
383813440628565606 37632 1000000000000000000
404471898589976036 10585 1000000000000000000
975955978639137093 32669 1000000000000000000
14569613380841561 95284 1000000000000000000
616097383622998318 38320 1000000000000000000
526516076879083579 37304 1000000000000000000
571449003007577657 71248 1000000000000000000
496685590136780348 191725 1000000000000000000
141109961550467568 787354 1000000000000000000
106318919158733571 226177 1000000000000000000
63827008466786341 77911 1000000000000000000
855826599785103654 79896 1000000000000000000
482872696739422483 904341 1000000000000000000
400847603884396138 335905 1000000000000000000
39195991546761401 948970 1000000000000000000
468907952836726847 190515 1000000000000000000
616376783731024081 699029 1000000000000000000
43196545118421510 151555 1000000000000000000
544037486807587167 772744 1000000000000000000
170093470830874842 803898 1000000000000000000
162001565464255905 478354 1000000000000000000
268313045421026753 469203 1000000000000000000
985933631031668553 792283 1000000000000000000
593835628423638339 180325 1000000000000000000
670299413304417289 614659 1000000000000000000
970037471064613341 320438 1000000000000000000
965954159549383122 700494 1000000000000000000
924071829490802273 508640 1000000000000000000
796265122144902731 954728 1000000000000000000
354753021528566158 637008 1000000000000000000
622746700654904724 255619 1000000000000000000
599814736047021808 216193 1000000000000000000
910532335166020668 610990 1000000000000000000
624441482381441274 998195 1000000000000000000
25329253290995841 511582 1000000000000000000
207202718549246049 962400 1000000000000000000
837920619788111559 935517 1000000000000000000
141370612259019963 989532 1000000000000000000
4157736717544795 427530 1000000000000000000
559230135510008409 494647 1000000000000000000
8963375150189417 866924 1000000000000000000
881147476312324450 184275 1000000000000000000
673675621547450171 266730 1000000000000000000
328249605572770353 394369 1000000000000000000
81374156272021428 740808 1000000000000000000
989609545247742705 803168 1000000000000000000
250779537746212109 810406 1000000000000000000
505903518928341622 96962 1000000000000000000
854954642822454478 809515 1000000000000000000
576699300017165406 767857 1000000000000000000
132451590170692880 285671 1000000000000000000
110163837044877928 994977 1000000000000000000
529333518523630322 737037 1000000000000000000
351008208372526868 38527 1000000000000000000
350538380035926105 179763 1000000000000000000
922797488101752189 21736 1000000000000000000
413457407585500396 413721 1000000000000000000
443233509382646387 665325 1000000000000000000
812531318195170894 591287 1000000000000000000
602131436973488861 371572 1000000000000000000
34163191611833246 284070 1000000000000000000
960024976388197197 1229270 1000000000000000000
418638964957364269 9114057 1000000000000000000
7674392769750245 3820598 1000000000000000000
50191396101439871 4870887 1000000000000000000
66955159587404650 4734410 1000000000000000000
698258132982062213 3589978 1000000000000000000
582289114827624614 7403366 1000000000000000000
519743202267065881 2175965 1000000000000000000
858181830109755651 995243 1000000000000000000
476861461736559290 5360401 1000000000000000000
917104300537642342 6874818 1000000000000000000
876470836724750729 6020985 1000000000000000000
731138955237299785 4739588 1000000000000000000
589889357790758532 7875083 1000000000000000000
655024968350104604 4645463 1000000000000000000
987821353397649409 9512548 1000000000000000000
251936848866920669 8405505 1000000000000000000
704271486783931246 5771735 1000000000000000000
808102290895578869 7081397 1000000000000000000
566752071918288199 3312664 1000000000000000000
948407467061872982 4046515 1000000000000000000
862691048170070104 8075905 1000000000000000000
966807136345958612 7162764 1000000000000000000
86485667925465141 2503277 1000000000000000000
289167156155368129 4613581 1000000000000000000
22264494347055863 8258928 1000000000000000000
555420911300039884 67333 1000000000000000000
387433722328310767 7423223 1000000000000000000
462568905110734654 8705639 1000000000000000000
527769877390346245 3678760 1000000000000000000
874767759845314708 3456929 1000000000000000000
724432844332997686 4383735 1000000000000000000
302198140414358394 6148094 1000000000000000000
289791778785289527 16623 1000000000000000000
943780844472802918 7804049 1000000000000000000
420865151773520429 7715520 1000000000000000000
745978621227784360 7831016 1000000000000000000
372258567499396689 3530829 1000000000000000000
10347212620164899 557835 1000000000000000000
296465125731987395 7951457 1000000000000000000
745510614886761550 7482278 1000000000000000000
616415533218715563 4984244 1000000000000000000
153556173031366507 2531868 1000000000000000000
770074051798783895 6238909 1000000000000000000
476555323354191622 4603005 1000000000000000000
52017301484929040 2097591 1000000000000000000
487431832880116401 8808004 1000000000000000000
474503198689639550 9066922 1000000000000000000
309713525245517822 5188965 1000000000000000000
46674176011403326 1882165 1000000000000000000
730109768336250557 9370000 1000000000000000000
273125318273280257 9151662 1000000000000000000
201521228702468215 9942586 1000000000000000000
544441655955100264 8280152 1000000000000000000
349726386769458987 44765549 1000000000000000000
278587728942143198 82410566 1000000000000000000
895350326540504904 63535497 1000000000000000000
788952245767766836 47523676 1000000000000000000
121533563520822914 35835485 1000000000000000000
572629064135038894 45439769 1000000000000000000
597853011410343613 30969460 1000000000000000000
994317357917061146 95704976 1000000000000000000
671416699366964381 79213851 1000000000000000000
661723513575688242 50045766 1000000000000000000
280483681526458982 33293639 1000000000000000000
124574305259495804 91925862 1000000000000000000
926668797570003932 57989978 1000000000000000000
862415995506146559 77469013 1000000000000000000
411349711953945117 11488106 1000000000000000000
313751436246743111 91783383 1000000000000000000
467828545160353983 48118463 1000000000000000000
287415281207310748 307971 1000000000000000000
250122105482424362 33046808 1000000000000000000
674060466705241983 38800206 1000000000000000000
453045850270564663 9003317 1000000000000000000
423624741232076645 75021138 1000000000000000000
752201748562730506 1115974 1000000000000000000
537737396096126904 44590738 1000000000000000000
962729383129543725 16606690 1000000000000000000
883328311732418827 28289848 1000000000000000000
312699519166010351 52146979 1000000000000000000
629882680960400028 28386662 1000000000000000000
201897432980265211 58044857 1000000000000000000
843308918271335952 24179052 1000000000000000000
873860525522087996 24111916 1000000000000000000
743233015725413994 88086353 1000000000000000000
825331041774368496 69294867 1000000000000000000
358120258732705357 22967762 1000000000000000000
935284168408411915 31103738 1000000000000000000
710847098164670835 73861878 1000000000000000000
240852394716333263 21664886 1000000000000000000
430533878750705005 76016600 1000000000000000000
173106728790794665 30696142 1000000000000000000
84639573942101405 56057680 1000000000000000000
709485242093111374 17988254 1000000000000000000
682337898157205105 44028874 1000000000000000000
460905057929934358 95809161 1000000000000000000
967944765347668962 50491843 1000000000000000000
683359040445072793 80532384 1000000000000000000
351939318391947052 12421349 1000000000000000000
283775996627177096 45185446 1000000000000000000
915784418645794533 70266557 1000000000000000000
246834779639507459 22860374 1000000000000000000
272348976294004786 56533433 1000000000000000000
487046406537139827 35821543 1000000000000000000
165538422761402698 13701602 1000000000000000000
555324662837599404 78101194 1000000000000000000
578062774367786577 32715352 1000000000000000000
467458463516856512 366626113 1000000000000000000
935421753930846263 615931831 1000000000000000000
682521343082507741 993053186 1000000000000000000
213451303717503637 953614478 1000000000000000000
154653786110771524 722886575 1000000000000000000
543500971149213165 140667865 1000000000000000000
947667893972402892 860957493 1000000000000000000
539242438772993341 5027648 1000000000000000000
648803885314828999 645034552 1000000000000000000
950191928670344500 31161900 1000000000000000000
585863679142829406 55768943 1000000000000000000
590277854241005999 427407385 1000000000000000000
941570361022267064 893950382 1000000000000000000
791509059559272997 438116400 1000000000000000000
216053298394514679 38374827 1000000000000000000
935689652371557130 927412141 1000000000000000000
692716261112042833 436639604 1000000000000000000
60656940108532044 729975896 1000000000000000000
105028547748379560 84851420 1000000000000000000
36134178391604491 388224818 1000000000000000000
696726143109697389 443109484 1000000000000000000
979329717995095964 983850266 1000000000000000000
336236953896550839 882838104 1000000000000000000
434762944722999489 633869538 1000000000000000000
824660278497841311 298565529 1000000000000000000
141646092819474210 35498408 1000000000000000000
376423826296740831 126180952 1000000000000000000
836461491047792655 977121808 1000000000000000000
873401960223446699 200915655 1000000000000000000
684594440300972665 682152174 1000000000000000000
737723535629636303 863326927 1000000000000000000
493227503320570158 795164995 1000000000000000000
458741316036927754 699456987 1000000000000000000
84982467724634197 631290648 1000000000000000000
957444432337126058 459232460 1000000000000000000
529690093770039850 926389346 1000000000000000000
676715973857044584 180318336 1000000000000000000
794903727235843835 769344516 1000000000000000000
603677049898220166 653832340 1000000000000000000
311445081614095458 213148960 1000000000000000000
938554193230997031 147498239 1000000000000000000
793006181641734084 738631303 1000000000000000000
774201400272514031 850993381 1000000000000000000
742648837339666443 712135836 1000000000000000000
229337465308818396 512195850 1000000000000000000
404747767127753376 923383276 1000000000000000000
410582893067070051 170294539 1000000000000000000
206091302381864876 1727074 1000000000000000000
423422148649306831 919080965 1000000000000000000
861690105685586319 507608617 1000000000000000000
987317759909165782 603047454 1000000000000000000
595490853462819745 530622393 1000000000000000000
561314530723859325 613709602 1000000000000000000
521907585116843048 636538479 1000000000000000000
193813956913214254 3462731340 1000000000000000000
689982572899734938 5138714247 1000000000000000000
727032743500920087 4621251829 1000000000000000000
189953593628472084 6086479343 1000000000000000000
263125415384508869 3263845578 1000000000000000000
459467436763898906 2746675316 1000000000000000000
777712200846025986 4789718149 1000000000000000000
517162891523115921 3693723825 1000000000000000000
106863026311165164 9594376709 1000000000000000000
408752580119164411 2235642591 1000000000000000000
135758359079089751 1746911261 1000000000000000000
540213950250740466 8477951432 1000000000000000000
792905749015476836 307950596 1000000000000000000
827303919319172583 4028682105 1000000000000000000
477758098167363938 3820930498 1000000000000000000
962708603756360220 2512248620 1000000000000000000
972480919934701285 5393893700 1000000000000000000
719845061990311391 3146777641 1000000000000000000
560488411138325285 9733655244 1000000000000000000
230124226909174024 4873161464 1000000000000000000
358079368298390938 4321622584 1000000000000000000
883985145386611382 1087775065 1000000000000000000
719220689808874709 6601769771 1000000000000000000
724709455026039366 2341931754 1000000000000000000
637476226961788833 2821389652 1000000000000000000
142689597992163220 9047864055 1000000000000000000
224551090753960794 2354814474 1000000000000000000
272687627380289142 5508467724 1000000000000000000
76138097535306637 8737983616 1000000000000000000
170087265817043317 2815458958 1000000000000000000
416078707288205009 7059035235 1000000000000000000
13824728488191950 9112663351 1000000000000000000
217730181560198373 1599310091 1000000000000000000
386400438939820714 1130064385 1000000000000000000
66261609310448139 9286563582 1000000000000000000
75918758243155353 4818968507 1000000000000000000
620050451439035301 8153523071 1000000000000000000
486094235367441044 5294175255 1000000000000000000
708792053295700863 1586398428 1000000000000000000
30245355492378634 4797640414 1000000000000000000
463017043800547566 2469190603 1000000000000000000
916683623527079763 546133222 1000000000000000000
690484615224706957 4416994930 1000000000000000000
450550501678943417 2310396448 1000000000000000000
193738173931335344 2518817128 1000000000000000000
721428487168886590 5075146417 1000000000000000000
285040528103543980 2520185503 1000000000000000000
710025954567429879 1873806773 1000000000000000000
756880014644046414 8005795163 1000000000000000000
450380991288366249 9174677843 1000000000000000000
875373158845353368 4970864525 1000000000000000000
508462882743901858 8974662535 1000000000000000000
956309210015958974 3891049819 1000000000000000000
814422152749930201 5546809842 1000000000000000000
814317470104463969 18041420516 1000000000000000000
568018555107495497 50847002754 1000000000000000000
54059343545788427 56551890573 1000000000000000000
878500185593561483 17276692820 1000000000000000000
274066168939807724 10577128297 1000000000000000000
948509182009780915 88449544996 1000000000000000000
886464540939121875 73142243576 1000000000000000000
566326829928197229 47409834614 1000000000000000000
81905409403295598 69631688498 1000000000000000000
954604792797303383 67646811717 1000000000000000000
495225413869439942 302494078 1000000000000000000
469476488944034465 57687473407 1000000000000000000
245866375178770934 42367626157 1000000000000000000
710763072648772836 75484583571 1000000000000000000
139335124137687596 26694737647 1000000000000000000
542645455458566719 40986050446 1000000000000000000
438745569916754914 98181689170 1000000000000000000
23107497518891704 6156573445 1000000000000000000
803720088814766173 27624739965 1000000000000000000
833847437134801874 54487341218 1000000000000000000
726434768944774246 24707342002 1000000000000000000
470015674808202347 22164174178 1000000000000000000
531231466028569928 73482725049 1000000000000000000
252735494024757720 56793501910 1000000000000000000
206535552716778763 72733910220 1000000000000000000
674829008629908035 29558155120 1000000000000000000
512655220246266351 71438464644 1000000000000000000
150770973188470852 45220850242 1000000000000000000
619523105647936812 10082748971 1000000000000000000
27143000815350719 57151228334 1000000000000000000
648290444316847336 182299840 1000000000000000000
799302174248137726 44949571260 1000000000000000000
815649661150127480 43861949720 1000000000000000000
482199428482756367 26080083009 1000000000000000000
803689984921681372 44671611809 1000000000000000000
739842369437219423 59650293966 1000000000000000000
811336309025794933 20800270714 1000000000000000000
477949333078626456 76417940481 1000000000000000000
830653669038915849 87983113088 1000000000000000000
197851445211672760 25284900446 1000000000000000000
80038751915570425 1504017736 1000000000000000000
978251298410205810 66732527425 1000000000000000000
364152158547907265 7715848288 1000000000000000000
523528093073124298 40874574535 1000000000000000000
440069923322459057 89253474207 1000000000000000000
456555804486321131 84854636005 1000000000000000000
931996388691794667 86876359972 1000000000000000000
953408461909435268 85254231875 1000000000000000000
257649530136341816 26723784641 1000000000000000000
788077107310776931 56692930114 1000000000000000000
535281491261962240 6399792776 1000000000000000000
802692709603183044 17440274643 1000000000000000000
448057525350018938 57920941923 1000000000000000000
768896902387334773 32606871235 1000000000000000000
459969986634108525 218417060528 1000000000000000000
767616706866437738 371785538174 1000000000000000000
830887497741390206 718563610507 1000000000000000000
479461141499612288 410508231183 1000000000000000000
136415526340474125 280199579855 1000000000000000000
769441034134638451 237897158642 1000000000000000000
712611088935504979 912259801648 1000000000000000000
240973507285946397 810488343375 1000000000000000000
650503019671219642 362973355859 1000000000000000000
550824368913875698 349077415191 1000000000000000000
867866380279525500 353147230021 1000000000000000000
887439514442291384 11073117505 1000000000000000000
826910373835110270 493886734982 1000000000000000000
74182789987848843 791727170790 1000000000000000000
621797499157890415 723978517010 1000000000000000000
311029604869559569 186782586426 1000000000000000000
578725538473285149 952957990876 1000000000000000000
851160297668990713 793907688199 1000000000000000000
538241227795413271 364671261696 1000000000000000000
186599006775396026 844054998125 1000000000000000000
257720236587215241 812873239232 1000000000000000000
540259846449349514 14363644537 1000000000000000000
973940871511875413 797629130803 1000000000000000000
209848178792514973 850555402547 1000000000000000000
107497666420364654 340368309806 1000000000000000000
850535618872971680 756044642411 1000000000000000000
931504800282984825 790777831790 1000000000000000000
847514942243917259 483471804907 1000000000000000000
339173128706550326 605458029300 1000000000000000000
467065314318440526 3571010693 1000000000000000000
534315942569971719 902408305807 1000000000000000000
910705019540714218 694384820819 1000000000000000000
140578984905659796 631358148990 1000000000000000000
602747885472992318 225072845387 1000000000000000000
207312262751414768 883968783302 1000000000000000000
20930179212993838 110004330378 1000000000000000000
577072801265139258 232578697346 1000000000000000000
33021498135044674 395412121032 1000000000000000000
411655942693071896 929710901430 1000000000000000000
352816604594249281 312548539319 1000000000000000000
221563661164319610 23485977929 1000000000000000000
248761786815445518 515754294187 1000000000000000000
816227578112494477 847553337195 1000000000000000000
948323646010205635 207286145942 1000000000000000000
919184811471405822 103590623701 1000000000000000000
83577043486957324 723263823781 1000000000000000000
545610508892236657 705405000539 1000000000000000000
749694601859801286 692903753600 1000000000000000000
677586283987913793 99326378827 1000000000000000000
663045708733972440 593969006128 1000000000000000000
195662510892308601 87764968997 1000000000000000000
809660951101714768 974432244621 1000000000000000000
85652577730651155 232337524249 1000000000000000000
994711073813067202 29302550924 1000000000000000000
387978884062106736 1916758881991 1000000000000000000
217304730933847518 14764078581 1000000000000000000
236149930494814232 6973540176781 1000000000000000000
618550709276105809 6153329223706 1000000000000000000
617891568960020340 25500766301 1000000000000000000
213682364109779421 3075912618268 1000000000000000000
35713013319317224 2650524447794 1000000000000000000
602635103091916751 8039092909885 1000000000000000000
794266015959283072 4306611072668 1000000000000000000
566803294467747606 4980204876489 1000000000000000000
395065887271465870 7682061484129 1000000000000000000
27432272615412948 3325343590019 1000000000000000000
798409536281108855 2400771645858 1000000000000000000
131065355490751229 4108475407774 1000000000000000000
729858215801812688 265969101002 1000000000000000000
918505350043183699 9021688195110 1000000000000000000
232559037819929416 4867202463433 1000000000000000000
276137233023730526 2879597757599 1000000000000000000
902102735228332256 216946733294 1000000000000000000
374969523384080639 794149571418 1000000000000000000
450415131409186507 3427282681630 1000000000000000000
734283478848766277 6387310902687 1000000000000000000
963299905193631754 6645500562733 1000000000000000000
119746151921912196 6697844592317 1000000000000000000
376187608388560554 7223719612791 1000000000000000000
468412737436415923 4738039250974 1000000000000000000
91986569293595206 9691597493492 1000000000000000000
223269699478129932 6703161743022 1000000000000000000
999909357031441849 1678741176548 1000000000000000000
600690570507044319 236050733319 1000000000000000000
506930018307033123 37932957409 1000000000000000000
118247608125526710 9319737605550 1000000000000000000
537412574015419679 4732971179369 1000000000000000000
829603114284320431 543255970748 1000000000000000000
566391195568711746 4056439740773 1000000000000000000
17875726422972751 6649526251789 1000000000000000000
171829484570909027 8057627389424 1000000000000000000
421263083806701120 396279157044 1000000000000000000
108245164146759641 2828385715060 1000000000000000000
964189506262395045 1563971159788 1000000000000000000
891882999622733989 1618140311529 1000000000000000000
13269474715901734 7768060151444 1000000000000000000
397319711272351116 4190618447354 1000000000000000000
728795324714480318 16668559832 1000000000000000000
999687351420723738 2661634994538 1000000000000000000
409799989449038322 4849438208296 1000000000000000000
567906083695301888 4389298220966 1000000000000000000
367982216856352596 2792880241227 1000000000000000000
665698211901811372 7347236940270 1000000000000000000
913427090296446776 6088591624198 1000000000000000000
862047469439898922 8268240806787 1000000000000000000
108103180234409097 9231907295200 1000000000000000000
242389364967622749 2109445163557 1000000000000000000
32166094138330466 3076839381940 1000000000000000000
133057001619738720 61025469791928 1000000000000000000
445980120568334522 37415735987624 1000000000000000000
327532672818346667 9341963228607 1000000000000000000
443244076958106553 78148625848395 1000000000000000000
673884483548895084 7263851753718 1000000000000000000
967925033275170159 73711092102660 1000000000000000000
676391219591097737 16873640669793 1000000000000000000
504532733175775984 66095125954832 1000000000000000000
907984341321905121 23429756168266 1000000000000000000
442265402283824010 39372049961935 1000000000000000000
598372701738283940 66655655409510 1000000000000000000
322372858597134408 19619365330017 1000000000000000000
829442538354121714 80632703424674 1000000000000000000
568361196964639400 43070585018853 1000000000000000000
672726182196445879 65567556819533 1000000000000000000
320665249568589464 27213913155553 1000000000000000000
33580541354626759 54580933613047 1000000000000000000
834287626187645879 5975966739525 1000000000000000000
554193653186004789 71730987354257 1000000000000000000
35995475343794634 57752182503066 1000000000000000000
848199975129285625 18893836326254 1000000000000000000
772971980545385596 28346334278586 1000000000000000000
439856148671134658 37384139375972 1000000000000000000
942648379489704538 16426250472492 1000000000000000000
840181331711814424 19064971656514 1000000000000000000
709276118612544271 35981568310629 1000000000000000000
791345950981099703 34637892532789 1000000000000000000
128241489674555612 40466164867683 1000000000000000000
753456374743815049 29464718790916 1000000000000000000
787158551999283761 16341586981636 1000000000000000000
137674070091709882 80988732732285 1000000000000000000
478953020108326812 15166269109165 1000000000000000000
995932380914042272 11282813579047 1000000000000000000
17328979614957201 17843230768624 1000000000000000000
321923860691007538 8524337021653 1000000000000000000
263943107804460211 85332872208548 1000000000000000000
700083198350203736 60820404699156 1000000000000000000
951977862020299534 87272600691665 1000000000000000000
895105576442486566 66454536360300 1000000000000000000
12777784408599919 29244830773646 1000000000000000000
11123906334493275 64056443244973 1000000000000000000
941388772659518211 20761014083416 1000000000000000000
960607247446081050 80163861360067 1000000000000000000
226651748527344691 96082177326143 1000000000000000000
111222024018210024 81030735114786 1000000000000000000
786404914054160831 93809032466452 1000000000000000000
494715352774992102 41752200699621 1000000000000000000
234318533820270873 5827942944284 1000000000000000000
888741255416966480 88280793323150 1000000000000000000
375165241844417028 63063492009569 1000000000000000000
196058393423013685 50577232362521 1000000000000000000
938938884324405614 4944285459618 1000000000000000000
877708732909666681 41530841533339 1000000000000000000
386439155967491467 25660239666429 1000000000000000000
618309620469950472 581453376991985 1000000000000000000
801643202680139570 435454128366690 1000000000000000000
482635777964258908 766351818288521 1000000000000000000
270045530466620541 625522862984767 1000000000000000000
773037572653966643 570451610444905 1000000000000000000
376142522976608411 244976156627964 1000000000000000000
439805638473272201 603010169832217 1000000000000000000
50388454079202553 158771252170171 1000000000000000000
206338290257530588 380456107019330 1000000000000000000
390799582120755090 785834611607681 1000000000000000000
682515499745975968 308424820605456 1000000000000000000
187202006683523730 565513139744897 1000000000000000000
241007721296598785 604842327487558 1000000000000000000
532710323182524722 887484069101370 1000000000000000000
61499998709409496 501081065338659 1000000000000000000
967815723664641488 571080644998118 1000000000000000000
866209158074422512 291065233250878 1000000000000000000
644050966062454093 212833019054609 1000000000000000000
561588258974482555 80923683241762 1000000000000000000
350079419128017836 54374320041781 1000000000000000000
833865181660362959 735987969193640 1000000000000000000
443989182888316393 375905958989214 1000000000000000000
338884976735799397 141791088121440 1000000000000000000
893930634628529431 836936263793112 1000000000000000000
360117726162882324 449957815645262 1000000000000000000
562859007195346621 157340376869800 1000000000000000000
34996551766116234 910544976196176 1000000000000000000
865251078660884082 342194748672405 1000000000000000000
200460996577891340 684125014172486 1000000000000000000
749294758409213111 297986483796297 1000000000000000000
354304453660159599 681602660206180 1000000000000000000
964758488950667029 829681019221270 1000000000000000000
999252753924183894 721761365846034 1000000000000000000
561884127071421816 817043516945525 1000000000000000000
624692048798556334 872440262271027 1000000000000000000
303037241068679370 496803261148701 1000000000000000000
467208586506006375 254510952014854 1000000000000000000
175801222000891604 614091406590109 1000000000000000000
575411711788634228 676790770000532 1000000000000000000
890889378595753809 505728069954117 1000000000000000000
781270324685470982 725294193860515 1000000000000000000
163209240116915796 160683096112672 1000000000000000000
221892320890481156 423987999432538 1000000000000000000
922098686036998108 535575895308527 1000000000000000000
567821977410043599 673689014810936 1000000000000000000
415610561427161270 435289068267561 1000000000000000000
543206020302425908 602385449400375 1000000000000000000
190313875600373907 129774844820251 1000000000000000000
156326627176871090 550653325692697 1000000000000000000
976764484831844713 599687179465352 1000000000000000000
618057971323036397 30475707330691 1000000000000000000
11200721037064207 43833244171455 1000000000000000000
720142714344199027 145711720170383 1000000000000000000
67692260734022164 914359088189710 1000000000000000000
805466151547380910 7479713861590 1000000000000000000
979950378203575520 236066425950458 1000000000000000000
883990132677253723 163611399408235 1000000000000000000
439066676496703833 65143207984502 1000000000000000000
741239557517199095 631648018474284 1000000000000000000
581617119647219490 698559332199546 1000000000000000000
968934440024238870 857486638512505 1000000000000000000
835569272079771913 942954936723890 1000000000000000000
219275632006944129 190684865484496 1000000000000000000
330779487013419248 17755493261146 1000000000000000000
595758419577898864 681343291258468 1000000000000000000
386294379945929133 593370322946452 1000000000000000000
103936258517831014 123618147776245 1000000000000000000
54279321633917192 866421315440657 1000000000000000000
657011461583749454 366336409016208 1000000000000000000
150734225487104245 443137025733232 1000000000000000000
552858319948427735 742601272843464 1000000000000000000
621168627731418131 167021809729411 1000000000000000000
550674849596269459 963530479521807 1000000000000000000
263499669686196766 201368779849590 1000000000000000000
801062602013868258 867390336367214 1000000000000000000
447384016522677036 478349846735040 1000000000000000000
994791827936845062 759923207351060 1000000000000000000
118912262516345960 143626086502834 1000000000000000000
15477249251237857 288161687851725 1000000000000000000
560815542048696071 295417122155461 1000000000000000000
300958767536678484 688802000286113 1000000000000000000
305196353314390840 22696565359646 1000000000000000000
818918931690124929 355857307993130 1000000000000000000
607019985164868218 254613039516258 1000000000000000000
659923618920824641 358426189816334 1000000000000000000
1362960475429696 89712891819043 1000000000000000000
287025927588462304 647740100188421 1000000000000000000
552548323152312771 597805255671946 1000000000000000000
679104713366252832 167664752185320 1000000000000000000
766517218757667367 711674508002463 1000000000000000000
369760999393395821 163011776256941 1000000000000000000
279517884660662225 793461837540617 1000000000000000000
757503488409798237 558498343543731 1000000000000000000
996405146894200328 842398495044486 1000000000000000000
470935248748042092 640715692677238 1000000000000000000
73375405882058187 515752907948969 1000000000000000000
299683724315938294 605489099965088 1000000000000000000
514096326029036786 934001713273416 1000000000000000000
440924520457818228 668302005834372 1000000000000000000
882281412769172104 512033367962915 1000000000000000000
221353152490381051 535703163522258 1000000000000000000
406344714133398632 400434177821839 1000000000000000000
539506314644956146 463460124917706 1000000000000000000
787503661562470255 42291305531117 1000000000000000000
704968069904525121 122750878388405 1000000000000000000
511170415756220150 318087558895458 1000000000000000000
537571823192161613 282497935391284 1000000000000000000
816188501435349097 274456870118366 1000000000000000000
312298668328726477 610536587991848 1000000000000000000
430838923514959230 296592033708893 1000000000000000000
325856411829681436 723314620689938 1000000000000000000
533800690923233562 649023626484297 1000000000000000000
777749393333120345 720998203543302 1000000000000000000
123156680975215565 258678294204584 1000000000000000000
192203479521118976 98144979117097 1000000000000000000
439781840734222216 694727059819072 1000000000000000000
833809783179098314 810232840160284 1000000000000000000
447061008753737377 343614495962221 1000000000000000000
399012659103801542 714776654659713 1000000000000000000
245532618116778505 840634643552249 1000000000000000000
668374342009206969 621862507178600 1000000000000000000
481083688981394125 356382825372534 1000000000000000000
258129813575915443 572682521103379 1000000000000000000
731421237768841931 884123286482845 1000000000000000000
638497094589552882 760024367017320 1000000000000000000
518348126456522933 742297563942195 1000000000000000000
530451129711020027 263632518497496 1000000000000000000
172735020569416523 322517297710451 1000000000000000000
401096934590812230 768633334721694 1000000000000000000
668202952885229956 742664495398632 1000000000000000000
844760705578846126 178743763250727 1000000000000000000
339834030266386603 977881205339737 1000000000000000000
750934286079072415 845682307281674 1000000000000000000
227777793459584582 795656931805171 1000000000000000000
860141273606154993 315757383436791 1000000000000000000
583703039947063824 803890540794697 1000000000000000000
946406305607648068 483317412262569 1000000000000000000
372106971725007617 377070799739191 1000000000000000000
678025382486883613 170262876655614 1000000000000000000
630624556227416544 696041700580612 1000000000000000000
52759747369924990 120618166116475 1000000000000000000
544674989482814197 479627568358692 1000000000000000000
935517090084555462 866797893243110 1000000000000000000
239988183594119946 513305414586840 1000000000000000000
952089098007638457 327609949906344 1000000000000000000
60498278266092814 231628936000539 1000000000000000000
102393608223066234 429509378704899 1000000000000000000
842300608861271973 883957069018557 1000000000000000000
650112777818351557 506587052297847 1000000000000000000
892016515231777109 579205788252807 1000000000000000000
372747277872645839 60157352872350 1000000000000000000
524014669135915824 632630327249137 1000000000000000000
375031786562980618 512978330812539 1000000000000000000
960714915907662845 171460479387349 1000000000000000000
32126471194267498 621897907715882 1000000000000000000
843806411586772608 457099743791628 1000000000000000000
357514656434128115 467801237216023 1000000000000000000
320949314505553142 955220682409431 1000000000000000000
459230078541494872 600988057312983 1000000000000000000
7160761981727697 625037981072340 1000000000000000000
660250098607149275 813928565606377 1000000000000000000
425760447373047733 283165193156 1000000000000000000
231429519244302945 397771520559661 1000000000000000000
528643278932396723 606503234920109 1000000000000000000
484455812493860053 938368696004688 1000000000000000000
883482701595061445 513009093660408 1000000000000000000
526539817347413695 651362497611735 1000000000000000000
139755682241393546 220645982113138 1000000000000000000
235009906157429028 926544822880404 1000000000000000000
861747229817609539 136218105112251 1000000000000000000
46316973674728096 824050475534268 1000000000000000000
322938711007982350 230124980332853 1000000000000000000
568312265088157634 604180273268830 1000000000000000000
490965695345612386 522745327335341 1000000000000000000
447169373986034857 931694382031481 1000000000000000000
266746169953293770 596692910449874 1000000000000000000
225846996657021916 154439874116654 1000000000000000000
836315790869554406 185376826505252 1000000000000000000
793309996998424175 86798888732810 1000000000000000000
760303785883587487 370014575140625 1000000000000000000
934667113704290643 468022676744358 1000000000000000000
979034356165173418 494438550904225 1000000000000000000
317270680510817277 330220948298605 1000000000000000000
734285189613044545 341439424772813 1000000000000000000
500794056314917947 605613507419981 1000000000000000000
332910938858965021 589877748477035 1000000000000000000
414089658409739091 818548339060789 1000000000000000000
821133121910562230 767299395235838 1000000000000000000
700610534754988126 972682676244057 1000000000000000000
236065408551824318 317878137157144 1000000000000000000
225782003101637603 638742644150497 1000000000000000000
620757316587082204 868486566860350 1000000000000000000
431281083670769847 397475941457474 1000000000000000000
320467824627886502 648504328306829 1000000000000000000
155160867590764052 41222189337114 1000000000000000000
378512846963288033 484219296416283 1000000000000000000
167668589700359929 79989638164746 1000000000000000000
530117722672576764 223292675291305 1000000000000000000
770024490691037890 340196991121235 1000000000000000000
7126925122647243 926275878369654 1000000000000000000
76750921921571592 970179243832330 1000000000000000000
349042969149326721 478934286906746 1000000000000000000
861554079390163642 853475085979472 1000000000000000000
783616324179680752 692727937820081 1000000000000000000
215949275649016444 327256471558461 1000000000000000000
420330213704276740 879999570248618 1000000000000000000
990294643080595008 362783440154486 1000000000000000000
408806163955133565 120254697315731 1000000000000000000
504758301391656995 79131431753932 1000000000000000000
486908170138198252 252536253756461 1000000000000000000
187802066806201483 764995387297327 1000000000000000000
822798408341106929 656027762003277 1000000000000000000
32636389782111102 725486269988844 1000000000000000000
965284193752212915 980403869159570 1000000000000000000
925194492811369285 577039123396847 1000000000000000000
987895378082346657 511927745271753 1000000000000000000
560973924887355457 345054837236784 1000000000000000000
794420736376568423 902097089300677 1000000000000000000
369345506233779725 6013156543517 1000000000000000000
381766828534581043 49915626563833 1000000000000000000
824153056499938774 275435346294406 1000000000000000000
225984656847773226 151490922465759 1000000000000000000
168075746423291383 774106445972902 1000000000000000000
13399489268219429 713848919919549 1000000000000000000
190176013987589849 454808482699944 1000000000000000000
825478323098925489 506697080221964 1000000000000000000
692662867275735305 680226381850713 1000000000000000000
873751269989002310 663389945415658 1000000000000000000
477508099581206683 256191387614772 1000000000000000000
824050324496984775 295930988714543 1000000000000000000
811978182244547006 450105141649540 1000000000000000000
443508729397950903 415279366200443 1000000000000000000
631680815281075231 242382340095727 1000000000000000000
85728140044263808 424835870115153 1000000000000000000
228939234025833927 292571757763607 1000000000000000000
901471204745051068 976982375964520 1000000000000000000
208658757016742981 441944720553195 1000000000000000000
516261663240968835 65480681339385 1000000000000000000
305723346616919615 263338059967445 1000000000000000000
768525988687600041 141442854956579 1000000000000000000
175625741773467737 539597508115819 1000000000000000000
73162418235118865 238956226064898 1000000000000000000
953892949833328816 39180381559609 1000000000000000000
452709454028836945 53857086283218 1000000000000000000
