1
5
6
32
2
56
270
183
3
389
755
3171
4
1
6
4
19
30
115
659
107
2958
3308
311
4
6
0
50
56
23
171
384
127
1304
327
1851
0
2
0
39
48
17
156
973
834
155
2769
4389
6
2
4
8
17
28
72
2
213
237
237
180
2
2
4
7
6
12
384
213
29
1332
2129
3952
0
1
2
11
0
56
145
41
59
5809
3576
261
0
4
4
11
28
38
72
786
81
2184
1319
2043
2
2
6
8
3
3
239
489
879
1644
991
377
4
2
2
17
1
39
156
6
549
5197
1119
686
6
1
4
5
12
6
158
90
236
956
3994
2459
2
0
6
2
38
72
513
834
270
25
400
834
3
0
4
48
0
2
399
399
137
5726
2613
3386
3
4
0
59
1
39
122
39
311
1867
1304
686
0
0
0
59
46
16
57
72
46
1687
90
4569
0
0
2
2
46
8
16
59
171
2676
1007
2832
4
0
0
21
15
8
72
4
459
3033
1038
3269
2
2
4
28
23
47
81
703
68
2832
2659
204
2619
252
1955
1693
3576
3213
24
311
138
2701
99
3737
5203
1512
6096
3781
7912
1570
3710
239
7422
834
1027
1900
6522
197
17
419
679
1637
2087
591
156
41
5451
1269
4450
493
2160
99
6202
5080
5658
3673
1332
1586
5312
5269
879
3289
4492
849
384
158
850
1045
6432
3638
2430
1955
2396
4359
7513
1393
5181
7587
1007
351
294
180
3330
776
3026
4650
489
1597
59
9017
4551
5147
239
699
769
991
938
5112
2007
3656
670
2576
1170
6537
5550
333
316
6373
5186
2241
459
3682
4337
3257
918
145
2593
5466
713
2520
507
776
450
948
4762
4737
1374
219
1464
4611
384
210
213
2718
81
279
158
8690
654
46
6054
351
1644
3069
490
3577
419
7212
2430
4208
210
8151
1211
311
3666
6137
5213
549
138
2025
1457
3747
5627
6311
1483
2313
3306
815
5826
744
1739
3339
2052
4637
239
2061
3051
933
1080
1121
7214
1374
1917
1777
4648
1055
3413
2549
6097
127
3159
1229
171
1521
1867
5607
158
6940
1955
1702
1966
493
3209
549
2612
763
991
1121
4797
1539
1739
3717
5112
287
5015
4273
2945
2094
4737
219
749
1284
2099
1136
46
4303
1749
2927
5186
853
3550
3321
389
1137
2109
311
7536
1457
226
596
4722
474
3264
697
2389
3386
2274
850
99
3837
237
1581
1917
2571
1058
3566
802
1826
261
4179
490
621
3004
107
3403
2094
8920
850
63
6417
2199
1873
5130
72
137
3549
5726
3141
4870
239
4079
1812
7311
5448
2421
2813
1734
1161
4221
7536
1925
608
2007
57
6610
6086
2232
6450
2079
2007
659
612
29
1015
81
2810
2855
6507
4316
1113
25
1211
1350
2349
720
311
399
1856
4337
2692
596
2602
412
540
46
38
4313
1007
65
2290
1323
239
4625
5302
180
1126
1521
3381
81
9262
7291
7750
56
2516
5851
2289
3840
7513
1573
162
294
2293
1715
1113
127
1620
2701
2061
4386
3112
342
4369
7633
737
1058
839
5713
2496
3463
4079
1071
834
7912
4032
8509
63
46
4270
226
3051
3799
243
1097
819
866
681
982
2007
3579
3939
3987
2958
7212
9069
2184
3561
580
2481
839
4740
3768
1814
4449
3987
1097
2133
1389
3772
670
2127
1350
4149
4984
2751
8
1676
2389
1350
2391
729
6832
329
501
3489
5513
1299
2537
197
2007
4665
1469
5637
4376
2962
122
1229
866
4548
299
400
6636
7526
6
404
2479
162
1457
5271
699
140
2782
1216
6777
5811
5203
1479
522
2571
1401
583
1776
1062
270
5467
4852
2447
32
6333
3669
441
969
2915
5482
759
7422
3280
4852
1597
1727
3033
311
1727
3354
4611
6800
1659
1597
5770
213
423
1137
1216
5169
1891
3373
6545
474
5349
522
3768
3029
3240
360
8268
1312
5263
819
204
6589
812
4665
991
1489
210
5197
3550
2016
467
1422
2267
1001
10
2701
5169
2486
8362
1713
4459
1811
501
5704
901
45
3123
7399
2070
7510
459
4434
261
221
1389
4371
1759
5289
8322
2613
2514
2177
3209
1161
2406
493
647
4415
1229
606
5121
1126
6001
7616
8006
1
252
2219
2369
4281
1332
760
5000
714
1689
1530
39
2958
612
639
630
1277
2587
813
450
786
3649
1399
4567
1367
419
5662
1431
2712
6411
1374
127
1483
3994
63
287
1121
28
493
1022
0
4412
221
2259
24
1251
309
158
1491
140
973
1187
127
3471
866
4655
3051
270
145
3807
39
8362
287
4466
3077
4415
5466
56
926
107
5433
1003
1483
6589
3174
1826
4681
369
3420
4349
699
1753
819
155
6189
7036
2279
261
1579
973
270
1040
316
6160
1323
4009
3648
866
441
219
3937
1242
901
389
399
441
2189
99
1056
1457
4208
4894
8
901
1687
107
2169
3016
279
621
787
686
4647
6733
28
827
1409
1669
140
3283
5186
459
1851
5377
5770
2677
219
493
1616
1506
1304
973
6468
1761
236
1671
4270
2837
549
1413
2177
1457
557
716
2189
1521
5213
912
4180
966
1389
3420
2007
7214
3167
4
6466
2199
3667
1389
681
5721
2748
4109
3370
7642
1597
583
1521
1161
197
237
4386
5448
3437
5412
37
3737
759
1233
1911
4032
7018
270
1126
6212
4393
1776
4090
1341
23
949
697
1187
4450
1713
1597
389
3750
2516
3513
1409
423
1579
490
2061
866
6991
412
237
1702
5590
299
1242
982
3369
2866
4316
2109
11
591
171
3559
1152
