4
1
4
47
37
1
41
404
282
198
3359
81
6030
2881
1260
37667
113640
42874
546016
594625
3449639
2792342
24076002
19208477
57805989
36960861
52575208
1544075679
2116846272
4097586876
3046346149
22589390920
1274985661
165727655059
240682802289
677173032890
3177506929816
4192678403189
66766085153
47975587459024
35761120513492
9739444234566
901603470728134
12152844167287
146055644517707
6783956916263869
2935724620877586
1168867842204016
46236786619127632
1844019380250163
76547828989217471
732524429396265083
67092125181671699
53319880721448763
6
2
0
3
41
24
158
63
158
7669
7233
81
29559
99
70455
484411
81313
262901
42259
1543549
6901169
83846500
64801100
44050856
150831112
243462440
207232751
5147976979
1658515047
2270780070
64787809966
11513430410
21211137204
563759352164
38873366613
275384965519
5338179457364
1892499695219
377751362873
12764385154326
2228497064109
61167734455082
338912538375521
457599334795749
832478676199540
796325453716255
63322929266326
2009105802177569
25368135055174900
6315220160767711
10917954791117212
950828964528156077
825444940385827513
139594942679601414
2
3
2
56
8
12
189
59
72
5313
7627
583
26740
6589
72541
32064
305166
181299
1716169
347239
605464
5960973
25843447
24648419
49107113
16401847
369106214
1051706399
4049527323
79488030
40198486162
5626190504
1290792812
241509157492
377542192686
413828805227
6487793215927
461724321145
1998541646487
2507233752113
15676459807255
4807187653387
278778695760955
324994423158690
429321072663851
4767914165401990
758204807589119
537145083040699
973816730563112
22140635292873780
64157179587470056
22076030259048419
155821968226666190
245126427321577929
2
4
1
33
8
8
38
140
812
853
404
966
10521
40916
9245
284549
309379
408486
1969967
5714183
519112
7084844
24188502
14694009
22979477
72422732
796806169
6113221413
269917157
2311914233
7633319537
13478862222
3804663384
50651663855
307210466504
48315397459
2804411093016
755985098070
8832539695679
6324617556196
60902842038421
510626076347
60894653877515
52311020311442
55728929516886
3138152864846066
1398321500978913
6603948372728069
6110154667439994
18211059319654130
29709198238616312
146606860414641801
869473206003266676
139561783571915882
71425522800615527
6476815589999186
319769414245119545
8084647119195240
330069856709432057
247356310080527979
63869563528986909
96977364557210866
93304010303176219
174661598012214896
5517928721867976
12021525364883670
57382474272575757
206566550664484732
68395893097606607
491620936842806050
656874581474436034
199893541105647718
192631745248787600
160984023192493027
355959307420675883
51495380084507280
451254274479793576
139816903659842989
31551952934014899
213867175807860593
246591110234887139
559004251893833
22921519078111919
185627685356496937
423262731719462091
344680149610943389
176787758474034920
60588293087955121
172551338376668702
44226716487750936
196760497070343318
13883673605246653
168701509586645027
16243970190350412
116889967102724812
206527936642512877
2488866975026629
52892285255240504
562116387135705221
128393147181284868
81032934553011018
59339422176115599
102747859358645067
879776112869646779
394571876338467389
181200247062580169
148884413657643922
109143258484381687
7680479949516950
508214241426660644
99055117016584409
221213704187362361
331613710001726506
38448272536789621
19719951860814519
149169588710246849
336612485396600922
222382113383120925
100742489789243340
152050940429732781
73719513967919684
29559668890246844
226204003456311919
22905426605901613
508627168349776199
1168347104091287
126645946482409028
117444195218532300
19999460604966338
426449941087792193
354093853922741904
230586569613358270
297458680287493738
4810107944407399
58322875206491569
244445345774056466
112185086835878712
125875116058329750
205038761465942649
191222124950103653
497104453191986457
93999889510037197
259411873130428944
610878131621685060
38706425769129339
268489076398210781
637901216074189758
69311634385704501
275717638369511873
67922622885578348
20486851415671783
20626718155013086
484844670692328096
765961393087631415
40248351082870406
291646398350331487
348865969701197449
250240707148786659
183504091301624891
328356996636096480
138399772494666483
611062531837594972
307661649783562943
337498898873518260
170304424671449448
260301335372672384
4278578743526437
172323317659187799
200493179008088155
41346003773972800
34008832233840250
439240152640555656
269333496937452726
521515801981026140
89983173827773811
240618814830044397
313080732205882383
394415149593193786
42496531738925679
878437180912651493
114155177623888381
158488362338227399
704727382796713069
88920335617634379
41252069989019466
129878299928976784
7671469056769513
606926195553264326
490136821856158311
257787324828795254
181619741747358766
155180542564847199
150191281008486099
169672013479011719
410184230829374537
38565894248338059
1732011856656753
752018735269065079
50187189579932501
25586127294659629
256031365156478847
279915400967011981
159423075946578537
784475566301894113
571394461871210310
240385561757697816
162134390589774411
605991412172963237
2433467061159702
150934770930066608
79205465025934003
30699048585301818
39843554888458773
149544838901888918
1378754707878232
18251637194251581
345689080289959349
406299241487368926
519763062020502266
940890297601949455
267552993209458711
242260625088413939
127807920566238940
809728523478196352
141503642167403102
829663004508498516
208948210001217015
536963748873743369
69879835260309739
62960962308328041
358527369763819454
601890730929886499
184979340946199748
190902436622785819
42828971158547506
260915798656657980
47037871243157280
232306907215446089
744399714303879
481516283770974391
252880288530956393
132916161718370189
342100354874005215
265259893959690355
451143405172189466
24305254322522990
386023061509499091
203537098799073714
254891223716058618
62124289988393518
234408819049031338
21821044901893116
752894868910622986
68191433221207781
75571300119864381
21889699530430134
55179458507663649
47070357704000101
708862554825826276
204332905062126517
560583973822191166
98911873321022991
24990732650396214
428836981562110551
177136916186722809
175135642116769610
68044859948896167
301604583263058439
57718899021268656
2403821074080799
297365247485960176
223766400686069286
7453914649458442
106586177585451227
643704021526441049
442005453843787281
218752740672609447
116020078045735326
433420794778764919
319463404849005892
393811418318018040
219588617184889842
192972735694140005
400864156364137436
332901962035745237
256698116445409815
127686783101865262
87985299958209145
287431743905077552
563004384756271659
302453798996542850
775161723162714966
471104381849663263
56464653600566473
367708205683924812
250552960009231043
51831530941642927
34540232356418309
8556915713070759
594729876361274901
64497310542257017
343169643633611051
9179842269963016
43030661680788670
387964194364167217
6397739381030912
394709062377022613
273774726611462550
228333063409085348
114295664621409760
709036478551042948
298293463994127006
11682154817101193
54823591849350448
217300464591702818
54658014687818917
233041277304262555
76509163154030579
320552417092230216
21785803962014348
283205809250218599
168825496470047693
128178029562846837
253464382622054081
211028510400380900
406892704740379162
410951365438642867
192945072082033811
263305012503819529
474364171827672399
40384092849220721
173705712662461049
368277331839082849
641002679983228273
5643529558866751
179062938276007273
350514142856560108
34935818883458445
199034490784563151
32735490367089571
110656530476903312
700206429362274951
648369088976617821
6086255363167410
6501258655492903
15591070765336266
51214070449433510
242762343404584920
65838896307183199
574559292515296597
341513606940307290
841716543058428239
138650128304479143
332236997750784089
226982355945123687
413269313018052034
593400580508968608
35963373646516248
303350850903094962
117569656918315559
534366445287443527
257261518768968407
27418216039186783
55530111874107881
1990134614780084
324789311763120310
96210711070645172
26245844737940196
422373512428184610
443693344357256869
27818115190088029
248072914062183712
165470605570456777
318423895685241352
228110120344645999
11059206149370812
692362647350099749
214508292813341099
10623243904671641
167109540044941411
470544896839299969
154837300013367851
516380020376573450
195141391231689379
898428835005850
201367524580254797
681722672465974874
651843657513556
3103292698105679
6001236916509151
130631591166818631
17799365494419679
288918204068254368
563544067935883558
283990797451423937
13480792713079712
61986034933016961
34594693889444789
166926275050017489
57055790871175176
867750696905145731
153614343349728549
64937389016005833
154404050915546296
878287042489310
188750285176226986
808756958972987870
405355600749561681
194458569793987780
169665899144224103
3384254414020107
18089958394036339
393294514140176622
350719852763704969
126022419953252469
211720295368725771
92895998149316084
99481206695527534
349473868459213086
274254509289581776
49689611877697533
668684340272955022
612853354075021459
541686738440448955
13248074263632848
101633156720261740
711368339544979754
342591129942162669
5154501105446932
6707987680097501
241179486439710008
249236638224707904
78154564185976283
190723300570835943
156562484976021979
481152406228320722
724991472310118927
151303397758762251
60748093084518033
2030203045991897
475172716160361822
473252467190484367
632908193444853289
698372670894562459
355023947238005413
100204656123279993
133972439718676874
46990415999951197
13804455951422614
450241953719898249
112483711864133913
73907114161843537
401431816162939913
94006509769609877
606324257196920615
259651076467631881
72244407279639261
35623637065164981
145701015195721816
190849953953794565
41384932298747003
176509661743054320
54324271897497666
106179992495626899
278694931163471431
671586490316013749
32073040198036636
177844551531163209
326245815961234055
213832580660972301
185112508219691280
49360867686756242
48916889041974191
407129880338186166
77128345081295454
79903396938894063
50242131608837951
125943198085848159
10234648412939413
16450370690735687
12240824018201877
8407564511516880
26666417407829437
308068963778511189
54087938016869518
309756781676002561
400664087503744791
158291508320803130
63092011002194248
149013161165712873
196947136745594540
427816592066338004
762128673565332540
228635804793572779
163984510554644353
476298464123768723
553601682875671509
123390123878974113
250590581915620340
120801990224951399
18293729917054880
147983668765638348
59925130024512993
422383811981488513
746561328026868241
132372843885660716
9341578113523544
322248643070558754
3256696493864554
199975844013982786
319362461853578851
200969576099011745
70932376988492006
372341716084017668
56562637261439548
667426809636579810
311986757190074987
528342380944444556
131679137946261989
374078858456722012
141285945748449736
286481376474496590
47204301719335460
459174261829943453
19848905179808759
64718433555436239
155298904720847616
24794547377565018
713881506873443250
67983821947476136
456315333412554221
432061092219184927
446841236653325520
168842226551240097
569412130132990263
64333336783277418
134282503220471804
297473247282446216
137841542998836126
49949214844644369
524857430154674302
269206219567558249
380057037986912659
58465604049175281
48425414996373379
154592675736768422
241073425027217015
167766825984519699
151380977024964189
36626365606910451
466800640727145351
400382166589042439
51222556013312879
346516495582462812
281267243244877611
12165080564648716
31238000032113159
566008795351183063
122929142459842483
679651192812260655
121810254158713069
7288195563816691
579919928560152322
599629368257748459
775334454921729034
3893478552987083
485255264022929637
587151401173601926
664581253425030389
595780970571478379
424888495488310432
577521853879142839
204159314941446368
266801447393424943
21884727891320000
94467765869963559
305979165161790589
84190513355267166
501358517451713907
3590177840460329
14503911004091897
114541853796754793
75021008043603003
407789205422606773
25883782402560564
286347900755054752
348190200283846315
250717158181777719
132119260206511226
697856433507626381
543653533281454080
201756876565445269
452279928119675087
275632824533689413
131694179160806177
36524822741029276
183918438479162313
72285099979959360
77808002209613807
187351574062895489
590729140687065679
39232144592374806
84990813338334410
762509617000740852
101063407964609800
91717612058004390
130618435808579699
6368255569345489
143302245368587867
399109018842502947
207132533521808699
60254304685949147
348015113864252539
79545388325591179
82875102107452293
43976106571870707
83103448654385189
98637111734030979
178291283530892701
102854817863536045
377083169282612869
268404152750290108
445685295173305779
262975657618164816
208192730138245877
25328151653728232
383358899763358315
418992881567672207
228276260886566109
15246374297249525
40673878161205281
380094227672672713
121273431485717980
132095626857464479
84673093468233312
723043647616314063
8289498195778112
333011046508373337
334495173045549349
417217842278013399
204555870413754522
386941791971310024
24670150932582169
332108992418036927
333875700151327379
244850833162318
273847569949862484
34321807725046937
537663719407067753
111986746056459832
342195585880373900
914511811368225626
192228757378161601
61843196969036569
24447781279799351
73886392828444219
345435871864564004
512895407332169999
445723435243999897
44610963601232536
69091181822237829
42460154790299289
228842198980083079
80710637747914297
336431204032628939
522374486334594002
56453913828079647
365032828590866856
624378019431835737
54426134041232251
431666471914225686
403165251468338429
269756933771658093
63645807055816089
62711645176551076
69357137517083438
5871334648795001
31048454898373399
229362038410119925
6852365352538911
34649520090795913
396184844098622879
112397166948144311
439178527540864633
280920707298900373
269585183656563551
25399451077345648
264841610074945152
321786260749497080
40102720167293434
749753427333024
295785934704616996
2545564423024021
569305463735522451
147787417635172583
288703753077156005
18572667470113265
72968496778014479
812840065017874440
94864220768727587
57764561778213199
126280398097778704
62153421869903304
181739301920348039
720590708201051969
167242289101075170
178335162133071367
6416825928243404
90611911036285619
17422197622555494
416115147441568560
306664073990804565
170233090481262050
407358247590407426
492338177131517586
251805000019124138
21404163308525582
30615815469524361
232987967286654538
265471283840727189
206078478145864630
182525978506172511
71189346434075389
521035244690416396
66117569408809596
412498428996381859
2768880219276859
61710896368673393
49586651610466633
600204042701976959
128475052702483248
164040660888864499
66204647832418194
417368415813877112
154609768413511187
542089775382034456
246068976994110357
12110393874233317
322185801631312800
94613621216765599
313049899804476383
89468870975691139
894059195233900150
423618646041171439
136723906432248866
13633387587127977
117374270331933419
532902328820957950
126899725257853609
72600129416382573
418082880116467672
53776112372130299
238494923936315849
46417203375222604
404835226740260765
223896863762909038
938326972631072133
873655511548678680
158134468415782176
219389072665998727
173264627345505016
282385927875179269
152142271586234354
804026041239473099
59334950870055399
71345580722368251
131558592965052253
190790536292545407
55961715712394418
24966779651651273
85319857584839633
594221792198335400
120229722854560411
173921889555271486
674009474608290382
157247569290928171
29306600285634647
155917215254559069
316659648498232729
99011290103910057
221958494581050648
289160606735404227
337463521173489021
203981579361878981
317657862307567772
390721036526150002
516351469838639699
379298054165691525
653852420511346197
120227082082539873
517294502117164787
735613322565588912
42058630790645739
108302667195017356
372624451869027949
125015174310469029
28562064128685648
215208347108787339
118864902784175947
140634875924819422
23155131424219815
143796454419937522
731767245286085170
29517073371490600
69408001888686232
434324148611649802
329524755162538947
497225955781551713
36731343197675851
20107061534926008
232675151529224661
769858762911789913
57077289443479455
293935606079778469
329441492882923876
271762222961686462
118267079404071732
255669827700919522
534979861209717479
170524171293619169
162582799975698502
47736760785996412
617907391158341637
114770432524150054
97554819916146179
447266699665765362
489959429811217238
13144832315475554
45638288764874137
23674414692828113
99529262358217812
180855066040844500
456744817190329812
63230247850921544
237837385778641002
19052190857714640
168292060774401390
428614036991407771
