1
4
0
15
46
8
6
28
487
39
1440
360
63352
8191
55850
657014
3553
493794
3622074
599341
1675253
26223376
37759667
60373078
113050802
67792866
95796975
1465328420
7729262423
4460843532
28145003815
38152242166
15154979114
154616363498
153636673558
19791001320
165849349075
4043828451977
281246010050
47027633578169
27725733945016
9044618134467
148065920153126
39231948396979
108924399621780
763043030067280
2514008761349558
1361807002093156
39234852885090931
41969453020711169
51984807090287297
152129778870288296
399019370570825577
226681007255162955
4
2
2
10
4
1
158
237
156
1440
549
7979
4387
13402
25113
192062
35027
522609
4217476
2529019
504336
7455783
32858369
65530326
156370666
307432824
13263451
2212785793
1177238379
719221538
14281890370
63913059996
25910751513
146024754708
93951378137
765830858686
1073735815369
817384457912
1884984905789
21275965254362
42649113724011
1220694209249
265461545659679
258248253725937
28446716273951
721706862405439
945210982804937
5719195479082570
78351761906594097
31401360236878200
39904434448585714
204484200245366002
516418058327506866
16292961229252337
4
0
2
0
0
72
679
115
127
883
877
1614
4476
4459
11813
362027
156980
355190
2293250
6815759
2469251
49024343
20684879
53623361
751110482
28171451
277429401
2910821167
1001368813
1994582053
7838459371
11041377665
19280197912
11192968249
281443988269
220367589718
1482567054380
1837791950039
2593228052569
32208114697231
26033197295365
3005923157532
513530851055506
55109932713392
197547030433351
1725119971176381
4887238360239807
14634429770790
16145981258720416
16512878296764927
24190229789464042
65602830579446313
8511572196114000
387987569865406659
2
4
4
4
24
37
522
162
423
2364
4707
1719
51490
13756
14787
191783
17211
199532
4432231
2819423
687727
26940573
5078041
14580896
521747413
533270459
343190612
401609918
1113499213
515541981
37365997500
17527639699
50501913843
954836098569
528632229863
221067196668
5237521934792
7288172148764
290934978779
3975823057289
282897102399
649057872722
378280254617150
780735120882968
55685572301939
1895968082625927
2876580236340813
5466019034894002
19745268009005613
4626892307194211
62438244090510439
298518232414733666
507155202750945438
383262275994590567
2
5
5
0
23
48
252
360
41
21
72
7689
13887
36859
5313
393139
185567
5645
1000170
3149840
494519
42049691
14862431
1039539
229339225
478110749
75902487
6360705150
183120752
583744712
514018859
6155589893
35216779531
89758584050
14911352301
263960310813
1554949347409
2233799966619
2473666454159
5602766150897
35345811547726
179621891297
468930788273203
168492482111921
463035354142239
1459087259891083
5722945765139418
164627496926421
10805119548843677
24017755388338208
35065303012874150
167336588828664080
337469816214638649
330587477865280845
8
2
1
66
6
15
8
122
56
1000
3004
949
7537
13699
38818
396076
359438
36082
20593
3182479
205291
2918090
80025096
56410227
553224056
64625732
494430548
1639117315
33450811
4330029966
16163820455
27294357913
6317686455
120477445989
316645897849
485328238904
93737043889
1298944070376
1178643893912
21265005306879
41313280309
40553041476313
54082552663626
474344346857433
111369738058116
2092789767886477
1523610115682359
645405068669977
25880624194488271
45670423423164873
37369920808097581
390526500214360562
94697862646155114
672236988116379920
4
0
4
28
1
29
243
377
441
1389
389
7537
16273
99
3999
57915
813726
8839
3087812
5479433
956583
28906106
41554976
14403679
127908087
563057149
203259687
3132175865
6795964103
2115731714
32825824745
1078740969
17024061015
135837897407
53326589040
481020980014
2255648086893
142708689770
2353992177232
451599534999
5787860882117
35904973421045
341515665873492
82284644170413
577472783903569
6058085644980673
1464526904401481
1518755491026247
68421558021214399
28991455319182093
7829908226493803
135478337132203945
6245120730932573
336647781694574549
4
0
2
28
4
39
226
8
4
1350
696
2127
19580
8299
10559
221656
139880
65849
373561
91221
497158
124579
3072560
42634574
435586187
177543089
52513349
639964211
1844543469
1461560193
8384684179
9512633860
37109481413
718506469070
204687659849
48937766342
833331673793
2804267844091
841163267707
26523396444487
58120061600579
9220830923355
58699289342130
486634958666284
255463633371542
1162449623866859
784935983358563
1314378021633868
10982284558620564
83684607540420291
47772141943161310
159309357977652903
12175182087004726
286610063057483100
4
4
0
3
4
39
21
423
703
2389
759
13
17138
2751
26358
101447
609941
373994
1161680
2028293
5385913
33918927
64475099
6432697
4810943
145719458
771704832
268577787
1705402399
4880289829
5730661542
37662088951
9817115439
453962681427
402627140626
494257642583
1448685407959
1678246663860
4498249745318
66822056494094
9813305243169
8695361972103
228673331074874
252223867514539
307766286429969
7491629150930261
1725280895932750
8465341434496759
14648235498831969
12269247686103051
17909251880684213
474495181176350899
294287058820135270
278028569710368016
0
6
3
63
16
47
72
210
156
28
59
883
13164
40012
48479
279
262389
135849
1230186
130611
1156403
34153
15476084
20915997
546716029
92825249
454365660
2267150489
3588836260
2725031513
30974169469
13236817045
27080917101
286201718376
855490235209
182798989080
3712294225609
6223127410355
4762944952825
80273637307899
45519021014250
95214521369332
646536542956814
491702412582645
35107408598606
2623329167010825
304185588331289
155954446662211
46907943175053444
6380677480398679
18711909526753320
114111579931034180
42382315975914347
695884537121297723
3
1
0
23
16
7
63
813
509
1260
21
2537
28204
18310
16669
364486
230339
66212
5365319
1362016
5176379
43245133
9800799
78169981
635432638
252346469
117458186
3161723004
655591749
721453529
68376278626
3149347620
69406943712
210246390774
366592851950
827363460593
966616027189
191164386066
1081871417247
43059044413455
478468912029
71970019917727
62260474769159
922215595398221
222335049908390
769947885089204
561456824620500
27987073550257
34950458355620297
12627731836145338
9412030699185119
521574888425406607
5854094106768970
769156054961435496
0
4
1
32
1
24
127
311
493
5392
612
2151
14999
81258
29814
692471
708286
779626
525907
5840248
3962309
72406172
26009054
18338379
32185255
898174857
216119004
898786114
3857245479
3586346260
3968776070
1943906868
7681359799
185382234001
397452912576
529369801179
543453404289
3374382018215
653005988079
7880560229311
1342085215776
4787720555127
574737773236227
4562644697618
189400284931409
3846098138961097
2966742013433737
1158267679494860
59801054805149919
13924022238018203
3298073523899879
952891986246538401
457771381951116186
77285703181687819
2
2
6
23
2
4
713
299
876
5361
1469
41
12330
4632
21179
500260
63664
89462
3922804
426430
490283
53259600
11073639
49774620
4473533
49310233
74978511
6791324714
2096912567
284382337
1326714632
3838680160
29482403751
439956933715
106186091718
180958207156
2903392529122
285120409323
386995066586
40791572306259
7188274293040
9900996440063
10399289630171
545979276481071
85283835813157
5120290783610861
1144886646698869
2544844675481749
7139807457081703
3252545729448686
29538803537027989
184155276804724582
65850355330876247
519452218070962739
0
1
0
16
2
8
50
145
270
2971
400
2868
14411
12737
45532
220690
8397
30840
2186979
6076040
72869
6790200
42402587
9871214
117858591
542371293
600757941
1327694025
9097992689
7848413851
41723969750
28429795417
531036542
317609847359
258475472951
600241113650
666419940704
1132603238813
4760171273769
18332200083441
51146349112471
533198964404
37324271008313
51694821745958
23226356497207
1098130458716414
512517784661579
4751503505548653
33616563980012612
14825165444415023
56272594427356437
533799158484751869
124372596220466082
314285055356409441
2
0
0
16
59
8
287
37
326
3651
3855
2619
639
45689
12807
217459
133947
111666
901966
1089327
2937616
24436814
28193987
61120384
93138483
348642750
173608704
1729606407
2170647831
730976726
1753711555
9521845169
7596661028
144945140043
499314117256
823265779770
546570983087
2705700074627
6016782814840
8080953415527
21994445550290
2503341559462
418720633074658
65654196727886
100150791068419
6481460989055721
1675978211491139
1176153266092649
17637377797514023
447054578703113
30778072842696066
320770324495631301
1846939374674139
85818667228435961
2
3
6
0
4
59
326
441
681
7033
7864
5726
44569
3257
11061
273711
497127
592213
6334447
3008113
2558589
31015982
40493158
18206611
140050859
459274260
479168213
3061085471
8011565159
2660734421
11539736031
28539627052
66173243544
686874426055
106846987336
2420900700
1190420683797
1309311223197
2519004111797
69280338247971
62486799161599
75799678044907
71341493219320
142015632652543
163654949099941
2352555799082267
3145678373885092
5274592457605950
11482147609396713
24350425591693960
24556802247085470
43592636756662327
410069345046729155
183145235336441060
0
2
8
41
41
8
65
326
115
5467
7611
1637
16076
94420
834
167466
283936
194526
350903
432613
4645258
37584954
26665173
34217801
35381982
62052426
691573480
62427848
1539129540
112518740
9752528899
9182256209
7709514312
25562530839
708767753210
67485726719
397411412391
102689806400
1201060515818
18136198203127
22410810005519
2839764458472
165674458805689
72266356033691
154358147266586
578929143606812
988149015643879
763739737216319
28465674476410434
70833195079091738
23855716015644063
502479541755881637
55926143992952649
414150278405410215
2
0
3
72
4
55
65
4
237
1873
4
8789
9837
49748
33030
197536
87599
468526
248538
4620111
1255618
77380169
16793604
54979041
104001670
207140050
35710455
1463825657
1750818493
3351159183
16547830727
2446911415
8437696493
65961488256
227073644293
374154286507
498844021221
3935092542293
1610773166345
39056794463097
3434099146889
1141072627838
6565718819096
26678249269058
488899860059573
3210430173652536
1010282725669256
2587999714078333
15448979721144621
4968252107030543
4544230152011259
73698534915969479
82480766679289751
287890211187239439
303572994813666712
156934751013714251
796282514719366012
159214608719079574
217760094939712211
446670597668639266
215653576219757848
518916691555580412
580499980561595601
566748373573023240
95999085521844272
60865820321570339
365061680556669811
192434951930735950
363832904444499380
173152048023637766
2967469226562432
262229153506491119
2805902105563901
76578921461149499
27705894146331991
195401925359998844
213201607351459484
26354066679530653
453760057596284071
180041255127152666
852222056649144189
536627936676728845
