1000
1 10 3
2 4 7
1 4 2
6 2 25
19 6 81
8 5 34
3 1 48
191 9 197
469 2 668
19 4 597
1397 6 4579
332 4 2192
63304 10 72038
8185 2 13273
55813 7 92163
656975 6 825717
3494 10 6194
493758 8 963482
3622061 3 4230833
599329 2 1305742
1675239 3 2431285
26223358 4 60469828
37759647 3 60675972
60373063 2 84777524
113050787 3 113624047
67792856 1 192406649
95796975 0 459024276
1465328397 3 5969275184
7729262421 1 9501050387
4460843478 10 6300237390
28145003760 8 93992636688
38152242134 7 81832730817
15154979114 0 49172890473
154616363495 1 471365924554
153636673554 1 743900414649
19791001320 0 682039320474
165849349053 3 5955159361550
4043828451943 7 7572485575724
281246010024 5 1328902126054
47027633578157 4 87546235865443
27725733944965 10 78950151912816
9044618134441 3 9850821371748
148065920153126 0 645945838449409
39231948396944 6 713007648041526
108924399621743 5 856214656483796
763043030067273 3 9598025564163991
2514008761349552 2 2520826691544839
1361807002093137 5 6534880657649185
39234852885090909 3 41142776995886034
41969453020711130 6 61588155788902814
51984807090287276 5 72870401221269258
152129778870288262 7 305806856388774056
399019370570825540 5 517253389239692758
226681007255162954 1 432805707296173958
0 8 8
0 26 6
4 35 9
23 87 51
14 71 31
13 31 22
203 74 226
796 68 926
119 53 249
911 90 3550
370 31 1973
7745 42 8973
4077 54 35899
13070 60 27025
24950 30 82086
192062 0 954120
34518 86 86809
522400 35 589642
4217046 78 6548340
2528725 53 6003888
503810 96 564770
7455624 34 29944916
32858265 18 46563155
65529928 75 73234379
156370611 11 766431254
307432809 3 960426623
13263015 82 890533594
2212785508 45 7574826832
1177238026 61 1367750886
719221531 3 3176692652
14281889931 71 38050786454
63913059517 74 72416706924
25910751054 73 95088802392
146024754708 0 263926929906
93951378128 2 730789748710
765830858286 66 830065721729
1073735814987 65 5701551514822
817384457666 44 2849576638941
1884984905753 7 3137038108671
21275965254296 14 62163338576420
42649113723674 57 44068356308254
1220694208976 49 82819967415276
265461545659335 51 383835586089064
258248253725561 67 863814392692125
28446716273532 80 899786088070753
721706862405206 42 3417728638963217
945210982804739 35 1459096289886846
5719195479082025 99 5821153171647849
78351761906593916 34 81145621576321318
31401360236877959 33 43219596084125491
39904434448585394 54 98612562399158511
204484200245365812 38 554280665167784378
516418058327506643 43 661556508419286806
16292961229251876 82 635568830801215148
6 302 10
0 439 1
5 436 8
0 459 1
0 626 1
0 29 74
485 317 837
843 322 864
191 355 733
844 9 1448
687 37 4715
190 244 5059
3326 206 23237
318 721 10577
8938 500 65164
361743 55 508282
152306 810 271436
351175 690 713135
2293189 11 3899269
6810204 965 8931803
2466640 460 3121779
49023097 219 55154107
20679550 927 97864010
53622597 136 82766266
751107604 505 826692020
28169652 306 83527952
277426429 512 426647183
2910815516 975 4331333276
1001366323 425 6658158113
1994581907 28 9062197696
7838454508 847 46839687198
11041373894 659 49946008318
19280192861 878 79132216412
11192965954 406 62886852049
281443986625 288 303263661013
220367588367 237 708251707853
1482567051381 516 7132261573855
1837791949540 86 6046334301946
2593228048537 705 9440667842727
32208114696104 193 53001645558638
26033197294599 135 46955397990388
3005923153224 750 5770813835817
513530851050509 864 781492338496281
55109932713303 18 101612886768438
197547030428834 797 556160810178875
1725119971172887 615 1744103066771711
4887238360235445 759 5143283931628229
14634429768714 360 175695188889328
16145981258719787 109 29174664655127336
16512878296763540 242 24230375566048592
24190229789463857 35 42347899293216216
65602830579442863 597 84563214324061788
8511572196111127 499 101025486733785732
387987569865404234 415 632906741948463269
3 6350 10
2 1241 6
3 7847 10
1 4128 12
22 2943 78
11 9701 59
332 2638 938
13 5827 332
99 8468 881
3728 9292 5000
738 7897 5928
1337 3315 9316
4479 8194 75366
2836 1898 73151
10967 663 94492
158163 5855 753395
411324 8418 442509
191090 1465 917229
4381202 8871 6854417
2773367 8012 4696576
677889 1715 1931315
26912057 4954 81282889
5024598 9306 74306504
14562407 3205 67689097
521737134 1798 895061041
533220577 8670 895392639
343147134 7563 936818068
401579334 5317 473347077
1113479723 3389 1888305495
515521737 3532 9847191726
37365986279 1952 59126713053
17527602436 6487 27499336221
50501886363 4788 93337276165
954836046732 9021 980188553383
528632186472 7548 647789502176
221067159722 6428 308359610669
5237521909507 4407 6765547881906
7288172115241 5831 8722512258867
290934922881 9738 303406402091
3975823037930 3375 62159416561733
282897065668 6398 19733693011687
649057871333 235 2652081901708
378280254565417 9005 401796253760035
780735120864922 3137 911037234173100
55685572297779 721 93808971483330
1895968082623801 370 5077840202353889
2876580236313594 4748 3061382773653632
5466019034841647 9122 6365895314562394
19745268008980799 4317 76820540279870838
4626892307139798 9483 12777888296959957
62438244090476731 5868 88353574379022030
298518232414726222 1300 862597106717766267
507155202750908034 6520 516909900250781383
383262275994560719 5205 527729204833349630
1 67127 4
0 79755 7
3 47756 7
0 26842 4
66 81397 91
13 49092 56
325 75636 664
762 15270 769
25 53428 429
6218 47563 8754
183 16785 311
3718 49978 9436
7414 8077 39924
63143 23841 81635
18991 69149 82156
641101 94948 793377
376459 34082 386691
4635 49743 8644
497199 87556 3499816
3037217 19610 5606345
172898 56000 5974350
42022728 4693 57841194
14569952 50914 52113353
480634 97308 64057205
228877534 80376 985561100
477658803 78678 574041454
75637882 46067 411080354
6360209098 86365 9022766502
182895379 39248 447699946
583261559 84107 1066845660
513938169 14045 16088370455
6155385269 35630 11145784852
35216313997 81044 36785305448
89758300427 49378 324900484598
14911283017 12066 649640492708
263960230679 13952 506074117481
1554948904210 77159 3658474267353
2233799582274 66913 6537404621937
2473666356241 17051 9548529756501
5602765903265 43114 91169005701189
35345811065000 84034 40043282443493
179621715358 30626 15345242503604
468930788088520 32156 997672929194317
168492481898593 37142 632017151734970
463035353990485 26424 705937087731208
1459087259390197 87212 6557571299779934
5722945764579630 97456 5800736286354498
164627496417424 88608 262746116451791
10805119548760929 14414 19788045572181010
24017755388163883 30340 55580664269091263
35065303012390116 84275 37430637889774844
167336588828281709 66574 387072796053537536
337469816214494211 25147 423679328554591655
330587477864951124 57397 440895932719000413
7 372878 10
3 576535 8
0 232443 3
67 655078 90
79 54319 93
27 398363 29
111 277427 126
152 827271 754
321 4884 387
690 631521 1899
1806 783365 9659
2652 1502 3464
1624 899139 18506
11231 661813 30148
67496 160652 79250
190309 855575 588582
132216 655496 589653
3236 872325 130955
2886 366684 36627
171431 524194 6821972
792053 563901 1275302
2597625 55794 16933714
76716423 576008 85647547
51008202 940464 83914143
547861622 933579 952972658
63251083 239311 72806591
490487441 686479 787354777
1638861865 44472 8596970616
31362073 363639 639668516
4328462327 272920 4352430959
16163654334 28937 35547007984
27290433508 683199 35584726533
6312119361 969192 41331389881
120471951505 956559 838221102448
316642176771 647809 811197128025
485326639119 278514 853531160093
93735345306 295710 563839059268
1298938622960 948350 6877545192773
1178642277036 281489 1943381611584
21265001930759 587773 57516892259277
41307781359 957326 1230687854953
40553036548039 857991 52834499107428
54082550691753 343287 533128097142629
474344342528166 753703 537456540611288
111369733277119 832340 265852738441955
2092789764017397 673589 4363946196742841
1523610113929640 305123 7161149248710746
645405062971817 992014 2330074675399473
25880624190816931 639158 90970969671089408
45670423420335871 492519 62405145094736418
37369920805935103 376460 58839545112342281
390526500213843404 90045 551577719446593665
94697862643490605 463874 125144216283072802
672236988115592366 137112 958846652085377522
4 6471114 9
0 3050063 1
0 832595 6
21 5003280 77
26 7256010 38
17 2714746 83
173 1846431 831
565 3664049 584
674 5131959 912
2065 8190667 3778
722 4765013 1074
4978 5580049 9272
46223 8805419 53883
24697 1140436 40088
2876 2839372 9754
5561 9734724 227026
184687 7169875 844922
550407 5582159 858014
4919377 857037 6754539
2013848 5840777 7521054
1411746 9699303 1518054
25009312 9491026 50620213
39746246 314881 59056528
48069868 3521161 53891974
123120807 833444 683170322
524480586 6715888 641401041
189544076 2387774 468872727
3106731497 4429698 6738225482
6761715771 5962391 7299420038
2085712918 5226065 3551698683
32814976873 1888533 63526912642
1040754108 6613226 3074439516
17004913331 3333468 77912674847
135787436531 8784872 236579828016
53286939469 6902715 411459305062
480966617702 9464089 538402753699
2255636301778 2051701 7538408035211
142696636145 2098460 9328234742434
2353973442358 3261614 4677178972782
451557054859 7395496 16014946069370
5787859692247 207141 17348754146384
35904961189213 2129485 70251933470388
341515628610908 6487137 834022113155542
82284627578262 2888586 409380949504560
577472739883726 7663544 579313928773956
6058085642732111 391456 6482619364269697
1464526871561704 5717183 5425026401202163
1518755487619113 593151 6207307293197448
68421557968927178 9102836 98774956267750163
28991455265597442 9328712 62027842587783252
7829908197051763 5125641 87368054986226600
135478337114326685 3112309 329589033850319338
6245120693517236 6513728 162820744948610436
336647781656818371 6573071 505124639461711082
1 54572804 7
4 37924198 8
5 86245538 6
2 97979029 32
5 28238345 8
17 63983908 40
172 18617119 245
662 63212437 847
5 89306926 22
2472 96910674 3013
1633 7379963 3776
2740 1287846 7324
20473 31590309 30492
14763 39988314 20151
9358 90893564 28078
17989 81476499 274222
296460 79092867 673243
704478 22104891 755100
2237607 87667407 9910415
183831 87148431 533191
638786 96236721 671803
36104880 37497093 62841406
50646717 13792039 63398221
35021488 11036936 55783640
77621566 62319106 890129361
447341450 50243654 558400811
552764942 26986484 655263496
324031376 55001660 1624568907
1337782597 88223475 3477698759
890841988 99357981 5727146948
8135383897 43401411 18029765522
9007068847 88015287 57079728474
36771477009 58844160 68384384889
718183817028 56171415 994040065024
204396677466 50657959 431858745907
48512306658 74069519 528027917079
833243281342 15388503 1708568242297
2803871483377 69003581 7401384449769
840608747396 96538043 6720889720484
26522914768960 83856286 44031156204645
58119592763112 81621257 85282576056970
9220796785415 5943187 18896364871708
58699089815044 34736239 397862466141845
486634592766076 63700636 545716016517243
255463522679269 19270745 311860937357862
1162449463893270 27850261 5845551814882123
784935976932299 1118771 2003153274379049
1314377891347629 22681918 5915146062017126
10982284402921995 27106014 99677017096721657
83684607269160428 47224410 95267080430058428
47772141521456527 73415829 48135821232263287
159309357425373398 96147931 256665098897410182
12175181533809593 96307346 589590724771191142
286610062846491168 36732205 392530636636832671
3 305301683 5
2 323752527 6
0 172845774 2
30 474713306 36
10 159475238 12
42 61091332 44
579 600052446 609
552 573746295 828
255 658612154 823
4302 171442996 4509
1613 288536175 2072
1422 867802262 4642
8587 187999772 18636
8429 82908859 9160
1761 274238996 33302
34694 782092431 107889
482852 959196996 749212
20335 451173145 379862
381138 385590030 2441106
2916878 548484728 7918162
2610405 448474165 8693491
29539222 995904693 74235746
20300211 783440181 99021185
1762537 621526670 10611356
34056887 744485521 44850110
79930607 843088600 199040076
524775693 626966753 838601322
1246642425 576496720 4289496341
2849647587 404766089 3469245822
4195625811 119195134 7779100806
338648411 938711196 46156889961
35840745212 317083004 45477875708
4326240353 955922365 93757461514
453489549584 82368912 998823739576
402626809088 57728 790785508846
489156641881 888047979 732433594688
1445911074792 482991686 2681208989900
1672712097676 963528657 3545001147899
4496645825229 279231089 8407252123965
66816788187675 917174704 71583838965512
9809504658315 661654850 11824136080320
8690406175571 862768986 86522489603935
228670295861089 528409154 413322573368046
252222060775844 314540384 652353065527596
307762833732526 601090089 342558597611770
7491623706824646 947780132 8908213553294183
1725280700220892 34072039 3089094069649517
8465338125803210 576020057 8910854598886584
14648234827749580 116830676 26276648574353439
12269242088123815 974568422 80319856429973386
17909249055171374 491901719 22905391709875832
474495177876754833 574436223 484513947624821614
294287055979547163 494526206 887851049090031593
278028569465859353 42567221 967206689769783218
0 4297941447 2
1 2199079484 10
2 7106822186 5
74 1470005940 75
22 3043189719 68
77 5371925213 94
202 9355752267 583
181 5911200751 307
103 8243592598 200
34 9553160120 126
49 7295321000 66
1805 3309477329 3941
10917 9447757164 25416
7466 7322816824 48275
41402 5304838291 64739
1899 729794028 31616
296534 3336730455 663986
109102 9181288126 187137
661141 1591456883 4833893
83748 9450448828 1292707
1804851 3321962498 2257196
46310386 1247127121 51869411
8983166 5678588097 42188460
22643183 5137567661 61355921
493213186 451459523 634926882
293780815 5496862161 557460709
10839151 5982115163 506240221
6660290543 2178983645 8454676128
4448610704 893326103 5991092982
2987788291 7978410248 4190111079
22314980358 1507503309 78532235345
21422670910 6993749807 48358370652
67674255607 4880335773 68626278745
279841898292 1107199509 777671799806
827870598273 4808382607 894452558072
142975856991 6932924409 284587565891
3686928269185 4416032832 6490448938197
6182867229772 7009011448 9063719993332
4726480988925 6348117088 4775207605458
80234240875412 6858639036 97262975885641
45493900936052 4373227166 56314004089285
95169487751407 7840032999 98074036902341
646529063433642 1302131855 910244857026422
491664131682406 6664432813 640343169964371
35072199596335 6129637179 427404848788953
2623278729027817 8780894568 9390648933803170
304146380118550 6825871326 1774644484451725
155928775782186 4469117863 201858797772222
46907900975231193 7346689289 98832755590667157
6380668119640373 1629641526 60196224327461360
18711873176088160 6328392587 28990183619192917
114111542967599279 6435071439 344243566839296216
42382302961374184 2265738998 449777417899027920
695884530715104512 1115272717 734231910710620360
4 96101782501 5
0 477879115 3
0 10065117070 2
22 50116428497 30
13 38712862158 30
14 74969173664 83
2 84925855433 66
468 61513808507 821
335 81961127765 541
1443 1528259394 2367
427 12106546179 2028
3398 60552783144 6447
4859 37945724161 85910
25814 64456373369 47288
22648 85918155744 91094
490282 54055451775 677975
509593 488404739 728785
390075 55661359814 723608
2722960 15784513892 8320114
9203262 73632389659 9462961
4895422 53314478475 9826164
3550330 78464843921 48266787
3402920 15936859712 41437761
53742812 25367724797 89544751
305585854 20252256003 716051434
85991984 78153661637 318264501
74129052 13430910220 146586663
1165393681 99365496611 6936158868
361971699 66846299388 4125543249
537465939 5482573794 1739346878
46872625998 83247220572 76112226076
25489240070 42792425931 89380714650
32313391131 92240552358 82123615257
787704417926 45314141048 837745161119
367433035229 67816992870 390385042540
400826096346 74257125184 850843322926
477052239643 85229577779 8568714424266
155158133638 6268432781 7259861792943
1043687256496 6647591139 2193823358646
42506962248100 96113583292 72453296205808
29458556435297 84605652223 29466067444988
71908830410666 10652658527 83023987692475
61944539944846 55002008664 125226805441390
921813536600972 69995580568 925026674896566
221777016568023 97149640552 817472802684127
769454597374040 85877887116 914981051584383
561086594043723 64454513490 7492992265779805
27609262493341 65774221212 2877659938720520
34949942875715755 89741389682 38249714634971827
12627226433325422 87987040782 41134315583524912
9411626260325188 70409932576 55851642333862174
521574518965366850 64320368459 981786886747744419
5853657741949128 75968015405 702350325912508238
769155781990548620 47522292337 992680543537849076
0 531238419940 1
4 219655736832 7
2 839084917113 3
37 815080343449 38
88 958197440441 89
22 461161669152 93
247 978871084312 960
9 601847698651 485
70 770953205497 584
652 65270902614 5625
1 132056496420 661
4155 567387499192 6900
1143 588165215777 57728
25101 706833537177 92458
59801 830959472812 95769
479248 243689732997 893865
213227 940190226438 721145
394639 926534486924 848704
652188 350340101015 693695
6562597 303237852510 6881264
863571 19919519587 4239056
12252757 409049903687 86549041
11427657 305001795155 44474355
2709521 782211669542 20243895
410146335 717705491187 508186988
74347826 608100433405 913216902
310315149 766619023587 599047672
794869514 295509493636 1121824338
939441099 374863736079 6023310601
2908846616 45701318754 5454866778
3804513144 26353176824 4086755651
13965340815 237401204585 17636770950
16244992313 676016276158 36713599159
77220792769 578117059347 458939641792
314137339828 14504649371 410095447391
352002862004 528464298374 714540892048
296498630651 42993071814 859378342618
1716709854768 288588948345 4870305299195
343162202944 53941602009 752657960297
5034138860754 495541740643 83143964276381
42476446424762 906133064637 46339243676714
18041300245507 850854517829 18140938882310
574409876810755 57084438474 647806057002644
2919770939925 286012651021 10065527951442
184457924495175 860429843773 953837573925171
3840865452033870 910973623521 8464253163448588
2964289435896325 426976327310 4734006554305956
1155729187185306 441933478851 5440895569620548
59798998744982710 357945469819 67114863060705747
13921587614325318 423850690528 20962909680616174
3296492170060106 275302470307 42173806655971957
952891000528980763 171606424728 998067684700042366
457768157970000537 561272210616 596962516915930305
77284066967465991 284853273150 116997596730529474
1 9599324986815 3
5 7496237298206 6
2 4280465090995 10
74 3261517675885 77
39 1307362953683 40
37 1495335907650 44
750 3759428720360 796
736 8183555412324 854
346 846461689884 948
8320 3327827013718 8506
499 9326196383489 3397
1567 1220945340387 2404
132 8328762347130 15671
29728 3154701199119 99571
6810 6734762357117 35579
646057 7000632130944 931711
48434 3543531350621 67719
146732 2151693641260 469335
1985100 6737563296245 8311148
589383 8176842675414 1765919
7637837 8460997398770 9557782
32965525 9821416536007 85249353
2431120 2825951296117 13047877
13851830 5372090858255 58291378
899015 3082136800626 16094730
20154766 1150568939584 76940736
202298841 9689814977767 297703813
3366608498 5617668769477 8846942841
2501813302 2519179666979 3968931293
26043239 6937613536377 1618463526
7219846874 3687974052043 56809213057
493451939 3290869981028 10293904424
50299554846 9774373703619 75288744989
748420833972 2368569092718 927577753370
60765957467 7611959612691 114340656352
179170934310 2694919408366 253737554729
9007462328750 8486944006966 9142263883244
175101266026 6859906898324 727661036720
3043572487258 2194612863775 7631282422814
45735912882889 7809201290352 49800859415064
19658467593916 7491123442338 55499653974015
5749664211473 722717451910 14219529107950
8920981369981 257362966897 136054626112267
530851189487573 2633692482826 624992490225222
29250674814330 9754975296950 401520269402145
5082212478665226 6629162400876 7904409200894287
1095994537437991 8511768916034 8311497240292170
2534928173870442 1726392488420 2732183674343224
7135071663450181 824468030415 57274417593289903
3247437455448787 889314216656 13513838959624514
29521163609572844 3070986064279 36618288197927637
184149604743824617 987465511063 707193276701152806
65809888506903559 7044986596543 66714886470461467
519438742120127885 2346067313576 586161559222287274
1 61857323140869 2
3 40685912923489 5
0 46312105520603 1
14 33112373568667 57
9 17449689980220 14
17 47830398047786 29
499 69301928226000 522
53 13967206553567 191
191 58269651464537 360
2723 99495567594573 3876
798 80195725928667 1555
4348 33757802114478 4918
11611 42441720818092 28324
2678 17195307406907 32623
24189 34025248424712 58459
204020 99704783023100 229742
6543 2773271959652 17735
364323 61585035370739 448159
2678518 28701170735690 2803782
8898172 71042177348007 9926724
4753727 89008307837649 6275015
19202566 7994657993251 75199877
17962721 71533585931923 56398751
4450640 59895321135052 11937637
5355722 96114019341599 151090953
135216522 80021832184150 560304550
278177141 57064530421801 849098531
1053125730 33406423381581 1657609694
5461109673 63491660919687 9141860901
515206237 11975096784885 8210378202
23453079540 87874710196302 48337417700
32087328838 33773978875320 62906423604
9713203329 87114702659183 72669363847
57565833881 30449226591957 469468099376
252681464684 91426747989207 411886203528
507947340296 61340586026289 698912098524
510900481734 61742383615316 706168169966
248865382472 96425330040607 2211956478567
2365783848447 63083115686339 8998969962697
15961651075326 30341247256464 28651898037697
20192358739227 76047006110947 81172911359214
13394452518485 75945491712749 64156670850677
12306223468054 47822481145244 249677141714677
51841690574934 13509371702773 77745507120835
2549819862596 29577901627256 37305174423152
641582224250180 79481804518954 1546490813197825
309289190336452 35380654632698 1379960137998701
4296411512300233 79228283267360 5347417216610356
33338783970382558 48359526459454 36294711084105519
14272362732140905 96239025359254 34900620853535467
56088143926393394 32111521969008 99197667849850408
533565678953026844 40647127945722 842918644937403227
124210255376703733 28262387706859 527110936211067195
313735443766329540 95683473653426 855822288013754817
3 469982349378793 4
0 23158946660460 4
0 716683166288294 1
9 251797390164503 17
79 335369972578014 98
11 169688907320260 12
263 395856303340516 405
25 431931230477314 76
76 839127643663803 808
475 848798960911557 6055
7625 455299990487340 9175
1730 792125054108703 6598
1827 980510570385018 3648
95408 221683396120800 96699
33920 87400994777389 56165
335866 440976031882602 449290
585315 182024798725215 793612
28991 920612711128149 123701
639083 280111896526821 1085596
3333308 214130238036869 8591578
445250 874816660776113 4119329
29458299 868076898707655 57104337
50192608 586960553733150 90248867
46667616 70730329915247 97522306
16692364 264978225179768 141660067
592526480 608159041099135 905606596
148253669 351914673295714 263695638
1537251296 9012731496891 5827926972
4212928819 533773278410230 4959829350
508962951 198472802278711 849049076
5865701794 391785239451363 7686801958
2511970625 94935631275917 50305251770
39217101601 97375644783560 71667282836
239123191971 865083209977574 880748640188
221568930014 833501228376966 966176208981
875959670171 1341815589050 970020351457
3274105548626 833062513290588 4634935517292
1442626156211 407473860261423 5907300826731
4430656563521 604504085653722 9206157726587
65835771679730 393163588349871 72378436331595
45553347657851 804585967228722 51612764162623
5812967118867 992980051574555 8295125546179
209038631662338 721332216682691 786738670655302
369822651094427 561841956359362 588570370611778
113020860947424 928296091993850 267252914557683
2424785247768319 706238429862246 9102600603105405
370851563145007 227213278477807 4899878353311412
3180365520196863 987274645790460 3837588406278602
13799345380668883 668174180215084 30038282480251777
44115304523534427 393810709619799 45930322192422337
28390965535205627 415578425358648 47443160493596569
317814105665875807 514656698687292 377577937409503510
308840060230637093 453130321432194 309595928498354041
81627757186393658 729607668087041 433423542799709872
2 5307325877928774 8
5 185411398426375 7
6 7760307554591286 7
5 8590231366129425 25
11 6251554610878235 21
65 3946526329593583 70
143 2365391955296872 462
358 1410052489567607 630
796 5382904750205730 808
3051 1893434272556474 9473
168 8508638713380558 8716
4001 8731345437408901 6429
37369 5570285618686001 54177
2829 4105296151690309 4783
13778 2421821680700514 29601
461432 710901377909974 545435
569599 9771790630757785 584001
435899 9155631166555928 629062
688446 2629122548015837 8432849
1307594 3897804671114519 3519817
453317 9609208896494614 2831604
16036145 536987477243009 42034723
60832522 7197221389281729 64495041
61254784 9712584655861330 77821471
409579606 7373937172092937 667524954
254786818 4298480713642823 483453095
351925232 5799901647582927 523957675
671045006 2412990368797892 9953400103
1916119727 592962680211542 9296733221
2120620607 2754474850682910 2755590886
73975738450 5710438946234680 99570662204
14189685090 6642199397048313 51340288289
49554335483 6845145537169179 76297616287
222979960144 9332980399774782 783032195433
86121951028 8104801187782629 482184606647
9185744837 3880597879964666 10469421375
5289156843965 4387030850033830 7832027992163
3895265048484 8365264378527214 5606482837230
6956766207508 8630965331702004 8912676317938
11728812194168 398243848727732 69687029296040
52295137360419 1334153028962219 80560663755361
19348436698777 7511831771280733 79067815248613
835305663857775 7329366696700780 912006051727318
694351315883360 2445672805056854 858848612516600
508704569528957 7291989582023367 828052421585501
5465461697137670 7009572888560980 7229385235978994
1385071806975154 9418843541387500 5815754838099426
2176089497203343 9638300091694097 5807163187515836
9193664389544042 398408672279526 20102926948653423
1654988908769671 8662590157754806 27062998802571888
37728120558104407 9383346432773254 67069820907870375
23484872401098521 3500618938305085 69276043522320888
384269040465917547 4491649754421270 612960704091360386
154414060312818124 5001893479004467 422672063269085674
1 29105168033741812 4
2 89596380241430158 4
7 74393504092286189 9
21 7623178314147689 98
8 45803121178986674 47
11 43576064557789175 14
92 10930713389785992 137
371 81061457713463777 428
23 84448515121722627 507
723 42315095380380809 8147
2037 54220654261423694 7944
2326 35714868012575488 2353
3217 96806169877076750 16535
70568 85743596321735598 99275
19856 24728793135015537 20617
45038 61222747667432727 182799
593945 20396148529160334 724545
196368 82401257851147182 244037
1730756 50853825280550166 2620850
2631391 79869424725955046 4229142
1414091 71072446064915736 6500660
32538089 98468133419062318 49782508
75075707 2684912052185955 85784840
38182415 81625426032451060 81978859
30928000 61295040476586094 38543758
99022355 33000770451164039 128121806
97304912 82240762646624721 837048963
871923070 30218688749156794 2262725062
2017541518 36131168433267979 9242750719
889867983 56107735368487227 8159500688
38529225978 89316952884672312 82563677999
14364921404 75472749294143513 36474894421
17043364582 51140630099831997 22105465423
21362302255 35090718807966030 54139146183
960968450128 76593080805509232 985093324779
33567978093 33610538671970291 115844862841
562172882844 28493634096597481 941504743511
691878541985 3011717119623377 1160299951999
7849877295767 31140675558373626 9122369829484
1981978771670 44659911789842528 18978473489479
8255121633430 57949256213185889 42926210300036
44843681346828 29958679879651256 55399565908918
816200787533164 5646527782088679 919014425232568
118802827857381 27872405396565045 135948470748038
153322896416136 13165179925479388 296551156492377
1459351143604486 51333076489137627 3080632090419424
900795163163010 82226395844786949 2827700462203565
190799530619062 44395690685236438 865437278515509
9472042063571359 74576632977531059 37216273056242412
49968837215163215 63373655061483085 85789425900399714
73693545040826375 70919776886006405 76200877526221178
506370622686971959 99576702905953894 575865612471032836
63142580284738794 68945949305984113 80649217772268646
279735432247521348 23400669896923422 576142514667623449
2 180819654997578615 7
0 55680341093606426 4
2 756126294195428706 5
28 779051908532945399 74
10 62075273072825724 15
54 565303451840577812 90
124 818280312984236750 156
15 756500563743893540 217
177 5446683020038977 787
3300 379021138741972650 5878
13 857956459792953462 15
6557 285212496668740825 8813
13254 285120237465383302 22903
38681 457352305180515964 54638
68173 239634532846900756 70330
218438 362714068405998921 333041
21370 565000711111734982 130021
549636 413142974345066045 788759
279619 379371124061116098 764809
3207073 873511841262526074 5934682
2946141 371701829037261478 3566544
89312857 972329406504405806 94652617
36055693 318895922424445079 37409087
39344872 996720046989910228 66877854
253851146 309195618043631001 851900497
677313483 23529260962172329 789817313
481096339 318573746407097385 488108849
903866747 255954087432414077 1582212033
5404883190 4967920552192032 9398781689
4834191319 311643009764344990 7994542576
24308979614 627015956907688934 27713141802
1304599916 382639031389913100 4442626367
2240508373 565801121814172313 20002186860
34170644412 778911974016284945 179219863163
503337477892 695887671790998473 889764674951
117134469767 453660360158262742 552399057287
3213888504924 771909910548579434 6878432298402
1670330524290 847623573901128081 4677718086075
3507479245884 994752023457841344 4757335686331
32472482398088 330792325394058641 79451570090876
6542599189749 336452454882741207 6843530301286
26242641009568 286416847911075279 27368343320348
6696158813331 11926983322679321 8293116489930
35430110982511 108267806838918329 47798440067317
256990014629654 806205207541902644 570207976331737
4430500856638038 992384010945630728 4503580669738689
55852606677994 553532361379989292 4702024451326928
4797192886850846 27836440188975399 6003828479282748
21042273576148099 671810115491760812 52223118110661103
4641334680737102 758076194162225796 24880617368477948
8819083879741494 393708942038002358 61236825466166905
93202393916133253 941991933932137607 775765973534595472
724790905055642878 175720980044389244 825830973840064238
15228526435218188 948542245887897406 470529241297034712
526248723208931017 601612815120739957 735675137373909896
183794637838829835 452019258571192284 262328551775279781
299945083427656755 86408821042738100 830321004055217652
370826429720476592 404357329023823638 633566120161473681
340305291799161605 822776789764725903 404052020082645842
667730941587423845 964508250040637174 960208894135802137
72774746770280441 507101763179961704 251813090847162095
704802739903885767 961863372875508497 815840962395341091
478549338584537237 152411043857309500 773507501019819449
378185391594989467 198990131344574742 954448222805282600
230701935350994418 624740154815256739 930811907361571816
115203752340051788 847888562064441484 196986419870180806
763060072206882996 915918784894332911 808441517337049855
357967828365676051 432673119574559118 378690446995438755
224580066320038666 133485576224469700 627496287928046378
290693043703940842 140016282838343405 460901445377464570
9041221597671001 958811769574013883 18196520954068274
354337906835959048 106179766130709199 702011674587987693
1632035043380697 972074541306232205 11369613814613383
69225836047800046 132058498995331388 125199803960374717
187476877791661994 393459718674233562 403304519712056514
281063112554504319 51617233051141982 382153658146259367
241822478498954859 385122126193129391 448157075272682140
152163672907907776 19480801494991453 237708494060041982
299352453975437435 739013558048126550 511316304049010730
364829322845178706 839279664748269900 455060055623541386
680070633631747830 377622652205397396 998467827746899292
520726807882893171 735383767087928956 701364528508551968
