0
2
2
13
15
18
0
0
2
12
39
16
0
0
2
17
18
41
2
0
2
4
7
8
6
0
2
37
11
0
2
8
4
63
17
3
1
3
2
16
37
46
2
2
2
57
23
46
0
4
5
59
10
56
2
0
2
41
59
2
2
6
4
17
3
38
0
0
1
15
8
0
0
4
4
0
0
4
0
1
4
72
2
33
0
0
4
19
4
39
4
2
4
16
17
11
2
8
0
0
41
41
0
0
4
50
4
28
15
68
7
15
8
17
6
28
4
3
0
56
28
50
6
0
0
8
4
57
13
30
11
38
15
39
81
16
11
25
4
41
59
30
23
0
4
8
19
2
55
16
14
17
41
28
17
55
17
17
72
33
4
4
10
63
37
13
28
46
28
59
8
23
1
6
4
19
10
48
2
4
81
37
12
2
13
72
28
15
81
23
4
39
0
46
23
33
2
11
32
2
41
28
8
1
7
16
23
0
13
25
8
33
0
41
13
13
57
24
0
8
41
17
21
0
0
12
1
17
23
13
2
72
8
28
5
66
7
46
3
41
28
8
7
28
16
32
57
16
25
24
10
41
16
21
24
8
10
8
13
23
13
25
23
16
56
39
16
33
32
21
8
55
11
4
8
28
47
5
8
55
47
4
28
4
39
0
2
39
3
57
0
16
0
4
38
12
29
16
59
8
39
2
2
0
17
59
4
0
0
16
10
16
56
21
28
59
0
16
46
23
4
0
28
24
41
28
23
46
63
46
32
2
0
16
2
8
46
15
38
6
0
33
13
13
37
21
39
8
4
33
7
8
3
4
39
7
1
46
90
56
81
14
56
11
25
33
56
32
8
33
65
2
16
23
2
30
50
3
1
21
25
12
8
39
41
15
32
38
11
2
10
8
1
4
4
81
0
24
63
8
8
25
0
56
38
63
23
4
56
19
8
11
30
57
7
13
16
2
16
30
47
46
41
17
16
50
19
7
16
16
0
8
39
4
33
41
4
13
32
11
2
6
4
10
8
72
50
47
2
1
4
10
10
4
2
1
23
68
6
41
12
12
28
59
15
2
4
32
30
28
16
29
24
8
38
55
63
6
33
15
9
10
2
23
2
13
4
16
2
16
2
28
12
11
25
8
30
11
5
81
33
5
39
8
39
32
38
55
2
50
6
38
0
72
13
6
39
23
10
25
0
11
57
57
32
10
6
39
0
4
8
16
38
11
32
38
23
23
27
28
1
8
1
8
1
13
16
15
19
16
38
19
56
8
1
23
81
63
13
10
41
17
4
2
17
45
4
41
0
16
39
11
38
47
39
17
2
46
3
41
11
39
16
13
0
28
0
19
39
17
28
1
32
39
19
55
4
2
2
16
2
41
2
30
13
8
16
2
41
2
23
23
10
23
25
8
2
13
59
12
41
25
30
81
4
4
32
8
0
41
8
4
2
7
0
46
10
2
13
17
23
1
8
55
5
33
63
0
41
1
59
21
39
0
4
21
25
4
14
16
19
41
55
28
23
2
16
27
81
38
4
2
48
21
55
4
23
23
13
30
4
6
55
57
0
24
57
21
8
10
16
39
19
3
8
0
39
17
21
4
8
59
16
32
38
1
2
3
0
11
23
8
46
10
15
4
1
41
50
30
16
12
17
46
4
3
59
4
81
39
57
28
16
23
8
32
8
4
1
56
63
16
4
55
39
32
0
10
39
23
2
66
81
23
28
0
8
8
25
4
38
57
38
38
13
7
28
11
46
11
17
30
68
11
0
90
13
4
10
59
1
11
8
4
0
12
1
23
23
47
14
15
2
30
21
41
47
8
55
1
41
13
23
33
59
4
17
56
2
13
7
16
39
29
16
63
11
46
4
16
8
10
46
39
2
16
10
59
4
41
4
16
23
11
17
15
4
4
4
6
4
57
4
56
41
0
16
4
59
23
32
23
72
41
8
23
16
57
46
2
1
0
10
4
17
4
8
6
8
21
65
4
30
59
1
46
72
41
48
41
0
33
16
41
7
2
6
56
23
56
8
4
4
6
37
46
17
21
8
3
8
59
28
28
39
7
8
2
63
19
8
72
7
0
1
25
46
13
4
28
4
33
2
17
32
56
28
46
16
11
3
59
9
68
4
30
59
68
4
41
8
0
46
8
72
28
6
46
14
4
10
50
59
16
6
8
56
10
38
2
4
16
4
56
2
7
4
55
4
46
63
46
0
8
28
8
33
6
38
8
0
8
33
50
8
0
8
46
5
46
37
2
63
2
0
2
21
11
5
38
