1000
986034068956057718 10 1000000000000000000
733553125238291825 0 1000000000000000000
151839935196675130 3 1000000000000000000
643781852827599008 0 1000000000000000000
252939130564006407 2 1000000000000000000
171752049537875553 1 1000000000000000000
162540189985634389 2 1000000000000000000
334694755571248962 3 1000000000000000000
614205005728463388 10 1000000000000000000
983007336113399390 8 1000000000000000000
950512942471279230 8 1000000000000000000
120125465371934632 6 1000000000000000000
980315117018359986 8 1000000000000000000
881760959861914746 8 1000000000000000000
356685645899163700 5 1000000000000000000
991085452873431641 0 1000000000000000000
506452965081375019 9 1000000000000000000
333918986132008971 0 1000000000000000000
977979224398748955 10 1000000000000000000
76778299367169244 9 1000000000000000000
629427418714231756 1 1000000000000000000
649588086943274541 9 1000000000000000000
862315826120174714 4 1000000000000000000
45850560852893502 6 1000000000000000000
731260586372101950 0 1000000000000000000
789789018580432701 3 1000000000000000000
452766325519985341 7 1000000000000000000
3768804626368910 8 1000000000000000000
128714772958229007 5 1000000000000000000
783684585780423773 5 1000000000000000000
176027273225918194 2 1000000000000000000
849377454460655970 4 1000000000000000000
572745729723094064 2 1000000000000000000
881286243044707573 3 1000000000000000000
780617763453639758 9 1000000000000000000
725648561603032914 1 1000000000000000000
961545567062368375 2 1000000000000000000
678745669268384814 0 1000000000000000000
295417972518265768 8 1000000000000000000
772343646866422906 2 1000000000000000000
549204810301957661 3 1000000000000000000
462572789212620407 5 1000000000000000000
4885013031793915 3 1000000000000000000
775954076137834491 10 1000000000000000000
971401971253455422 9 1000000000000000000
70325400086953730 2 1000000000000000000
579308142315350246 6 1000000000000000000
803360527306122360 8 1000000000000000000
528294590052852062 5 1000000000000000000
279892172973313350 5 1000000000000000000
746557440411724333 3 1000000000000000000
679104194013805979 6 1000000000000000000
201656462733424864 0 1000000000000000000
592199482876902013 10 1000000000000000000
981878969690523447 59 1000000000000000000
214672757800052112 79 1000000000000000000
288053572166676623 20 1000000000000000000
32322458546179877 90 1000000000000000000
13340015891501968 86 1000000000000000000
821066168572390022 98 1000000000000000000
609808771400728 59 1000000000000000000
248194562793967745 34 1000000000000000000
900910272219584871 11 1000000000000000000
102782890338860083 58 1000000000000000000
113688683890500747 37 1000000000000000000
768461261920644631 4 1000000000000000000
861870951118199567 35 1000000000000000000
779106219181498703 17 1000000000000000000
619114952924070367 38 1000000000000000000
289998157969129265 85 1000000000000000000
622537072004310143 22 1000000000000000000
77995561125903637 31 1000000000000000000
167642350913938542 13 1000000000000000000
290863475660886110 44 1000000000000000000
10687241745099988 28 1000000000000000000
393295281215055048 18 1000000000000000000
600234233818027635 36 1000000000000000000
150401291712446705 13 1000000000000000000
671484656014362572 94 1000000000000000000
627948619319575850 2 1000000000000000000
483971043671711121 87 1000000000000000000
789964013599961215 15 1000000000000000000
10064330026690379 4 1000000000000000000
869444807083874309 57 1000000000000000000
779243836563833933 23 1000000000000000000
875406064843471971 23 1000000000000000000
863563335555575000 53 1000000000000000000
391392287764375972 0 1000000000000000000
743909450613584784 47 1000000000000000000
894828946574413116 15 1000000000000000000
114419789913066271 25 1000000000000000000
553412208834260568 33 1000000000000000000
932327399827512360 47 1000000000000000000
220172763737240683 24 1000000000000000000
331649099547834223 92 1000000000000000000
136495882451617304 35 1000000000000000000
105857732512009693 31 1000000000000000000
871942769132867499 42 1000000000000000000
994385157772500280 31 1000000000000000000
182780566654521009 31 1000000000000000000
900300947079056804 32 1000000000000000000
591049787074466724 17 1000000000000000000
705350445430085075 66 1000000000000000000
617652966231347796 45 1000000000000000000
333723390547973716 98 1000000000000000000
312986154006945079 58 1000000000000000000
888087226587162512 44 1000000000000000000
14736353544445353 2 1000000000000000000
502123611458637735 669 1000000000000000000
366824514110558510 346 1000000000000000000
468681733990425732 524 1000000000000000000
816548041379197558 226 1000000000000000000
234871439869142838 741 1000000000000000000
537301926179776728 539 1000000000000000000
893168215661268178 69 1000000000000000000
78747958816799904 289 1000000000000000000
118927461697320990 229 1000000000000000000
841636477940125105 326 1000000000000000000
146549148568676589 210 1000000000000000000
595886939199436298 484 1000000000000000000
885524014432714614 606 1000000000000000000
316204532995273854 650 1000000000000000000
194931939254493170 891 1000000000000000000
970593416862022823 437 1000000000000000000
922955799437385984 54 1000000000000000000
952279854228205835 232 1000000000000000000
118657917692086999 951 1000000000000000000
497609672019870471 814 1000000000000000000
121070485277775828 301 1000000000000000000
173933764151201529 58 1000000000000000000
576370468564324162 557 1000000000000000000
576945260036145325 577 1000000000000000000
455392633773713001 835 1000000000000000000
634002273286278155 607 1000000000000000000
676458109149991897 439 1000000000000000000
535596531694224895 724 1000000000000000000
21470245258871032 782 1000000000000000000
367791666043201960 278 1000000000000000000
981336029780542922 568 1000000000000000000
813700649405224388 391 1000000000000000000
987508313514220289 980 1000000000000000000
631512257867746907 191 1000000000000000000
928321418981748294 598 1000000000000000000
782597936817917611 815 1000000000000000000
531254436852647110 438 1000000000000000000
266733131042568021 359 1000000000000000000
651049125144795135 424 1000000000000000000
22552014337385670 448 1000000000000000000
252556591864649932 566 1000000000000000000
410461046109518312 15 1000000000000000000
252648521089729712 977 1000000000000000000
228918832108137225 939 1000000000000000000
936293704667707744 269 1000000000000000000
658204749623907595 358 1000000000000000000
254119516123738771 723 1000000000000000000
167382015499119822 56 1000000000000000000
326558031366282766 455 1000000000000000000
680401108099879643 867 1000000000000000000
820473275656581610 784 1000000000000000000
863453073312601938 157 1000000000000000000
53564241486033193 129 1000000000000000000
736083064245385749 141 1000000000000000000
796503294716299897 2915 1000000000000000000
3660690771833654 5599 1000000000000000000
827097356011617608 8603 1000000000000000000
36551061335478175 3191 1000000000000000000
883059461271400713 6800 1000000000000000000
799788678885469697 989 1000000000000000000
110433759865268932 4475 1000000000000000000
778852052716447743 4321 1000000000000000000
89455253032455396 4775 1000000000000000000
590960412597810075 9270 1000000000000000000
516928754826415422 1308 1000000000000000000
941523547562477793 1927 1000000000000000000
643379967511678301 9726 1000000000000000000
709097839591413714 6705 1000000000000000000
935534261444411670 9510 1000000000000000000
885409681178221203 3037 1000000000000000000
998045105472032584 8180 1000000000000000000
219331792176779223 3470 1000000000000000000
688715042024970483 2074 1000000000000000000
625757255004678538 6700 1000000000000000000
444237335033090684 6852 1000000000000000000
415859193099729855 2451 1000000000000000000
69595988769708863 6421 1000000000000000000
91155411970734045 7239 1000000000000000000
902485499857354582 3683 1000000000000000000
315425392799891461 9479 1000000000000000000
459814040799580073 3763 1000000000000000000
206936513518247622 4712 1000000000000000000
916625365780184119 2344 1000000000000000000
210276528583110404 5236 1000000000000000000
328834286585355428 2599 1000000000000000000
248785291204509734 6146 1000000000000000000
292341624567698179 4057 1000000000000000000
935321572290052736 7878 1000000000000000000
411868099941184741 8394 1000000000000000000
81268811000940544 9496 1000000000000000000
834695422971682035 3796 1000000000000000000
59331357587270143 5596 1000000000000000000
556944583906067850 4300 1000000000000000000
707271982007957719 8885 1000000000000000000
641256034903544235 267 1000000000000000000
827032524745984112 6873 1000000000000000000
293994118191319207 3726 1000000000000000000
425617753934450015 2382 1000000000000000000
769669907294562386 6756 1000000000000000000
318812288653112127 874 1000000000000000000
437368295441465680 197 1000000000000000000
54746244304074865 9642 1000000000000000000
416498153683696347 4904 1000000000000000000
414747982271498057 4564 1000000000000000000
995866823412843147 169 1000000000000000000
191131787082041207 9681 1000000000000000000
121748930164781669 340 1000000000000000000
652929374540788664 6414 1000000000000000000
931744776458852646 15102 1000000000000000000
54347448927125437 80115 1000000000000000000
725853394563289297 56589 1000000000000000000
184624390637427291 6991 1000000000000000000
503267310419267447 60941 1000000000000000000
170432090435131381 19943 1000000000000000000
175449587404152390 11704 1000000000000000000
34348703061528872 45325 1000000000000000000
999517039249777365 45031 1000000000000000000
734188961296990645 64715 1000000000000000000
78430946721343151 29734 1000000000000000000
732818249930945459 92352 1000000000000000000
716291972358899998 95789 1000000000000000000
432733499597046518 37286 1000000000000000000
653393282197784378 48596 1000000000000000000
899556804910597306 14082 1000000000000000000
909491605010679345 66148 1000000000000000000
462511297707597717 65888 1000000000000000000
178828434689821657 68101 1000000000000000000
118314153143721884 46143 1000000000000000000
266309903035093364 27985 1000000000000000000
233504271360496339 29300 1000000000000000000
916583035173346498 46666 1000000000000000000
723927131167341019 92885 1000000000000000000
235391410343709517 31879 1000000000000000000
978366239340058839 11177 1000000000000000000
299076111907929073 31233 1000000000000000000
353600278118102175 57651 1000000000000000000
131487500088672938 76240 1000000000000000000
638220319940184105 66012 1000000000000000000
53467706036884131 79347 1000000000000000000
536456759954947636 39390 1000000000000000000
573885418960308859 69744 1000000000000000000
585806468264540983 97764 1000000000000000000
604192949026328282 74212 1000000000000000000
349257122066498441 43244 1000000000000000000
863884908264972085 91092 1000000000000000000
506176365149112786 65709 1000000000000000000
323386790095622366 9601 1000000000000000000
776876670977028529 90305 1000000000000000000
29919036363714640 87789 1000000000000000000
343025726280339762 75940 1000000000000000000
152042928863322739 73249 1000000000000000000
147447196770244876 90366 1000000000000000000
553580690828666576 54249 1000000000000000000
970577520859598408 73012 1000000000000000000
633539430064374442 64050 1000000000000000000
482439255154957048 74943 1000000000000000000
650583572635494238 10023 1000000000000000000
199726809797033577 31645 1000000000000000000
39650625673620403 79261 1000000000000000000
936115099571674127 904 1000000000000000000
378532926487282531 33342 1000000000000000000
868969276539000494 26950 1000000000000000000
140442292779639018 826874 1000000000000000000
620550156976358347 76390 1000000000000000000
219539474630831502 98475 1000000000000000000
93939968465371987 643808 1000000000000000000
786100799341314992 442559 1000000000000000000
369760712311643404 368345 1000000000000000000
793638529934625548 479356 1000000000000000000
716562773260438927 249249 1000000000000000000
968472746024675309 657898 1000000000000000000
527843793408469803 425969 1000000000000000000
188112461729588537 411018 1000000000000000000
914513848782713130 448762 1000000000000000000
353067775838079179 652177 1000000000000000000
53779824490673253 160602 1000000000000000000
667018247603687310 976478 1000000000000000000
628249078881935955 568644 1000000000000000000
385367226942755879 511831 1000000000000000000
274506524744946259 198649 1000000000000000000
879349213051434465 597114 1000000000000000000
213531856313783607 752114 1000000000000000000
872787585444006873 325267 1000000000000000000
748867336582065937 849585 1000000000000000000
714136890117058667 618810 1000000000000000000
38174045190612802 453947 1000000000000000000
334242470990033116 520753 1000000000000000000
825220805017574080 402687 1000000000000000000
860613486465445193 756754 1000000000000000000
489571404195347624 44700 1000000000000000000
585282953252828368 965366 1000000000000000000
474517821580423428 106835 1000000000000000000
473794638924163581 885005 1000000000000000000
539227588383927774 230522 1000000000000000000
336080652978502519 131767 1000000000000000000
439881875382816389 460544 1000000000000000000
119192108028378347 326881 1000000000000000000
47796725818311967 493088 1000000000000000000
494654199578963001 428388 1000000000000000000
641304395725870704 612430 1000000000000000000
829531432498081502 204537 1000000000000000000
988044922716457961 158731 1000000000000000000
638562827335635874 916196 1000000000000000000
541351008265226228 493062 1000000000000000000
333038795447395459 689176 1000000000000000000
747228559183456383 927991 1000000000000000000
948436080961098977 929165 1000000000000000000
302903663390581704 981970 1000000000000000000
585217598972499947 293929 1000000000000000000
135878773629471591 106690 1000000000000000000
792232242817821514 149653 1000000000000000000
297005864956518817 313987 1000000000000000000
46031585612653068 742454 1000000000000000000
89536412304223468 989702 1000000000000000000
129004848359082441 426452 1000000000000000000
651787107709268093 267673 1000000000000000000
813722817554264111 3696390 1000000000000000000
984516870842425209 3777375 1000000000000000000
15953518530645968 7801001 1000000000000000000
266281733935061332 2088905 1000000000000000000
168558502245020425 4325344 1000000000000000000
378756385679547490 9135502 1000000000000000000
530038441306273123 1531970 1000000000000000000
750153266447579332 6277669 1000000000000000000
531850033983811551 2240770 1000000000000000000
757569312054377039 4361871 1000000000000000000
128467360127251331 4355447 1000000000000000000
744387152853167803 9159206 1000000000000000000
64163971529817637 6735775 1000000000000000000
477120629207045136 358915 1000000000000000000
92409644828677495 5757003 1000000000000000000
805119433417702222 6680934 1000000000000000000
396880121976566868 1825567 1000000000000000000
242647376966757212 1268117 1000000000000000000
899827750063044170 9083059 1000000000000000000
629526516112937012 8247385 1000000000000000000
343882564093078888 2250523 1000000000000000000
899541145047401036 4459299 1000000000000000000
195715314833198666 1950827 1000000000000000000
769550210244538952 3666519 1000000000000000000
115628204010266210 8216612 1000000000000000000
458844596171408606 188528 1000000000000000000
394834955096576137 7042264 1000000000000000000
100505621920197385 4603635 1000000000000000000
703315299838966726 8148349 1000000000000000000
271270018316796530 2852865 1000000000000000000
247581598783920221 8107132 1000000000000000000
239860353618889243 9892003 1000000000000000000
276333173592518428 1548678 1000000000000000000
22260613799475021 5528240 1000000000000000000
40128179640051426 9778114 1000000000000000000
686365265160468165 885008 1000000000000000000
65641141383404657 9163680 1000000000000000000
89459878541649435 7145635 1000000000000000000
69839443424555125 8460970 1000000000000000000
344404860030833011 4848896 1000000000000000000
821759585153693652 4468998 1000000000000000000
752186047313199463 5086891 1000000000000000000
550252806890420792 8624110 1000000000000000000
299542025659983155 174008 1000000000000000000
514932895778089691 4766185 1000000000000000000
811520184615691555 2270536 1000000000000000000
104979450525468563 9003762 1000000000000000000
953991663064262970 8759794 1000000000000000000
596284225990003230 6702208 1000000000000000000
678596128301654053 3776194 1000000000000000000
207836583147788207 7211025 1000000000000000000
585287823016579679 7946362 1000000000000000000
615327232461953721 7021137 1000000000000000000
683906723170176421 2589357 1000000000000000000
94010078280037115 43252315 1000000000000000000
579918896601183389 6282435 1000000000000000000
706730386124466125 29291015 1000000000000000000
740051856948854466 11865188 1000000000000000000
762672560103033001 32421542 1000000000000000000
109331495729493139 37798500 1000000000000000000
290535561932482557 1857211 1000000000000000000
162375392106525692 65905636 1000000000000000000
595356889565928496 81500492 1000000000000000000
74497028061808901 50305356 1000000000000000000
955579733496345331 21915444 1000000000000000000
21367947575043770 95365598 1000000000000000000
341399587466134218 96719716 1000000000000000000
967540023943400538 88571817 1000000000000000000
63561113429231322 47245623 1000000000000000000
516970144884335300 85472362 1000000000000000000
810288251624648949 56378619 1000000000000000000
441027733629558302 43308126 1000000000000000000
687662550768246244 7074147 1000000000000000000
411135646518570951 31418446 1000000000000000000
117055701094914036 95915483 1000000000000000000
68108866974438528 20666120 1000000000000000000
879190692943582148 3594441 1000000000000000000
170277420033526486 42823414 1000000000000000000
376655659797058381 32222080 1000000000000000000
22793469119053267 6751192 1000000000000000000
611454945492310834 9258879 1000000000000000000
490726105651933157 8785644 1000000000000000000
315833779182200394 28057823 1000000000000000000
292073262647341582 52045623 1000000000000000000
367556515476800364 95033623 1000000000000000000
441343611844539214 39652114 1000000000000000000
538003956929071483 23377863 1000000000000000000
467504607605273678 96328719 1000000000000000000
186841011884297650 3062725 1000000000000000000
806316402699021134 6589018 1000000000000000000
18164297289336880 54632407 1000000000000000000
54123887906661457 71877478 1000000000000000000
606394727599493831 54358964 1000000000000000000
291869733721303431 47209403 1000000000000000000
831991302249623287 25725435 1000000000000000000
240542736526385468 17140040 1000000000000000000
733809375887874686 34712712 1000000000000000000
324789556435818789 91412437 1000000000000000000
79923569944852959 52365891 1000000000000000000
560967478199769377 67800406 1000000000000000000
404055262159407995 33226100 1000000000000000000
203096936259624553 82495624 1000000000000000000
836218788764976538 45177639 1000000000000000000
429804961975220461 95643226 1000000000000000000
778670311262479764 81728198 1000000000000000000
537511476657520922 31876137 1000000000000000000
650449451594405697 35737695 1000000000000000000
912619806371718125 15709650 1000000000000000000
965312501531639970 232187341 1000000000000000000
140453121023406393 884481096 1000000000000000000
559892362840882641 49864090 1000000000000000000
457539661356374069 332550500 1000000000000000000
921455670044088614 466873594 1000000000000000000
564615912200011337 343852184 1000000000000000000
450612553306016683 154269542 1000000000000000000
88214672970193946 533658595 1000000000000000000
334234330960875971 241629441 1000000000000000000
453580891534036180 908861408 1000000000000000000
433795686383280150 668079480 1000000000000000000
352436440791563191 343163372 1000000000000000000
374028274852644032 826340507 1000000000000000000
988133081498606565 148799109 1000000000000000000
999558248391868602 827692384 1000000000000000000
276580179312744043 852047719 1000000000000000000
643914861943039368 743537739 1000000000000000000
583235503075269262 41761993 1000000000000000000
947186790501237541 995733367 1000000000000000000
408882306999286871 443053960 1000000000000000000
401478980559483436 254903302 1000000000000000000
507400502315093345 624343220 1000000000000000000
775115396579296840 607940994 1000000000000000000
8575177103252451 430212047 1000000000000000000
128162371424498909 690873360 1000000000000000000
245944064413582329 527523251 1000000000000000000
417119321798360056 880532208 1000000000000000000
687599933843554104 43219636 1000000000000000000
486211813390964085 784661054 1000000000000000000
981621330103623281 573901038 1000000000000000000
308751634944524911 232994843 1000000000000000000
44225205079775684 45026992 1000000000000000000
795632625785371373 237541053 1000000000000000000
294020041573196521 110018068 1000000000000000000
329639169095355851 605654454 1000000000000000000
81778989225256379 29965452 1000000000000000000
764994759876492518 377477845 1000000000000000000
20743091752542982 568386692 1000000000000000000
732764015647728012 781713399 1000000000000000000
940973814945649043 354030313 1000000000000000000
853033390116955427 168281810 1000000000000000000
955470463633305969 976610239 1000000000000000000
645123059114170904 17084194 1000000000000000000
859573572809145733 941321161 1000000000000000000
312385544802926859 929083078 1000000000000000000
924522165879400277 720350368 1000000000000000000
170299471118698041 557524471 1000000000000000000
287717198366787857 34066125 1000000000000000000
256810161974444841 799626469 1000000000000000000
49313614475459043 960191037 1000000000000000000
851683874776731803 585137275 1000000000000000000
816895292082040953 274883906 1000000000000000000
95014334465438894 474993772 1000000000000000000
405366226219737040 85580761 1000000000000000000
740109437951899984 1037833363 1000000000000000000
300483642309245507 8755842291 1000000000000000000
494265377963194092 5586056684 1000000000000000000
142786607814854355 7949162153 1000000000000000000
440711450147643214 6596559649 1000000000000000000
989108518263223481 3239218123 1000000000000000000
664958549267731674 619724733 1000000000000000000
303830603443296554 6759121319 1000000000000000000
721226778282203630 6359587626 1000000000000000000
695647350062154602 5353039847 1000000000000000000
392654196007292607 4973713230 1000000000000000000
513871785207414894 2359066445 1000000000000000000
163364456482358262 1328510447 1000000000000000000
463195905579709316 4952923551 1000000000000000000
361701316595364883 457023150 1000000000000000000
223899819521564051 344031372 1000000000000000000
694968707654462678 2527438285 1000000000000000000
283750517740886318 7448823790 1000000000000000000
419883431025121285 5795589923 1000000000000000000
280678847049516752 3007827374 1000000000000000000
49463557922680885 3235780593 1000000000000000000
588049545576348478 9019726996 1000000000000000000
452078693637888986 3824741047 1000000000000000000
656670545769800248 7919274914 1000000000000000000
744381074331867790 5225946199 1000000000000000000
306919227122573671 8278254420 1000000000000000000
126479174463090847 5760609108 1000000000000000000
167023417995282307 9968014520 1000000000000000000
256156141147323612 9890849768 1000000000000000000
693187939034190789 1101453254 1000000000000000000
736364449631446176 5256382899 1000000000000000000
934959918662656397 579320961 1000000000000000000
804274357787165215 5854076474 1000000000000000000
112874041863504979 3750364726 1000000000000000000
243668860923937009 39082225 1000000000000000000
468734754072403923 8767048072 1000000000000000000
64632894848931036 8349990596 1000000000000000000
323553418744809589 5696440935 1000000000000000000
712395294295193319 7230803607 1000000000000000000
169159287849039867 7290670611 1000000000000000000
980162881942197404 3113141420 1000000000000000000
866017854974550638 9601918910 1000000000000000000
522901965578116509 3894382957 1000000000000000000
778438942958778186 3244846786 1000000000000000000
297627334753278826 2600122639 1000000000000000000
851156127412017897 3096937883 1000000000000000000
886171819767578481 2198549203 1000000000000000000
931689680936444974 4157283752 1000000000000000000
116936341024068439 9643352337 1000000000000000000
915129039982619251 3492816348 1000000000000000000
628396642628663174 6246916050 1000000000000000000
565579921716080564 3297511076 1000000000000000000
287153466123951096 8139593937 1000000000000000000
545850220157498108 4099729115 1000000000000000000
273004492291989314 16653125616 1000000000000000000
981657661657691920 19874066318 1000000000000000000
708579879483686884 15468922448 1000000000000000000
324510362847283547 53772294115 1000000000000000000
944055297644907472 25598720886 1000000000000000000
612262566913955099 93462009290 1000000000000000000
863824380613196345 67333276769 1000000000000000000
372850681444699849 89510460592 1000000000000000000
249858606695455645 86840147542 1000000000000000000
471016022982427598 72650952568 1000000000000000000
576904370247666710 10173123369 1000000000000000000
305225111697676900 17593738453 1000000000000000000
614317184267326429 53859165690 1000000000000000000
795856287298637257 81084087923 1000000000000000000
105842996093231648 52496607135 1000000000000000000
230465057819882156 78119829137 1000000000000000000
757258637128781317 13937857198 1000000000000000000
441031216663597009 76555441040 1000000000000000000
45357402665699839 39037176630 1000000000000000000
917990240685086471 88008905756 1000000000000000000
252032105772234065 53869928910 1000000000000000000
843509884704655948 29404652153 1000000000000000000
637181696959248352 13951063144 1000000000000000000
440019359593961521 8483358728 1000000000000000000
518701863072370547 92045219711 1000000000000000000
257483421532762048 83254823606 1000000000000000000
955165287517606778 34682817991 1000000000000000000
239813558806515693 33356666722 1000000000000000000
551902662722113166 13967379026 1000000000000000000
615397522232645454 23963787639 1000000000000000000
323317516552317804 65429147428 1000000000000000000
412425063041488019 81498960079 1000000000000000000
596319164683054632 37480474628 1000000000000000000
378720959275777808 75616477118 1000000000000000000
307091153760438361 77053288956 1000000000000000000
928038795919837576 97573100906 1000000000000000000
358631861265593730 3195552965 1000000000000000000
349539262501305149 16308132752 1000000000000000000
700323552209808323 97040880230 1000000000000000000
256062062458370869 34382418285 1000000000000000000
409680042955107521 26154360856 1000000000000000000
826674383663839694 51301656043 1000000000000000000
164376380290843346 91763893877 1000000000000000000
351407274373063813 31577878934 1000000000000000000
211720825983219310 68348715763 1000000000000000000
595376700949434371 67381337727 1000000000000000000
728609369059919826 53883988273 1000000000000000000
936173201714267241 50308659577 1000000000000000000
849336453844072694 10662413786 1000000000000000000
419785643834333149 49124290987 1000000000000000000
529631152391524016 51412447882 1000000000000000000
823011017308641588 64139773530 1000000000000000000
796244261550758386 5508777416 1000000000000000000
871469873361960902 17998411088 1000000000000000000
738544728324415828 574224934790 1000000000000000000
859583686207269233 179623386448 1000000000000000000
952858759210158898 795978304184 1000000000000000000
255523580600625297 359897882003 1000000000000000000
177971548538420965 703212750786 1000000000000000000
757751894015169182 1478821345 1000000000000000000
182677166524680204 347482151961 1000000000000000000
696463302125840660 228769911368 1000000000000000000
426728270342215708 275472976005 1000000000000000000
278829662663208610 775998493325 1000000000000000000
302623696281473579 49258499084 1000000000000000000
148958857496786070 482748871840 1000000000000000000
654383861853736185 98582516271 1000000000000000000
349996177157876873 96029270215 1000000000000000000
987843834265188160 199484607388 1000000000000000000
623412103041616455 472481348299 1000000000000000000
907035664350382654 411040475012 1000000000000000000
192331807064408577 876036275868 1000000000000000000
821482735964026496 620611052450 1000000000000000000
424561614059253430 683982403426 1000000000000000000
71297243618752241 733458057601 1000000000000000000
808806191141907679 751875283781 1000000000000000000
327682182733198883 756289208951 1000000000000000000
23221588606661978 552346067734 1000000000000000000
413307097027572188 920558117672 1000000000000000000
401427759277687962 231032004926 1000000000000000000
963402950868601060 683764243374 1000000000000000000
172167222935869964 262806286591 1000000000000000000
399471142416752398 628888216013 1000000000000000000
499315635918298060 403322331503 1000000000000000000
477063285146551174 977051081366 1000000000000000000
483506222330342026 757557443100 1000000000000000000
921129022035019098 530297331933 1000000000000000000
672377216892432822 800646491613 1000000000000000000
14191531436122699 943393040513 1000000000000000000
944542696112422899 371845648543 1000000000000000000
677439476179336149 754842240388 1000000000000000000
671249028666717115 94871370304 1000000000000000000
669994962357157500 331828866408 1000000000000000000
133423401189361743 794621334800 1000000000000000000
337181680719816538 970806941292 1000000000000000000
690852755965120226 75396073541 1000000000000000000
196179453494563814 267085389609 1000000000000000000
111621326214422534 362304162338 1000000000000000000
234940532847888391 754819058628 1000000000000000000
88500245973782871 835055185738 1000000000000000000
848816921181902425 492029884873 1000000000000000000
688482934295018342 873160660586 1000000000000000000
715863174805329599 516462734693 1000000000000000000
689925874215279593 550102556134 1000000000000000000
928926505801144106 675176363596 1000000000000000000
509229962923647008 180136703994 1000000000000000000
41893330108920488 687242862373 1000000000000000000
97117959313302411 157641979438 1000000000000000000
658750725456722608 7631131838071 1000000000000000000
868704209631489738 4319805129727 1000000000000000000
963659129029009069 2212755307361 1000000000000000000
562337705637266132 4385628802384 1000000000000000000
997731171666345417 4043884598450 1000000000000000000
927497071870671965 6826634278025 1000000000000000000
129854846368272123 2568349396988 1000000000000000000
665701781390678913 313181298130 1000000000000000000
321055857589947220 4323147820338 1000000000000000000
946660832161741749 6143388677581 1000000000000000000
265011029718533766 7550038155513 1000000000000000000
161016619152869360 9967404330495 1000000000000000000
560363387436573110 9608040813710 1000000000000000000
619856507123595030 166998098643 1000000000000000000
606529479054115971 200494229625 1000000000000000000
695148201984875685 3400065443685 1000000000000000000
313537789805561943 5325330076991 1000000000000000000
583958906039064995 9474920017509 1000000000000000000
486499453096369081 150305998045 1000000000000000000
100176592240643216 4362299485040 1000000000000000000
472928067605541035 7334781280139 1000000000000000000
626861888034712994 2180115592454 1000000000000000000
186603140307616350 5287984033497 1000000000000000000
416748208981208114 1218126265245 1000000000000000000
286414994391049761 8864066893509 1000000000000000000
853988172379855106 8781243741692 1000000000000000000
207471522508676479 1015157161064 1000000000000000000
88544106599983393 4508090958664 1000000000000000000
500435883438978541 5670818246612 1000000000000000000
935065991830272054 5378775878960 1000000000000000000
360286582096042167 8846454773824 1000000000000000000
871022640305813774 8559044023687 1000000000000000000
23511401497073452 6164982715331 1000000000000000000
684395592649621603 1177869934685 1000000000000000000
648697945694371593 7906813774275 1000000000000000000
944403391351690735 8928058527864 1000000000000000000
203612557477413668 8032369017854 1000000000000000000
714857416190785458 5537800380803 1000000000000000000
736993734692013146 4145150039471 1000000000000000000
864526468594645888 3708831808293 1000000000000000000
968775171091252923 8201787743577 1000000000000000000
205099094217505486 856452334395 1000000000000000000
827481268086398708 7669694760090 1000000000000000000
732820884484175037 7162253763729 1000000000000000000
196452129655120892 7496025843509 1000000000000000000
185142856155058792 6603630282358 1000000000000000000
922376974445711805 5715832655872 1000000000000000000
121527047324604442 540093758779 1000000000000000000
478000921445300472 1401528097411 1000000000000000000
743974325240135809 8497990118859 1000000000000000000
377946132977138682 6573297158832 1000000000000000000
119073236546502034 8936917307127 1000000000000000000
550793067904130215 2764761319181 1000000000000000000
457285421204780786 9848107630494 1000000000000000000
488720610251363154 81074680624753 1000000000000000000
38603559878263093 57947134021083 1000000000000000000
283696333424162764 70957616910289 1000000000000000000
524117317435514508 52581952139113 1000000000000000000
613454105844112558 76561876467788 1000000000000000000
302053947716345770 9044152071448 1000000000000000000
13092892690974947 7454528262604 1000000000000000000
611330062093512951 11311119919017 1000000000000000000
839699903560563577 77895862342187 1000000000000000000
415246466273861625 91296523791708 1000000000000000000
636621441659381161 73297068554940 1000000000000000000
565203661907055664 23669359112849 1000000000000000000
243026458757024278 72248024483428 1000000000000000000
90548917798337016 40885762587220 1000000000000000000
323014656361246254 63771437654807 1000000000000000000
873079000064487551 29419844355380 1000000000000000000
901429900440165695 18070421434646 1000000000000000000
214298273030695071 80552494343449 1000000000000000000
990453086629833797 27687733185834 1000000000000000000
39018616726250321 7123450470424 1000000000000000000
311302905868437824 86045093387937 1000000000000000000
49986418407287938 40789399561090 1000000000000000000
907890350442823579 89587729251904 1000000000000000000
847630592618601499 49449688454375 1000000000000000000
631165481862500573 34368302532881 1000000000000000000
167288100505995595 65597515284321 1000000000000000000
643272909332000147 47443077562216 1000000000000000000
978396386026593303 17652815473699 1000000000000000000
608225459517905533 57818553810756 1000000000000000000
789981595975510309 80291130860373 1000000000000000000
542876947891899896 60787891291881 1000000000000000000
472394424460936133 41228890728219 1000000000000000000
221860783599817132 75749862493079 1000000000000000000
964466050399072834 33810130013598 1000000000000000000
420716324790269047 44053092536506 1000000000000000000
687983079327969383 9570005351893 1000000000000000000
561211511187544217 90751457773471 1000000000000000000
265333329686801493 3008024076261 1000000000000000000
772705822683556384 40279556376378 1000000000000000000
101814452864444803 52502098325972 1000000000000000000
147306849194609047 3419277291822 1000000000000000000
548815843353556502 62234538361829 1000000000000000000
267519897126565611 39114867226190 1000000000000000000
341221889408474724 60748024404912 1000000000000000000
101746925804882077 59438970374447 1000000000000000000
287729258301819587 36478453587453 1000000000000000000
940932607662258991 65257232969356 1000000000000000000
558112428180091799 88623409401116 1000000000000000000
711391644264572104 10952704713580 1000000000000000000
773448555013724059 94305041455101 1000000000000000000
882682827074607402 43798653445944 1000000000000000000
405207403070840944 9169269011900 1000000000000000000
96550004185319894 63400597651193 1000000000000000000
793243471806161252 50026636679750 1000000000000000000
251552159914225278 990263872997919 1000000000000000000
985368603546688644 536479293363282 1000000000000000000
814391211079418283 631591730972725 1000000000000000000
456586703897868772 455296006003368 1000000000000000000
185370155056717232 92571325591259 1000000000000000000
681265087848914222 810302959047099 1000000000000000000
725063943625950671 262423265878971 1000000000000000000
913570399646156137 613768492763337 1000000000000000000
824822884038764457 553228316507248 1000000000000000000
663338309979595532 645151802585211 1000000000000000000
634848477784449259 396412934810820 1000000000000000000
798730849278955588 2439240300306 1000000000000000000
515320218918688055 426298220653183 1000000000000000000
562626210655393665 718491539755321 1000000000000000000
256482525323157585 393468906214567 1000000000000000000
73563260902306887 896430293526411 1000000000000000000
976297025425862795 751975157716691 1000000000000000000
965003556522064436 713684254329570 1000000000000000000
465548728094692723 134584654994479 1000000000000000000
925812671397908045 661671542549901 1000000000000000000
602754073586142907 269052369102935 1000000000000000000
980015622448586381 998679459777693 1000000000000000000
208729027766921065 315635123040416 1000000000000000000
69536124354331568 374373528401568 1000000000000000000
630608124755060820 122121476374876 1000000000000000000
324462029727695575 111380001803295 1000000000000000000
666651216357560749 24613491954068 1000000000000000000
868627322968828491 264778433035362 1000000000000000000
819770224419199576 404051068963412 1000000000000000000
556841963002357462 383347786337773 1000000000000000000
726710128633171171 116677052629095 1000000000000000000
683613539766214526 585667610639011 1000000000000000000
921529079779328531 834586933076153 1000000000000000000
27291750929088956 416453833825784 1000000000000000000
960366376088518514 262455089690391 1000000000000000000
847753889694469037 321131862939827 1000000000000000000
471058858410037274 934646467128255 1000000000000000000
907189520930438778 93223610609410 1000000000000000000
279791946833249217 165101522667990 1000000000000000000
860342330669270281 351528859928134 1000000000000000000
754125182621925381 18715105051883 1000000000000000000
303674354518760166 693674988139009 1000000000000000000
785359268684156921 238841213983218 1000000000000000000
47731778004139884 846356752385525 1000000000000000000
540884551038459376 732309495690945 1000000000000000000
698180859617722680 451871702529284 1000000000000000000
674054165577843593 674771680869597 1000000000000000000
367485429217996239 53320648444117 1000000000000000000
127275844368440315 783084868255276 1000000000000000000
254339794810204558 456729857180910 1000000000000000000
92286580787922083 119732137667666 1000000000000000000
179757329548653523 924225979165961 1000000000000000000
640727718278412235 701614290121357 1000000000000000000
992854981918047082 281634297148662 1000000000000000000
661117162947256474 192159966635625 1000000000000000000
872013565343805173 739138249967116 1000000000000000000
847031882172312081 836614671986253 1000000000000000000
462805738281897711 233221798511559 1000000000000000000
97329054351201796 608668367188685 1000000000000000000
404105155076668908 297030342508852 1000000000000000000
618607312884485088 774934684680591 1000000000000000000
581193628018655392 873805010493186 1000000000000000000
988455626493014493 780270327079165 1000000000000000000
321504441510439749 611644092060848 1000000000000000000
127929067807982161 615944572276310 1000000000000000000
231958055250128493 550766994205440 1000000000000000000
298975856538970902 874462562880126 1000000000000000000
570391321914768370 346509056024333 1000000000000000000
998894815316273949 209066132137675 1000000000000000000
538311931803506718 580992929392476 1000000000000000000
784156110324300344 952809185521114 1000000000000000000
385122321570865948 343474469271901 1000000000000000000
291942406179366692 767247010913712 1000000000000000000
187750526925530783 717037892917694 1000000000000000000
976269558235404246 710750954942779 1000000000000000000
994171795201569745 420332217437464 1000000000000000000
686954431176284168 886794830508709 1000000000000000000
538896972589784447 808927170945943 1000000000000000000
269322575306695171 460256117642973 1000000000000000000
14564903546968706 544119977088124 1000000000000000000
844715702261534127 663815593571420 1000000000000000000
594086136172682353 936312705196704 1000000000000000000
974535275053023392 83765832201756 1000000000000000000
34634260327417651 58896132311092 1000000000000000000
361348763676565667 991814810165940 1000000000000000000
159318099898655180 515320328772108 1000000000000000000
891678953627623039 120995817125989 1000000000000000000
97745485214671720 694857349513720 1000000000000000000
355423016524141540 342910988609494 1000000000000000000
30452820777284623 260758532852014 1000000000000000000
226409241206908277 64507855571643 1000000000000000000
567258453229988138 13340731832908 1000000000000000000
437121226362217524 118606123446796 1000000000000000000
74557333464415118 417146161570844 1000000000000000000
76407034504536584 643830844055165 1000000000000000000
747406621201616099 715839518905542 1000000000000000000
378996681719020675 342046314021630 1000000000000000000
763832740844622197 198430384016207 1000000000000000000
861568619657582092 944415325708085 1000000000000000000
517635011651952343 805709587790924 1000000000000000000
126752443465675353 798345359600311 1000000000000000000
315365143480673791 466512400013349 1000000000000000000
786798833349750400 353263709100109 1000000000000000000
250545325068431400 408215900826698 1000000000000000000
182934447994058697 865314178827907 1000000000000000000
516114633640427323 776656837185791 1000000000000000000
982206923087956153 440594460948286 1000000000000000000
236405254453428859 762075233692590 1000000000000000000
767827463100717148 9352123402065 1000000000000000000
632888886953995120 713031798759597 1000000000000000000
462546455844071378 86547692313168 1000000000000000000
613201325031436054 636858936020335 1000000000000000000
22584608469277213 286701038547146 1000000000000000000
820448196128423750 815541027937159 1000000000000000000
533557039850291753 152601644457722 1000000000000000000
498358253220448356 272572522121891 1000000000000000000
906132837270491933 565343280793767 1000000000000000000
636860194556542794 836494211762696 1000000000000000000
734417471628025569 710132739966642 1000000000000000000
516674768030101764 298584435691194 1000000000000000000
18973048719830920 889809311940415 1000000000000000000
647471849309683541 832947800909756 1000000000000000000
552473039470681678 663295949780044 1000000000000000000
341164648438857193 300596468869914 1000000000000000000
518750852148801850 174681393414794 1000000000000000000
99255180501833120 598732495775180 1000000000000000000
718423770584123660 70964398777436 1000000000000000000
639387595275708694 191418164735272 1000000000000000000
518180272631594079 902981583311082 1000000000000000000
425728213642337264 969297565617732 1000000000000000000
326044688885138580 162419976539726 1000000000000000000
973626942861555814 426751846128381 1000000000000000000
585901152618370815 789758970631346 1000000000000000000
86380043330723600 19307052983930 1000000000000000000
937194539558565456 66990590302294 1000000000000000000
998693071922490613 935300315157412 1000000000000000000
242424753804544068 571459349952254 1000000000000000000
313676406523937746 54497764002314 1000000000000000000
265544231822637964 748606963746661 1000000000000000000
796619042139644072 211267156016372 1000000000000000000
778004285185411581 626418709548736 1000000000000000000
202998166456822921 169713905456273 1000000000000000000
8394315671200506 56650854952384 1000000000000000000
282362581326853027 185540455263494 1000000000000000000
385716028460255776 880381743919022 1000000000000000000
102647885446016653 789428902813081 1000000000000000000
547112844525598256 159160997634187 1000000000000000000
306064993855310290 171546867390291 1000000000000000000
94176723869482049 622182474998554 1000000000000000000
907092669271709628 479899159801634 1000000000000000000
442756392817546023 359395777272542 1000000000000000000
973451923137452130 65499028455183 1000000000000000000
368819842379758366 987538743217322 1000000000000000000
931411056089170933 502318941589823 1000000000000000000
208338291122001340 517748834803330 1000000000000000000
646993504988005191 914704297264970 1000000000000000000
869131569178262038 969625992606725 1000000000000000000
486707082987132108 592577463376630 1000000000000000000
202651280004613096 709005910520118 1000000000000000000
230721962830279719 480706318254260 1000000000000000000
362206937083143167 907922897943883 1000000000000000000
851883249157285263 335784820307852 1000000000000000000
181109068936521442 713943962400151 1000000000000000000
317092026459933503 628015944567773 1000000000000000000
482574971755082966 424544859559704 1000000000000000000
430044020062708780 328489777549937 1000000000000000000
421537910083790603 960511650809217 1000000000000000000
472398266591052529 665564056464610 1000000000000000000
40486374180333347 731760729541275 1000000000000000000
4180439603532026 246034973508977 1000000000000000000
175538297422936321 694046647490590 1000000000000000000
710338819959826933 110331162240479 1000000000000000000
793807424113842900 597620690075537 1000000000000000000
928090600495029110 5611912708567 1000000000000000000
75194494367639396 332275603559775 1000000000000000000
463301415278613738 496222385552033 1000000000000000000
687628252110546587 279996415953525 1000000000000000000
847450784225678270 134528905641707 1000000000000000000
501305479964702807 869285721908133 1000000000000000000
119408188018841552 774403524278718 1000000000000000000
342072832061195631 118905732122783 1000000000000000000
768842085878983702 235533458593209 1000000000000000000
12437360309707524 699177262532541 1000000000000000000
104290969817714684 5801663504376 1000000000000000000
118926329475208253 708916187187059 1000000000000000000
429682150923843835 196264532620156 1000000000000000000
489731634382623137 401416655514538 1000000000000000000
898985127703969707 267219908221275 1000000000000000000
690324994899105482 949348992079225 1000000000000000000
868173257453222598 649937570099690 1000000000000000000
376299041104843132 115470601349223 1000000000000000000
613442906068242376 569635155212382 1000000000000000000
217157700207473212 332744004157648 1000000000000000000
100118945517808375 439931747750326 1000000000000000000
855567555635643383 160165158704289 1000000000000000000
520013314864183731 134911125448802 1000000000000000000
411374046425232368 497627030960613 1000000000000000000
145219321555817216 93425984671207 1000000000000000000
628618148076918255 244193948849555 1000000000000000000
702990341792184914 374367833941724 1000000000000000000
844071596344750248 595275484729451 1000000000000000000
780506090591201432 313812317691585 1000000000000000000
478589637434056298 729399484565938 1000000000000000000
976165173983315852 103833508933269 1000000000000000000
433345836122476041 759394112821508 1000000000000000000
797107461655284537 39326567261652 1000000000000000000
438726187015647760 549831767289813 1000000000000000000
385776980339963007 479973985376976 1000000000000000000
514478990415104619 735540058250844 1000000000000000000
829426451791737788 137529350097240 1000000000000000000
817916596803569802 731062998656423 1000000000000000000
177854398159737079 659160069755981 1000000000000000000
69298285778446091 887736171986359 1000000000000000000
79977926945629324 956604400749405 1000000000000000000
900891182606246177 436412542443675 1000000000000000000
692269812092797663 221371956071658 1000000000000000000
489062664995884413 308190596959345 1000000000000000000
763155794260452073 938720095775620 1000000000000000000
126653106403643955 230256728093181 1000000000000000000
647508101657681471 489386485296722 1000000000000000000
760511145183197042 628648553268898 1000000000000000000
472649880567661240 224280551216585 1000000000000000000
639299984677237155 909205600838793 1000000000000000000
263322515589635017 425028605619812 1000000000000000000
69975620962392631 130467038606934 1000000000000000000
637679457274243684 853618541139102 1000000000000000000
619090793530311793 295548001828350 1000000000000000000
644091468767031953 319857962866425 1000000000000000000
221799337725036536 637991861670025 1000000000000000000
25560944776405914 958930611044463 1000000000000000000
66319679084087204 178405248023340 1000000000000000000
245551209932343416 189614055371830 1000000000000000000
9615254187277962 236132093558149 1000000000000000000
143314340576889981 536307177028035 1000000000000000000
483804093581868869 636426226008091 1000000000000000000
750459552371187778 424772548495205 1000000000000000000
761432862974529928 417870064834133 1000000000000000000
848251736756325076 784635629966051 1000000000000000000
759527842641254882 316310144148702 1000000000000000000
783981142909612826 620826023997801 1000000000000000000
580258651664594896 719022970410624 1000000000000000000
717720970210553226 622571088569635 1000000000000000000
891682054888752649 525286797032745 1000000000000000000
81345979042404877 940873274863387 1000000000000000000
