1000
0 1 6
2 2 7
0 1 6
89 9 96
39 9 46
2 3 3
8 6 718
385 4 461
276 2 389
191 3 554
3305 9 5800
49 5 255
6000 5 22113
2835 8 20155
1199 10 2844
37649 2 875064
113615 5 899616
42817 8 44248
545985 6 5464864
594572 9 1625839
3449584 8 7613483
2792304 7 81857476
24075952 9 91129474
19208458 5 73750756
57805918 10 276344473
36960814 8 554996102
52575176 5 712428369
1544075664 3 4077220965
2116846228 9 6037732084
4097586829 9 9507419609
3046346090 9 77893667185
22589390900 3 53332294328
1274985655 2 1725015640
165727655007 10 369193660012
240682802234 9 803328735513
677173032881 2 767212230998
3177506929796 6 6223120894073
4192678403178 2 5121058986594
66766085147 1 1493645594454
47975587459012 3 60185778709996
35761120513465 3 69390800102556
9739444234531 7 24128850613714
901603470728091 8 979725537077896
12152844167287 0 457340771890906
146055644517671 6 222168907702555
6783956916263849 5 7786837779715910
2935724620877552 5 9009902369251297
1168867842204014 1 2428096776434357
46236786619127603 6 93244699864277732
1844019380250142 4 42421859368179518
76547828989217449 5 79098910575552235
732524429396265083 0 965435252145323976
67092125181671633 9 395103966107685113
53319880721448744 3 78883995926011819
3 21 10
4 74 7
0 94 1
17 33 34
8 54 88
57 63 66
178 70 208
30 98 249
390 32 406
7123 96 8200
6761 88 8267
947 28 1011
29198 58 40944
51633 35 51741
70386 11 90177
484371 6 635927
81252 9 197501
262808 19 515775
41906 64 661767
1543235 60 1953835
6901103 12 8993070
83846216 45 88346674
64801087 2 73944809
44050537 58 79476523
150830998 20 878119926
243462179 41 737638345
207232540 35 979889108
5147976721 50 5387932021
1658515009 8 8977677310
2270779549 87 2275450925
64787809557 77 83600934633
11513430252 24 44791945500
21211137190 2 31104146880
563759352137 6 566750739067
38873366507 21 145625993823
275384965128 64 662183886248
5338179457314 8 7079925215886
1892499695125 15 4763519008389
377751362416 86 427958539391
12764385153982 64 22272125786131
2228497063547 93 27555911255691
61167734454617 85 77992646383182
338912538375425 16 454649706656296
457599334795695 8 895517759084875
832478676199393 25 884651372299822
796325453716053 38 829259078798737
63322929265777 97 1044740915379275
2009105802177477 16 2641905321723316
25368135055174681 35 59062186133128644
6315220160767353 61 9496824119935288
10917954791116713 83 16290447378283374
950828964528155545 91 991581662329650341
825444940385827311 41 957344842960456940
139594942679601097 62 650258725536106215
3 687 4
5 742 7
2 58 3
36 727 57
83 889 91
26 535 34
138 839 951
154 982 959
64 54 85
3463 327 9543
2512 900 8463
1141 510 1167
24056 468 42027
1840 828 42075
71241 220 98016
28281 663 68113
301816 582 804066
180032 218 310757
1714450 299 3346206
345600 284 393321
602371 531 1372641
5957243 649 38146436
25842612 140 42057267
24648196 42 71429458
49105395 301 542739384
16398601 559 393830843
369100879 928 579187049
1051703175 556 5004068055
4049527068 43 5775704079
79482738 921 1222317697
40198483463 469 44179294209
5626185756 825 48037823674
1290788695 708 14452605599
241509154526 520 502659809856
377542190264 414 887517672462
413828803020 385 606036999791
6487793211538 761 7241592779317
461724316015 898 6101818831448
1998541645698 136 2046809435384
2507233746373 997 71594937445151
15676459805561 296 24631709522356
4807187648829 795 21741540731290
278778695757142 663 648167607457276
324994423157773 162 795145684576040
429321072661447 425 453686937187730
4767914165396369 982 8294951214871503
758204807586531 450 7419184951414696
537145083037164 610 1160266272766362
973816730557728 936 42432512428746584
22140635292871124 464 36117540121952561
64157179587469571 89 89565065104796514
22076030259045095 584 84555110828233658
155821968226663458 473 453054415154637093
245126427321572404 966 310538614670472687
3 7633 8
3 2354 6
1 6639 7
41 1348 96
11 2455 22
26 772 42
42 7719 44
84 9248 166
618 7370 821
9 2083 2809
685 5192 3766
1724 9618 2288
4260 7291 35569
19994 3650 43650
26854 4578 43847
256922 4805 739971
293262 2807 407009
381794 4653 904044
1946299 4116 2167183
5670348 7639 7758631
503916 2645 6654840
7081779 530 23459174
24144465 7667 24750548
14691524 434 71502405
22926055 9291 51850888
72401051 3779 185093600
796768161 6619 912566434
6113186274 6119 6319094710
269882842 5968 392988436
2311890524 4132 6121564287
7633263559 9745 25695410484
13478819698 7410 44138714955
3804630800 5669 14644125939
50651657225 1155 141841438940
307210419140 8247 423712749149
48315382105 2680 673802432325
2804411044155 8497 4693633380946
755985085475 2189 2248213540035
8832539679451 2835 9844554801796
6324617552964 556 9301718332380
60902842017636 3622 71043653680305
510626026411 8688 733543491766
60894653852341 4375 199963887050017
52311020270386 7146 137807647978426
55728929474669 7356 934595316139107
3138152864821473 4299 8827460996084074
1398321500966412 2178 3512238091102276
6603948372673533 9498 6692707742645119
6110154667384826 9607 6993040032650256
18211059319617124 6438 53341819990083399
29709198238585861 5313 47000904719873037
146606860414602249 6891 875212827990684989
869473206003255547 1941 904979125875558452
139561783571904826 1932 347524022618361322
71425522800582975 5673 141202426529357305
6476815589985762 2336 121141035140211124
319769414245102095 3041 585371075558376941
8084647119171267 4159 592715429795776927
330069856709376177 9732 843424992567111788
247356310080503347 4281 387374643012087285
63869563528942304 7758 189874367166925050
96977364557204182 1171 710004252475285838
93304010303138097 6644 499922048695833176
174661598012164056 8850 359167300334943709
5517928721840214 4828 6239670779655764
12021525364874505 1594 49487107599263128
57382474272545341 5299 230395449931849384
206566550664447248 6531 231725025115350342
68395893097580240 4590 398528430455161346
491620936842798866 1257 607824580742358254
656874581474392552 7572 980861367633570207
199893541105593817 9388 526875002253113923
192631745248751802 6231 316219396116930801
160984023192442999 8709 497375348521753988
355959307420638295 6550 434003640547894172
51495380084466267 7146 415145687189604249
451254274479785515 1401 749269508342327985
139816903659815176 4843 199182589643519340
31551952934008253 1154 116660006785938730
213867175807825618 6088 290833110691662981
246591110234857360 5193 501322834175403942
559004251886396 1300 12425426515746025
22921519078065325 8104 45108594683649894
185627685356477463 3397 442376392082291765
423262731719460020 362 516262812691911816
344680149610935829 1309 544086494928942582
176787758473981995 9217 853929654563678082
60588293087938295 2923 174731390672309579
172551338376662661 1049 311286293581526498
44226716487724448 4619 166169142688926654
196760497070342664 115 574037880243704389
13883673605205764 7121 180771287225391455
168701509586620273 4316 986531391283067797
16243970190335870 2528 34532744446171682
116889967102690716 5936 150287021433548679
206527936642495316 3050 845297707762683003
2488866974997083 5142 119828961307604052
52892285255222759 3089 599351467706492216
562116387135703040 380 924363271213528503
128393147181231608 9266 203005541964908283
81032934553001859 1596 921256978130497234
59339422176079931 6218 258822705409883756
102747859358588349 9873 953346070544002374
879776112869630098 2901 881822214757465731
394571876338427521 6940 832368780868028143
181200247062539752 7044 797608415261878742
148884413657598195 7952 380022814137785876
109143258484360467 3691 469831700458668501
7680479949477776 6811 56871278690029323
508214241426634723 4509 858999998455427972
99055117016540351 7673 263490036276852503
221213704187317170 7871 659445220150003576
331613710001710833 2722 818874103150920832
38448272536741769 8333 64565734913925637
19719951860770251 7715 121629713118272105
149169588710216025 5374 642380630843858112
336612485396592422 1490 890196670167494207
222382113383063828 9939 358263210004633644
100742489789226997 2846 905564320431126900
152050940429684401 8416 278829934141389475
73719513967879250 7037 114977898516912369
29559668890219341 4790 106908627613177885
226204003456257070 9547 669608356680068166
22905426605886588 2610 948557402078880783
508627168349733285 7484 698709311519643813
1168347104067298 4182 17363081518316677
126645946482383050 4519 657274407869029146
117444195218497735 6030 394130584801741438
19999460604927866 6702 632506886422578701
426449941087763185 5064 719700021357179785
354093853922728179 2395 980881112701126138
230586569613332669 4461 500358484235360413
297458680287473600 3504 323250391055436143
4810107944404804 452 428633356692741693
58322875206464877 4638 526041514047006791
244445345774022436 5915 689325421075937741
112185086835844457 5972 392503045148976678
125875116058288827 7133 547269309786914863
205038761465887132 9655 213162170971171892
191222124950064077 6881 390008230397817250
497104453191930148 9803 961190963945394706
93999889510015428 3795 880639640813307148
259411873130393428 6174 688094425485120100
610878131621628840 9786 818328298951650102
38706425769086160 7514 291047182985800518
268489076398200371 1827 548662121362032588
637901216074184506 918 865762319807686393
69311634385653606 8869 84793344356409939
275717638369462328 8616 968813677155067190
67922622885537827 7051 71498558899637802
20486851415644549 4739 46878978247132355
20626718155009166 690 691943780174030662
484844670692327161 167 501067337855834705
765961393087578843 9152 955763761941983788
40248351082856408 2427 772744403462713496
291646398350329146 404 991540115680574256
348865969701162737 6033 507462992974925238
250240707148734684 9051 425376026245910764
183504091301605785 3334 643192854028646852
328356996636092699 654 346742798200010244
138399772494637835 4984 754876436963656378
611062531837552973 7317 703853910582584856
307661649783520695 7349 719856168284944773
337498898873514137 716 658203435177093033
170304424671444591 852 482659764473361723
260301335372635057 6491 730117416116169961
4278578743507398 3315 182189362161542648
172323317659174864 2245 680517605271752778
200493179008035293 9201 304331207954905472
41346003773967732 886 182602086144546875
34008832233801890 6677 67842536738518060
439240152640538610 2966 730066243440053434
269333496937428959 4151 364265175682435741
521515801981022187 682 657685071993082006
89983173827730356 7555 800424920387244852
240618814830017555 4664 551967350330668900
313080732205846916 6161 476241758504582642
394415149593192977 137 398282094029630108
42496531738902038 4123 405419332729291180
878437180912605178 8052 913156612507086777
114155177623846959 7208 331588059000148579
158488362338197152 5270 184218403681477157
704727382796707059 1045 978863670860463255
88920335617634109 54 288879543858746289
41252069988988830 5346 311036723089711594
129878299928944006 5697 315027206322816084
7671469056742127 4775 230399637407011578
606926195553236090 4921 947332627456593192
490136821856152883 948 580177839999206008
257787324828792510 474 722685555166223011
181619741747349308 1651 462655405307956621
155180542564844190 526 237123295325098515
150191281008471630 2512 969501933532419439
169672013478970421 7199 941653583327968860
410184230829329221 7886 818522067030730302
38565894248302505 6179 486870638870110197
1732011856603830 9219 94747655586785061
752018735269038118 4690 833382643056049183
50187189579888368 7684 837322380421271470
25586127294602521 9937 429864343966189417
256031365156443232 6215 399595937634917990
279915400966999268 2215 439426568728725345
159423075946559985 3236 179872479298997425
784475566301853188 7136 953580969711273884
571394461871204922 940 832455976326577136
240385561757687812 1740 604123924154940906
162134390589768980 945 187747575428192209
605991412172939310 4160 863690690638182866
2433467061133145 4633 17584913267239414
150934770930014770 9026 623821063396571988
79205465025915241 3267 684817833367755466
30699048585269909 5555 168802549233175775
39843554888429312 5139 502135671971388319
149544838901842159 8140 973146406526221456
1378754707823419 9554 255963611124397581
18251637194199090 9146 86879606023016621
345689080289939599 3438 373664176454384775
406299241487333054 6252 631438989279695714
519763062020459692 7429 524378239036463167
940890297601930795 3248 943700316358087102
267552993209445335 2336 974748946300421918
242260625088373659 7011 501153013222268274
127807920566233943 864 150917848954159856
809728523478148609 8318 911788413110098321
141503642167351307 9020 309261414609177894
829663004508456296 7351 910940743642503088
208948210001197590 3376 229313750366079497
536963748873707288 6274 915179204365172282
69879835260301745 1399 324340272591040025
62960962308314646 2334 231341644554376197
358527369763773596 7986 488474139872939214
601890730929880558 1042 907839087971580214
184979340946160777 6791 702223546533931662
190902436622759986 4494 726403279042873687
42828971158547298 35 221961771322306031
260915798656611093 8171 790063290029597366
47037871243126767 5314 262996172791172143
232306907215431370 2550 558721122350944001
744399714258580 7882 374608488673610992
481516283770936034 6663 816753582387366176
252880288530945753 1850 406179057347494201
132916161718332822 6511 736522704622148690
342100354873982975 3866 577736609800063401
265259893959681583 1531 361664126974367883
451143405172145786 7611 561165610891855869
24305254322502320 3594 114083751947114508
386023061509468399 5342 807082764670523334
203537098799024972 8480 530758456496820805
254891223716024546 5932 810371378141522531
62124289988375269 3182 477256659282573288
234408819048974957 9814 623460786518188613
21821044901875928 2987 77203981840077902
752894868910574014 8525 951299587721939300
68191433221184088 4126 144624784749850638
75571300119829586 6071 392731644965633789
21889699530409335 3629 35505985865658588
55179458507636718 4684 649481580531923086
47070357703995732 758 702437716639904416
708862554825803089 4033 890720905087562259
204332905062121660 854 483547643454674391
560583973822169571 3758 633411372457863554
98911873321015928 1231 530122942571396910
24990732650376386 3452 184173377517519237
428836981562077900 5689 659208965680366684
177136916186672780 8709 337964098584520567
175135642116745147 4255 662808231781909057
68044859948875897 3534 256007198665087137
301604583263020900 6533 681383229535852605
57718899021233220 6174 60053619839410870
2403821074079743 182 13161025414612178
297365247485936748 4078 879011025981143949
223766400686056540 2220 401044280607170429
7453914649428739 5169 33290623673404446
106586177585441033 1772 205558389344775122
643704021526393088 8358 792751415875242687
442005453843770396 2932 580205460128043712
218752740672585424 4177 669856476502952012
116020078045701483 5907 417688151353296932
433420794778715269 8636 625293319238482953
319463404848969976 6258 859118974785524375
393811418318013977 711 445460438423855488
219588617184859610 5266 499326173270760232
192972735694090266 8661 193086156658435650
400864156364113051 4249 966992640031707165
332901962035702534 7448 685473668178265476
256698116445405852 693 705374401153906969
127686783101864264 174 172645755841091516
87985299958190594 3232 761024533696063713
287431743905026227 8933 841354889045904672
563004384756233874 6569 728794958676602661
302453798996491891 8878 566210173901495362
775161723162710802 728 858605293132042062
471104381849642599 3601 993683662927520672
56464653600517949 8449 756849715623311163
367708205683898866 4521 620480653672680072
250552960009227512 613 344442518016784699
51831530941616483 4599 337613338905709356
34540232356408062 1782 277378576484427083
8556915713061809 1557 10426067713483265
594729876361221522 9307 614028176506772881
64497310542238944 3151 500698767962627677
343169643633564023 8191 832184352111018521
9179842269927142 6246 45811748153266256
43030661680769760 3292 273096005607051215
387964194364146766 3559 485645321309294531
6397739381025308 979 767504898252639932
394709062376991450 5413 550306405383919824
273774726611454605 1391 568759062561336197
228333063409060990 4239 659008929321269601
114295664621352260 9997 741641412059355170
709036478550986923 9762 809806403505163276
298293463994119719 1276 889012329252229083
11682154817045583 9686 305319025326767150
54823591849340907 1668 209082658154044040
217300464591658690 7682 925513523390598982
54658014687762303 9861 254453068641659658
233041277304234037 4981 743956346720546708
76509163153984578 7994 117637595207513348
320552417092223013 1252 559430838906008562
21785803961979778 6016 380253074946479583
283205809250214888 649 348352698315448562
168825496469997008 8833 569335085983165694
128178029562832376 2524 353704547586875193
253464382622032124 3822 724824861412998973
211028510400325367 9676 254730751018558236
406892704740369388 1703 887634309616452016
410951365438593139 8650 841343970002764153
192945072081983281 8791 263097575210215322
263305012503762556 9911 571137803713818072
474364171827649353 4016 746072893329526700
40384092849186699 5926 77311519170125250
173705712662406044 9583 214641672288185471
368277331839061562 3698 569386246095261025
641002679983174022 9442 998251216172876884
5643529558851228 2700 96146921861226841
179062938275965499 7275 327272994480595979
350514142856515032 7855 844674751251554790
34935818883403235 9607 461133118059438433
199034490784525391 6569 714585683450907446
32735490367053238 6324 548820613270440046
110656530476889477 2415 505709601319890697
700206429362273562 244 713960449540395103
648369088976589776 4875 883313366493062024
6086255363139785 4807 9168500080440176
6501258655448559 7728 12884514334538594
15591070765289542 8132 113867666845320749
51214070449376763 9883 290944038644532013
242762343404544079 7122 312977205203233257
65838896307155900 4752 446774280170782716
574559292515292019 801 982005602325952127
341513606940268238 6795 513665481711004477
841716543058403214 4352 845439304170977097
138650128304454796 4243 214888264840013781
332236997750727844 9780 665294671794591582
226982355945104938 3278 801384900088423446
413269313018018152 5901 417219338640233169
593400580508922571 8015 937263395184556899
35963373646464196 9059 694866719846253307
303350850903055843 6808 497934709750465032
117569656918263580 9041 787835288416812445
534366445287412611 5388 684939630163161932
257261518768955937 2179 288450386943588782
27418216039152911 5891 57303469146360656
55530111874100501 1284 61089353642492216
1990134614742531 6544 11127911359653927
324789311763081517 6766 362151002192208648
96210711070592661 9159 140442637411154070
26245844737885449 9537 447463226452245281
422373512428162668 3827 667588012381503725
443693344357254133 474 500387683838079157
27818115190085412 454 540742018002028835
248072914062156432 4755 737063202220512102
165470605570421302 6188 489890485374283825
318423895685229803 2009 754494289858851774
228110120344629510 2863 351738086739714225
11059206149317171 9336 537995224018326252
692362647350057913 7282 807840690728837815
214508292813334694 1109 680622996290635201
10623243904618713 9225 11270394971965166
167109540044908451 5747 294486772898817771
470544896839267162 5710 587832809938593527
154837300013311050 9895 588609019787616598
516380020376549249 4221 570116462272743109
195141391231675312 2438 335641519916309701
898428834995308 1833 31240859483037699
201367524580252346 435 655589818951881247
681722672465936142 6746 821916913723039538
651843657495049 3227 18839175534308914
3103292698086116 3410 407004301402885403
6001236916470045 6812 163319833775170279
130631591166816556 358 204262827139268791
17799365494370862 8491 32161368877031617
288918204068218682 6224 444819229905726674
563544067935881428 376 776446747740624792
283990797451407259 2903 399817466507085688
13480792713032726 8182 188379254304328275
61986034933001948 2621 185954307904717450
34594693889419801 4349 239996675374720274
166926275049970177 8237 656841603697915028
57055790871147784 4771 604101217773668587
867750696905111964 5881 906029586813235646
153614343349721393 1241 203700517131428647
64937389016001812 702 662825825902847069
154404050915507503 6749 874174684491020246
878287042460350 5037 16149020762634606
188750285176210395 2890 791900125923265125
808756958972967939 3467 939625199419499606
405355600749519980 7254 704372235888141179
194458569793962092 4472 288742427820529111
169665899144212971 1943 950185570282745881
3384254413984726 6161 874514634437722710
18089958394035743 98 40793613467350514
393294514140175225 238 751766376220562252
350719852763672101 5719 994814279478515975
126022419953210700 7258 408512091237113866
211720295368696089 5166 271096493961866887
92895998149273763 7371 306593539818408369
99481206695489655 6606 470611642621253862
349473868459196116 2962 595638525594523249
274254509289572745 1571 556587704688337676
49689611877659182 6671 184343470707319881
668684340272929359 4456 674379545486040044
612853354074986038 6151 699937366014218247
541686738440444431 783 697006930298819049
13248074263632409 79 107035066929148883
101633156720224860 6427 207310175445239403
711368339544947303 5642 861455195713012169
342591129942111910 8825 442471107552822532
5154501105408367 6724 564677497937330261
6707987680065489 5572 623195007998917927
241179486439699502 1829 261662045210156202
249236638224698794 1581 451436220949815495
78154564185951012 4399 257733583048078467
190723300570803950 5568 618235831297966132
156562484975964726 9959 482732574718554905
481152406228314651 1054 792130985106628402
724991472310074423 7744 948555215270042130
151303397758739545 3965 418779093043690990
60748093084509999 1398 680822355680111861
2030203045977491 2512 423970912653220601
475172716160320476 7207 848690428400207861
473252467190466764 3071 853430942760184040
632908193444825414 4850 664989700280711386
698372670894514294 8368 704179977312237738
355023947237972293 5761 790383526294160265
100204656123261595 3204 393913218841079910
133972439718657357 3392 808402272423909162
46990415999898492 9181 47552652179561373
13804455951372007 8803 469127177858359131
450241953719870459 4833 463267993614635623
112483711864127432 1122 262025509166777854
73907114161834514 1573 308133458788202482
401431816162928917 1913 777230268810336807
94006509769600146 1692 399742099424951573
606324257196915705 852 758243862007876951
259651076467585217 8130 750349105102476203
72244407279619433 3456 654463901915360248
35623637065130458 6020 76620310816162605
145701015195718221 622 764764771530075417
190849953953753147 7204 351430302587181710
41384932298720077 4700 455199538240337259
176509661743029014 4400 218153328537959260
54324271897458998 6736 699794256786352507
106179992495583291 7581 456954045529094677
278694931163461251 1770 937751644962302770
671586490315975381 6682 867333768094191558
32073040198018118 3227 281358886345891467
177844551531122923 7012 864408249688456651
326245815961222906 1948 921884248182244475
213832580660967783 781 370660919939063404
185112508219690022 221 533776945521683699
49360867686721081 6134 56846906616619018
48916889041929858 7726 717945849816045155
407129880338166062 3506 691119393955746736
77128345081250513 7818 157929594109879258
79903396938880507 2371 693085543110396760
50242131608835625 409 60970903872119786
125943198085840436 1335 547517581291915875
10234648412935780 637 108120243583458628
16450370690722763 2251 19515560500235608
12240824018190686 1959 25433218123184277
8407564511491915 4349 17923054812529890
26666417407795486 5908 154348514900755360
308068963778460945 8743 449748354850840580
54087938016853241 2828 62175990095169949
309756781675953624 8531 393815085629686175
400664087503710569 5969 752796694519561425
158291508320755477 8292 374188689382915366
63092011002149087 7870 247277433818951022
149013161165681766 5416 153224909518419616
196947136745545171 8598 420188200422214061
427816592066295005 7487 528334957598900703
762128673565281424 8906 818114680357517162
228635804793517979 9537 840835541987921794
163984510554603028 7186 174717413530491518
476298464123746714 3829 492118262484481468
553601682875626300 7863 789536811610530701
123390123878960437 2398 265480393927017654
250590581915589421 5390 460777227555290355
120801990224949511 328 228005853823349337
18293729917006264 8473 56171992179955885
147983668765584206 9425 911098482612318472
59925130024487314 4473 320008523947451230
422383811981463810 4300 439183202095803073
746561328026856434 2051 782439481562269314
132372843885603747 9927 199557798877303946
9341578113496453 4707 82563560114290482
322248643070554658 704 606246850054164449
3256696493839631 4335 291485566043598216
199975844013932447 8762 719514305325974123
319362461853575536 579 467440614363966111
200969576098967851 7644 403670649218459069
70932376988490759 215 938296659308100035
372341716083961987 9704 905908441138906656
56562637261432991 1145 163519048576486733
667426809636550552 5095 701313260736743569
311986757190029442 7931 611278455122328763
528342380944426562 3129 955211969788399608
131679137946210630 8949 956978087302815759
374078858456702343 3433 611241203663549543
141285945748440957 1534 336594853830726597
286481376474482981 2373 598012737762036723
47204301719331777 641 889326705654300167
459174261829905498 6607 917525961929709943
19848905179766749 7312 69837247570858263
64718433555387474 8487 207702987496132212
155298904720814998 5689 335826415012737862
24794547377553960 1922 26317265723163617
713881506873431739 2002 771635213898066128
67983821947435915 7014 131656692802683760
456315333412516158 6621 653748708967423602
432061092219179993 858 792596907687633235
446841236653268198 9977 780832145233344290
168842226551233845 1089 434831214021678625
569412130132949542 7098 901014798610032945
64333336783274131 577 620076461050434825
134282503220455059 2927 632702416514630305
297473247282432433 2395 806416397698600281
137841542998823485 2207 193592739359293125
49949214844642487 323 115855613728830255
524857430154628189 8026 772559611094182171
269206219567508398 8674 587442773806749299
380057037986907351 930 587486432314792246
58465604049137948 6490 122419750618740068
48425414996359689 2383 881847336026701210
154592675736715179 9279 863248976270314332
241073425027171673 7886 271067618836754946
167766825984472307 8265 525178221746741315
151380977024908346 9721 328005493947495518
36626365606859949 8788 219644706760472055
466800640727095489 8688 671737321101512710
400382166589040641 313 948082835223220836
51222556013307343 968 318875722363389403
346516495582453079 1688 944136039673235142
281267243244845032 5668 643582668512672162
12165080564641531 1258 456748221094515233
31238000032085569 4807 319766196779327645
566008795351161875 3697 832641236082752254
122929142459785215 9964 347938958996286828
679651192812252775 1376 710916657309613160
121810254158691571 3743 430269944718423331
7288195563772097 7766 133670711123845670
579919928560142112 1779 662141893739563436
599629368257739900 1487 848068792581746746
775334454921724435 794 890362556325840223
3893478552942538 7755 21565726154469787
485255264022925850 657 986498209622442975
587151401173573309 4978 874631420562967086
664581253424983227 8211 678952146338300984
595780970571472910 946 914259770071033867
424888495488299249 1956 558457071001727030
577521853879109948 5728 905908626954579950
204159314941444704 294 637935708557690121
266801447393423019 337 381331905767457019
21884727891319771 43 102199605721110807
94467765869917258 8060 911799644999756726
305979165161736395 9424 761482178342615840
84190513355232466 6047 86334218162092099
501358517451691121 3972 813434856233576089
3590177840421165 6823 863793421631363034
14503911004050028 7287 646766478540966210
114541853796728194 4627 787316399290998158
75021008043561096 7309 440654760519243274
407789205422603826 517 842423556835711551
25883782402532490 4877 55463780150567204
286347900755022320 5647 475788374621288413
348190200283795305 8877 588834823635779946
250717158181758877 3279 374730709838639071
132119260206500654 1846 178115305692033778
697856433507621568 850 765542741501638915
543653533281425048 5055 611656517069862639
201756876565405804 6874 368545018717456456
452279928119626279 8501 872284386482334922
275632824533639226 8732 610437675439096105
131694179160799076 1238 707037500612796545
36524822740997287 5569 44796143198794011
183918438479127496 6053 266848639999134272
72285099979916662 7425 957083759845913161
77808002209577738 6276 295053121235958590
187351574062862360 5760 212566359153299855
590729140687014197 8968 728950730348884953
39232144592372383 417 580669105690825653
84990813338310843 4107 250947425112874741
762509617000737879 518 964334468754929133
101063407964586462 4062 356815186087227026
91717612057951937 9133 556640407509091727
130618435808576450 559 573973043189454253
6368255569304909 7069 9189143563037460
143302245368583528 755 615717891558251352
399109018842446654 9809 756235263192122449
207132533521806294 413 704806951025787677
60254304685921169 4870 877160743832758773
348015113864212637 6942 444823218455152272
79545388325552062 6805 601911181188758596
82875102107416326 6259 139213601957469235
43976106571822866 8333 640441480000525077
83103448654353346 5532 277287005322692495
98637111734017448 2359 175703791951047947
178291283530875206 3040 426143713960046223
102854817863509353 4636 445852860340910608
377083169282611546 227 914264158892650528
268404152750272944 2987 818419958452788503
445685295173276449 5108 520961595100035079
262975657618149295 2698 294922480286449939
208192730138215258 5330 446535810941602819
25328151653687123 7155 29755811340754226
383358899763336545 3789 991661783783099940
418992881567650192 3824 854858533481907295
228276260886524615 7217 789339128634388586
15246374297202734 8151 61358275316308983
40673878161185102 3523 287646227564254625
380094227672658094 2555 443233199705707979
121273431485666211 9002 883615355523898236
132095626857419288 7873 752346508265605462
84673093468212567 3626 585265106928093681
723043647616292976 3682 725030270327588928
8289498195735901 7349 223316324449559509
333011046508372198 203 574632395784047123
334495173045495093 9454 948733382611391672
417217842278008128 921 495200202089663293
204555870413719189 6152 750366381323728898
386941791971257955 9065 773304120601213766
24670150932560179 3823 39801695123060046
332108992418032960 693 416369638035084882
333875700151322837 794 882997496656866823
244850833153875 1476 923032626691032538
273847569949833780 4995 899923874339731521
34321807725040265 1155 38710644965254311
537663719407060116 1335 815619727307055834
111986746056426380 5827 143881590166798864
342195585880337613 6317 631938673144200914
914511811368203869 3793 943351427382771829
192228757378105141 9826 218111661116729831
61843196968987772 8494 322889337452489467
24447781279773270 4544 322855149286889077
73886392828441739 433 185356201454149257
345435871864535894 4886 485115058910416013
512895407332169731 41 944592053369283075
445723435243974224 4473 630070690393743444
44610963601208194 4244 115828155820542406
69091181822233111 825 549268156996475294
42460154790247771 8966 625795457763934821
228842198980030418 9163 425850603002644682
80710637747905682 1493 279973719424933538
336431204032608236 3600 370607127646166938
522374486334552898 7162 693771971174406936
56453913828051792 4843 698095632021825608
365032828590827300 6895 931097895633032707
624378019431796707 6793 646659081657208062
54426134041186406 7976 82554100450434044
431666471914201427 4218 560184789364869515
403165251468332508 1037 415204958517266105
269756933771614507 7585 727090390809477958
63645807055771397 7769 451053207008780083
62711645176508200 7472 375667214748554957
69357137517053757 5172 633814616201649532
5871334648749276 7965 920718906443659518
31048454898320352 9243 321988266429112797
229362038410094411 4449 237331790617560886
6852365352483136 9713 19840582782935860
34649520090774989 3636 196016189783040713
396184844098580223 7419 524623324320599692
112397166948144073 46 210397771536741314
439178527540829705 6075 722698476873290750
280920707298895469 848 765389075305047112
269585183656529061 6009 890135825144636358
25399451077295723 8690 31573344754758629
264841610074915374 5184 516233778262974603
321786260749458918 6636 835994175743402738
40102720167263900 5134 447527888504107802
749753427306678 4593 368647181252766906
295785934704606588 1806 701016673000895419
2545564422972389 8981 14282682615505837
569305463735513340 1594 818022226597350009
147787417635142913 5160 469940677153387476
288703753077113535 7408 565150932583102918
18572667470064366 8528 29369047186882943
72968496778011398 537 156608626299849633
812840065017832992 7214 904288563099160799
94864220768713963 2368 453069331787495558
57764561778162445 8851 94307053356753385
126280398097724046 9509 511081334841536813
62153421869846443 9905 644418789109763312
181739301920315564 5651 546727154298326440
720590708201034652 3014 883511110067017958
167242289101032358 7439 629041150928261560
178335162133046940 4244 896220838284573911
6416825928241590 315 110634890123592304
90611911036260371 4391 373116437562714275
17422197622535501 3488 46943223118612750
416115147441518198 8769 714091189352624380
306664073990801571 529 428533365829778080
170233090481255588 1131 628710188501041071
407358247590382447 4342 634741999804006615
492338177131471666 7995 499346074479712834
251805000019091687 5662 589648014269305648
21404163308515952 1677 25731736642060880
30615815469492111 5624 34869969804600951
232987967286637439 2973 905127146711816340
265471283840690150 6443 796371023074940155
206078478145827837 6408 291150797652093275
182525978506135302 6479 487159221160214233
71189346434038643 6391 948413824652749536
521035244690373971 7389 962501456021810329
66117569408762290 8222 211337372529527984
412498428996341476 7026 946656268402733174
2768880219229382 8259 28939759232959693
61710896368633048 7011 132527078980849848
49586651610409579 9931 138356673127234192
600204042701966925 1751 606189093769304597
128475052702459330 4173 523284727765482565
164040660888811236 9276 203963808087177003
66204647832374465 7626 800598028879885548
417368415813870302 1181 573398715259503585
154609768413476304 6070 331116118780914196
542089775382020428 2463 546546015619216350
246068976994064341 8003 453658759372926088
12110393874223639 1686 105625023068599011
322185801631277537 6139 425862018828298583
94613621216717640 8349 513922202138732876
313049899804460070 2841 969395449589070655
89468870975640737 8783 411628573660695600
894059195233893540 1148 996840319158569158
423618646041146993 4260 528230907776350170
136723906432226024 3982 263206573721982375
13633387587100611 4760 175377387763609388
117374270331926780 1157 272373138600159019
532902328820931780 4551 605982279491058232
126899725257808409 7874 243144981707264316
72600129416347187 6158 532142806798874360
418082880116423592 7672 883850543018696804
53776112372089173 7163 472485193896982795
238494923936262472 9306 528092424995445672
46417203375169841 9197 131370090927332530
404835226740212622 8392 510508639437430690
223896863762904946 716 227724374086478091
938326972631069277 503 985210332995571426
873655511548634116 7741 965592600939388300
158134468415777188 868 198713473323193222
219389072665993359 936 370259774494721731
173264627345493146 2068 347395913917591064
282385927875158836 3557 555142602625283661
152142271586206759 4792 164754396564049320
804026041239433244 6923 966054893425048084
59334950870035702 3420 138410443220561195
71345580722339519 5012 262290408496426701
131558592965020225 5585 289393456759026195
190790536292501779 7603 212489244454898097
55961715712339089 9634 701186978678097967
24966779651649342 340 125470150476608891
85319857584783326 9809 261526865353144005
594221792198291094 7716 780631322490560163
120229722854559572 146 466955484163042029
173921889555248042 4077 201934131095554777
674009474608233593 9898 919895392737571633
157247569290924055 718 525840138433238980
29306600285596326 6663 500172187310483555
155917215254526143 5723 856175316033748220
316659648498226434 1099 375980087206166462
99011290103870832 6835 795709872404065606
221958494580996389 9451 249861343424528961
289160606735378072 4548 620966647450170127
337463521173476511 2180 485610400125691207
203981579361855205 4136 414930960314737707
317657862307554330 2340 411629388328468587
390721036526098148 9018 522060963775006927
516351469838615717 4173 965688763529976988
379298054165668481 4027 880785062993203660
653852420511335190 1919 656647018761672828
120227082082497966 7299 281484151517673998
517294502117113611 8906 871029551990857214
735613322565586515 411 999792321573007189
42058630790623186 3931 44197822461093183
108302667194994884 3913 436654415141789235
372624451869007454 3561 377537753611960484
125015174310446648 3894 176880447152192838
28562064128633713 9033 106799183227661878
215208347108763081 4213 463156314902229942
118864902784147268 4995 364591014577318458
140634875924782031 6505 186955520806467313
23155131424212188 1327 29317479831060245
143796454419934436 546 873239772806265766
731767245286050678 6006 999341310423518815
29517073371449711 7116 96196067166541312
69408001888663015 4038 80347248915943238
434324148611627975 3795 860113787043996965
329524755162511311 4802 478477599013486117
497225955781507032 7792 688517008989545966
36731343197652970 3981 90051501171800420
20107061534903964 3830 290102817734215912
232675151529194775 5209 302513581159270291
769858762911785462 776 968893417347983243
57077289443452567 4684 80296614825689794
293935606079742711 6232 480460435169935164
329441492882921739 376 362177782991411437
271762222961633238 9263 735262955248988433
118267079404035716 6276 640210116655184307
255669827700871827 8315 441284798719409016
534979861209692929 4274 763282852082125066
170524171293615283 683 315929279006381553
162582799975667979 5313 302145798935993814
47736760785946601 8666 233688054852984983
617907391158337700 689 859948799500817598
114770432524131650 3195 279175221753079098
97554819916112075 5928 756638080652814438
447266699665741187 4227 862044400249490881
489959429811188266 5043 649632577606472939
13144832315440528 6094 114217959736822718
45638288764841149 5747 57230078703100575
23674414692772065 9764 28610838979816787
99529262358203162 2557 190713686082696198
180855066040832359 2107 193180505988832069
456744817190302257 4794 827197041820447505
63230247850867199 9447 514578434719513694
237837385778597475 7585 888247372943751578
19052190857671387 7536 69665618446531080
168292060774376697 4313 734755411082006816
428614036991363168 7771 447662392974549543
