4
2
0
8
1
6
569
171
27
5376
5335
1801
38251
25127
12914
152151
602505
389827
3793868
4442534
7823958
3870942
4480922
21658564
571510664
472449136
57387472
669310
4646360840
5693492217
23346849455
85960060557
3172920533
72607716899
5053116957
94914341662
1967995736614
2191768769103
2753170358671
12634880634743
26798713987159
52725050603108
310293707490510
153642585288149
76770774931839
576934446048419
3341398725070980
8341981488729866
16836465954786625
3086557142881353
51073265834753961
207223590645999652
33314451965012069
664385672435695754
0
7
0
41
65
16
580
377
279
3534
1597
1409
29917
46849
6733
619989
291514
264855
2921329
1456580
493636
1952134
8164172
23481937
74799507
330776144
2517313
1137008423
1412880449
84993051
24457722994
17863025649
26983680030
259970134720
85676011012
777802319303
1389447462479
321393191958
8462635558679
627114980783
18760214556089
1744230498070
100016706287066
409321226971964
52334255694413
5267880145541804
6570498210713765
1488458315722879
61160654730046451
51792776978008613
14578461468914362
214535700997718839
37255397226315351
80273068150336927
0
2
3
28
57
16
1
879
29
3213
41
670
53527
50491
51604
308464
271138
540593
1666649
55072
1324327
6729012
1364989
54223189
677963963
42868879
165066655
1449967737
2297042413
152084531
35407684779
357908034
21812764479
356260892480
144389211553
318487922999
1038880588336
784513323709
6130072375140
51011444821045
56435694192977
9951055579449
322466700279914
128211959608309
4211162781399
7229342053014447
8171700867297011
7781440559292937
43455344865968771
50499243833154156
74138458446751570
1565463700329932
202243579025406300
362731741371781616
2
2
0
8
8
23
226
404
309
815
3119
4369
38814
608
6186
2479
375319
15450
2664156
1228682
66439
340537
7270907
1320481
758042979
2338312
193180313
1757031707
1871373279
3391760117
18062650266
22667261677
7543936139
326081045519
95713945280
41017986086
4026083225406
8506959868699
222387029565
54939456255166
21611709726204
11460670900149
194313480527415
278289491430139
31355141979796
5543056529690370
3594670957305566
4133175868877426
44183579363476949
37913713033009029
35943476521140804
174623561259700701
375842399192270304
156465172335968209
123568009796032826
207215163383525167
974529266485000365
301670197364393331
95064217456447009
223353433472286273
254304717248216893
83032986727683111
590363804620379096
86949334977021313
605508154408225196
822088851020104172
706595154040960968
420011335919228063
522334211740971179
264947566191682239
264378333677293463
436302341378011979
675588413753479421
2014058481037460
13192485318448037
444078742798724399
704267108166499213
117355319392588155
56648553768219656
46196582077864026
486871866592358562
68490559012085043
65125292877270858
926860935032992471
10296014886451941
304445241761530
435762058577720796
61155271434740056
764761325765275790
207386897638829538
468341026767313569
93994523049590401
441652996814760212
140659049038690453
306589929760727002
344218783286461372
8189050902114083
139452036926163384
42569278628453554
603808011564974469
7684825138289229
579523211333887570
11066576027614711
221384269390224579
425204258798241579
108838183037327549
5293200314623991
123797200217172554
55553750273100340
36354798304881863
226359834940345774
2124659787877029
59094276584619989
166861675151955587
110711357456314889
24373188246420479
84090065357042592
228416929322449981
329856397578635922
51090930227346569
296961798012968856
567003210659296229
208112342191937725
40505693005915223
230448977264171889
151391961030098890
62105291822766997
13586233874190287
213644512094897349
573906730016058210
116993399926556748
158130853495267908
255009996344546570
3043779234157199
183175058603470499
40423603780343438
30904548806561664
251550878405485626
23183092372899466
25883568005764979
356641737722748007
3799550300215237
129910622441103739
447565822437272551
41705022146846759
253547316114317666
307572606786928742
113100471944977623
16567815011360056
128645865122136081
536172019185798559
89879291187890069
212367620923386973
557746833017082425
237908541272483414
756017083174158781
70966129528428411
471293598489142789
62248972336991753
437850728741560997
150947539270089631
271922396954997101
577833676168955699
512210730798432969
441450094528719222
217794512173285208
439253080658047933
849008279078363286
152910969721943010
139915273702519230
640766950794010821
166304047401778881
749250394867100096
86781416499789218
363530041592863487
646358640217540071
286090507451344413
439945071541317673
32950249394291439
359537710406749696
144607550447199890
282170707640866459
133873750864278289
59052886081589413
44780588015713547
125011528971388734
406451757569612584
234731831129033729
83631230546378959
304092163846246101
125092720126159980
71484360083047752
130367509195558996
603834500914623476
21588934341638809
3669782644307761
162773383956407596
285732554600941152
44160774003487467
93513251380392140
163992556635761745
5237019130480190
9825636320862901
183917296124475876
620699541245910858
309960403408689166
519332241940226838
251507781373871900
332419962026597299
66698877247640384
59290814165009829
8454262974308267
616609237722176112
113940521960276729
39185522608297979
296221911061851270
82752229805394069
318723183242626027
200938135336184227
1287549976695322
34804166524989190
25181015164537426
3611125171378679
544322827930926515
5419332437037777
526539341081757879
321642380050547659
207382269698822314
178371120293200733
539470417850812665
8032420407546525
351868522763895929
38439050294000959
2687256339870054
185037199312207290
103280710575434479
29986244679076066
113579142614205226
982209241598176667
567964260033694608
34906319090651610
147082749195085859
75134623906901021
43646368887998950
536433815446697647
11021152715447579
560050857506113364
559792564625689225
167689502893625
733832656332178201
616641342150621659
127199173254050604
43361698923954184
20398171960309949
19373893659386369
578501906160749986
543349121451129839
221142248748572574
59574032588623741
453960647720447859
9547679350909710
140819725693344964
605420489653043680
37174325695668127
86658085147549021
99547243871493550
595049289370466807
343657602570978576
10057565500294759
575711392866036706
29652243347834486
443668996682868112
620389080155454583
62460281753468219
199551039394472910
264695109432637399
288707159508483638
70094543139916015
116393678020870058
28722292867400499
214056930473967670
292830290452339581
146655291241603607
111198628025563290
48127159642529697
96729228600707064
29103381191299019
25646511741892586
529192515643196265
439961934505137017
18031432631439173
1563664437612762
38619070136669426
6183423042600820
13640988088145049
8407863025134483
182611095038399809
56571718282216071
12940744881767039
667718592403014469
48690844577830437
98075373150874149
8776905363531429
311651454716625840
176747545001178306
2995994780828744
9918338572896210
32023707035283655
443721681225080827
371303779199303662
427017025306068379
212737741930823813
28089323509285483
92629158626934007
488147003963102652
88900372236645943
296310533322372269
550630803409205654
230793667776119483
444332388946414779
39285579381165043
183599601741440459
1399664864218912
17365854957927713
302415731055616039
95424648889366810
43739851727331772
352839177689559537
830076217839569582
263361243089585999
89845762143039426
582852090087672773
600579536653214940
188349609915155492
674764778868595790
179920812092573967
40606414406284379
290229872888971907
5054363054743893
120945907180968919
10199540266951959
119045406408831771
362814876733816240
714542865549777110
14371954677636607
84565587520556554
47992845004447642
145180447099212456
122121955315045012
115219733558111601
228466637305205773
215712009012412684
317374499195906093
119236333341911579
115323911387129144
56692579656222109
220353929055156177
80802782090585945
160265613081963611
139958179088766579
399436573505205996
761678429579588927
388264286269730337
269252954605214241
404884482961117986
93210997225443489
476670427931540622
74647039071760229
43467220935168156
621372989604657377
106533165525447390
26187431263817721
7840657236995341
530941050854937611
137321775129384667
88468711364353153
494327144287985427
477811940530208567
434229258214258401
128655892940658138
177893967948997669
51961031171309112
285978733375377672
425820704346099016
101396215205712229
166612904772906447
411098189174315718
35333221215926076
62255028483104948
60323666028734652
18936122292196260
191430169951412940
399279109955127783
81124205952689299
11513055503251368
62002897810958736
461900767010860662
318460397674934699
285500272986035837
85860770133201226
11522169192849423
897707845289018781
32595045403779084
311849743488598619
41804329734828710
426381753778874041
536249481813244771
246578876077944722
625562327738659366
522893354629946969
512270159249957166
134028103180566612
272104070148876214
92260657305320612
89246225615533917
437384176048290059
669534725369040559
35161272259066697
39554539381024783
692942620572965387
345357348359228491
226513115114996687
149352318567873868
46480256909351749
30480612202443477
83667891737810894
366246953555443327
124579307895825826
881799039965161569
29944726600062879
6417799069059940
376896599430514409
135797297450760043
265034975178397081
121506995315559580
179228535365339750
23964852356149611
97164576565264269
309737965282006651
154618509422196512
85375646561234108
525181987125576289
423066292349826314
310041251812054273
150632019415837999
314695120599224129
3617321388001666
287913038071640280
17170467432093927
139894485067434919
636922746198884961
16165629056601758
74418851763478987
118765373091488413
77512323379957918
132850343313839769
484291241228660199
226486915999164089
6471578229993094
8089125009575934
180551958473940168
390553534253766716
52433710344838599
310515083970003525
200288108910568929
654515900576748
349781968692553249
7370577824945779
223074212635383319
450485070840279807
485129046626852166
247177432175552331
70680698347678222
213847888867079189
171945764171678019
18427083803981439
9998574810370423
13300283064844382
1596315853097133
331809641434573848
396820501670764320
118588333250478652
185487960976364381
31381915518911410
11339294193506652
23042295824974581
437224467641718086
241158010951554812
282423484919347122
178484529648741899
109180013574251801
22027693842408112
101175492593853112
856473449271290947
370574771628993707
143346523504548313
253064026485748208
92749527751866516
520345203730194322
284672896199558902
109219382788238199
207886519826252399
156688233519037437
116072933030658567
65624692896765599
814313505854358100
142788715681065262
151398257384896147
179012383297697819
421439159385972267
74710969726682191
476476386515325454
455997039530080317
176398485906590056
160069321537854914
552072963823063058
555447344677040349
307216840885818003
104668862232758439
359697612712020876
35200567186572310
182137037541583830
27885315822986169
38676960906942555
325783297518005173
183635293250960847
19382159797004466
30925174491103607
720537472114496430
322278114581943155
248122717594804286
649133305010191983
448136222054414419
227518114027666808
123887756084185069
203705181429919121
482454658892761590
85634713156096412
36539016393316076
75828083603022179
27119098679509193
135816580776139279
192275636221002265
47502869166863586
300294480078959413
469289919614933449
545376657970610227
224728164551058419
55440985807789460
805113027824228420
6763719791792655
421833627539241004
321130900604069023
6455510615982355
97917055154817343
124501288286217959
628860208473826951
683824844453524197
241005710718340862
169056809855521369
89598538339531148
257799204408510638
405802361548521230
121521882253237748
64378813174453329
72719982114350915
133536228017080469
39780332576330
324318835602505456
215876701310548004
342643439077940089
55152047860628532
310070332070934364
177360681887980271
52116573876247483
573028902829210461
511953525667263
70373634829555813
1211772187365139
371732789954033801
169547134371260111
104510925396433851
98204983108717407
573516464573801181
2276034119024152
365901398546401569
298907489915655930
88732821485289147
829504977093779874
44990823969398858
477583881777959159
163576273786335767
65148598917781816
137853076982103618
247088116157887487
445486428775324471
99498964141800711
31847522188603494
9383701725671280
40931443355836059
146615686517074440
40381169549429816
187966355682048526
124606931657489022
102189090231552789
365074732170426176
300395489049153069
30339321267569844
88144644273795650
674398389544702837
123984618525464821
517923555515311896
646340231255057781
48266895696484392
232841705216173199
74854517222110934
211596871460624070
114989461478745903
21291980789810414
452268191528031626
254386043830408971
74022481924154987
519194160936803671
221348738539484776
161233968894431371
113961330726826600
2944066144760845
26840730986498942
199665737450024337
504349582085190987
36530939758339579
164928947488745604
283219809349705038
391716583157350839
714914924051039820
399403743607506760
296663591036551127
390444600432989658
215034815398537933
250917243633399103
677699557430198777
57998519801636368
509338702556347889
405217233531330111
118887518736690937
386134963786095854
355371810119532715
456563223017508086
18771613403804463
153585462331764904
398353532330355294
979252656505314379
409158006337876347
542097709874142003
649220359105808309
291784317535868325
745548549724155186
175328184935501865
5328958158005166
24953198052545855
25135133873671418
412762284428703369
221408698710663011
233079218143998069
36292367394066643
450157708993821574
336169391697115681
237626244953978719
190920575958268219
128644709261195000
31023234435686
126135386643721362
122558388106364529
403905065220541867
422175032975988711
74978861378081969
10830391341605189
124562995945671704
25282007582312954
395384824247928439
57167649004295697
6434181796941601
852852139923924364
378328798016807930
482263449317011787
25405511130114027
587481854855519469
111012793995029859
409799762480171926
334046734974044766
16751744717276000
476433675594293883
75386722045169147
86397584877442937
147675272952091699
246197679155257819
601985946643712539
16869835462110081
4300459927198194
188356669433457053
36952715374996850
638966910940173791
756675241762959
185734460262053626
684881951304732427
666668874909542867
552694995420257179
604484213828061489
462143674141825019
425624966568405866
103568572971547057
546412292960858312
77328788071278860
48645219766510538
399030811406051850
100309254090438821
39434694918600515
162636958126416679
435323391423762869
48534312176991449
157526966374332240
112441689382606603
340220965458692361
23485059329765989
310648052761198811
47216131910140531
33313231042142627
590087446707196747
69770921595562069
24121964637806399
413362432972146051
745561973723589
235128923941161159
533426521004199951
493472519749390913
37220156818119852
62277687930188439
46504698858684693
82867187269446769
167342003869261039
69269517342284114
203901750053917357
631293954005036391
117196093874641422
1292643415173650
178360944409224515
53382537019771637
199891652259427712
24891857864464527
44794062314610080
233074612141562504
207123956077859616
366855311523832449
319773311853272817
166753572160294617
96426382469457414
48177162369204158
104445900866557737
424144863291804879
294323431732646976
153550282246479970
477595812689572689
96601640877113304
379484724654416032
314963299152255144
136757247900948899
424298280665502174
108520435865750168
10865561978373150
463938115489604284
5329119390751566
119891383753003491
72334874903877756
342529963275203940
85411667961742437
49271677093017289
178214483772187459
37632223326294715
127914896302110927
52425749888337919
24462912799172833
557895295417733647
126959433820026479
434189037730804856
23719432563292783
223465807756832509
210541151553619519
365225630846343951
99225799524558121
52904773564787297
428938581837654379
130959710925114273
34756822373058069
26159101403831314
474110638261721330
806355379789828699
191153350787539629
409495206121677437
149324917527960927
79391850997279276
235102565568869777
67544804305221110
406529161866512650
550241534081093703
335976515139597079
6662591618818112
395172801029900742
294760907285127433
184369400159524968
10628138043062611
4437866866670199
487488548614427197
70990138820218101
120776315712798160
276002463576431499
690251947973107681
688822791636874015
145351260517120711
512825478426232867
331165308208104293
14298448291627981
77111223368072501
260754236262322499
145843654695025368
220247324414472327
38789546075149030
484293368751956
508384503117163967
21724426412753474
81158122093693340
433605771013912160
867702562640308804
249359386341108079
122640884669841889
73458527557511710
77223867401748562
240090254651767338
468251939519952077
