1000
0 6 2
8 2 10
1 5 4
27 8 72
15 0 38
24 9 29
0 37 5
0 29 1
2 16 3
78 52 84
39 65 61
1 54 45
1 640 2
0 44 4
1 55 4
14 379 99
36 223 38
9 494 67
1 1467 4
0 5325 1
2 7828 6
12 2139 21
8 4873 9
9 2806 31
9 88530 10
1 75361 2
3 31163 6
58 57091 99
15 20229 90
13 22777 25
1 245197 9
1 623919 9
5 334163 6
9 571538 67
24 185330 28
26 642693 43
2 9122918 7
1 5179291 5
3 4967906 5
39 5508821 63
30 7531512 51
29 1164560 86
0 22479902 3
2 39445644 6
1 89642041 3
67 92641805 89
12 91595391 89
32 72173066 49
1 166781956 2
1 753314816 7
3 104413808 7
52 309204017 80
3 807890415 11
74 21875550 84
1 7898461913 3
1 2089691912 4
0 9812052434 3
8 211310358 78
91 5766903629 95
26 1057844534 45
5 62729777984 9
4 11666956282 10
5 93113293571 8
22 43593310426 28
46 59646432440 53
15 19908367396 64
0 176360827317 5
0 754707044300 2
3 999860769349 5
7 42159395181 50
9 882810852974 15
84 774805082079 99
0 6348403918676 1
2 6337151991083 6
2 6493131841723 7
22 2676589665272 28
24 6104350476406 57
1 5151655231394 7
0 97929246169112 2
0 32098051492509 3
1 71343456893718 10
73 30818363911407 100
17 46049416798220 21
18 3200718712395 49
0 714671187156453 1
0 844279432421694 1
7 37932262038133 10
11 322644050631037 38
3 342840189813005 12
20 402555170314144 68
2 5708546261876717 10
2 8710719922376020 4
2 830143552035322 7
54 2714967445985427 97
48 5656384791415521 68
11 6731077410910893 13
6 49281156049864337 10
7 55225559717978102 10
0 84494851271782169 1
4 48919456678680307 8
52 73392077064826985 61
12 84923352665738601 60
1 415991137657161453 2
0 128677721559989625 2
4 895519687852278483 7
33 414031757468644383 72
45 668622958197030106 62
38 735489691461749093 68
12 127718723477534287 27
12 427698979355711900 90
2 952743068640617307 9
6 155019031264304837 34
53 898094615880211068 62
21 816699677913040136 25
14 585112038621013252 35
2 418202664799639140 35
46 92810693736410367 63
30 775318900323654106 36
8 256845809529324639 25
9 830911244087427427 80
88 929134904459804983 95
25 618979473611588513 60
94 273779678076824432 96
0 211095550540987544 4
2 103296133017434019 4
20 24577148813504909 67
1 436625859338292017 8
26 334737284062237775 66
24 221477710985971086 81
56 361445046672564685 69
17 760931882204252938 32
31 81533648402626471 54
72 532657650559552628 78
48 340400873468755259 79
11 46523002653542494 92
51 360958507055922161 98
21 883794654790812017 23
36 737551365251646126 94
24 307018877931939325 42
51 453570564065489013 52
68 618728580224967903 95
4 707397429672706716 31
1 423434145355738030 63
0 580949235431227848 1
5 969322646606711263 24
11 798619138932435601 71
88 291452213200549283 100
1 526135244941782339 6
36 405940654511500714 63
63 847123526624895155 86
11 979705250437821471 29
2 130508969237398688 18
60 764558015295299389 78
10 664855012676431663 97
85 3273363107084987 90
35 282659661914849651 81
0 45461001929471680 32
15 137291019607572416 38
35 831475455835824133 94
6 493820063235008664 49
41 682786037096881433 54
2 698984190492469071 6
5 900344499774074129 11
56 109839012100537788 86
58 152294255834784601 94
30 824386286987755842 72
19 680640903746657506 62
16 992020794811877107 89
22 157350770265582159 37
62 438988739129645856 78
7 463020618169936859 9
10 77428558734434313 26
2 478685471887071737 3
3 137371606624759801 9
12 36991973534300025 71
19 709942453316329020 20
13 510526709073307902 16
89 868562813736776690 90
79 497124138016451970 80
9 642175204852695952 10
72 128770576683742276 91
68 215979930870755287 85
45 640361323349003218 60
50 914586773577548371 58
25 718767969952884338 28
29 273696318970752122 76
21 304331623956901803 39
4 589365583645265135 32
45 740397423942696196 84
22 9227717619278611 28
12 583223429085267686 23
12 495549693642475862 87
0 592510432049758614 1
40 877534318918123485 71
20 482044436028608841 40
41 821116174412055478 59
8 814807731555856846 14
22 356581782027214402 23
60 174958287031675708 68
37 962247285794280872 44
6 568307132796296555 56
8 867151038822611683 51
5 200630610984714042 21
11 221506401672302772 22
51 174055396677266571 74
6 157625607242450967 19
7 100903485207830491 27
0 510865076653116900 5
52 171735312050172690 57
31 528004946117338486 59
27 411505588015579977 80
13 623638841398791455 56
13 571408289639732285 17
40 965919349119493953 44
0 606106419663769261 39
11 819082705383105769 56
46 51263505675810346 62
57 97331812273188311 93
6 67410636499857895 11
42 441674957862502795 64
8 708723044361995574 84
60 873261975953722750 85
42 124604948389171928 96
0 204890050546824419 5
11 835667832567023530 48
11 202874237597107582 34
29 741315781935106274 55
0 343024277356893617 66
6 143686939435942159 30
43 817528063063721970 46
3 6026077264652458 8
89 530222233253441341 91
51 990609615140316618 61
23 534880865551798550 37
66 593681995441332022 85
35 796382770694865061 76
7 567143446590601236 49
27 26512244892397755 75
5 810132182629166473 53
28 683039222885146599 82
25 599043301836582467 35
4 879770384723371693 27
12 773327512851663484 65
1 949047879282177246 34
14 529310991701559988 40
92 259271825523061455 99
7 698231065569958994 82
42 566611057089046436 98
6 495141000829446147 34
6 770003642393411172 36
31 907055152713206996 33
71 999623792410363523 75
14 60749005908245784 19
11 939430941260336028 43
34 911005042250102786 53
0 479023445951078498 21
36 368629468716899570 90
1 913369465650395371 12
13 682896836707849122 27
45 146084718450929699 62
55 223562015151310312 59
74 495094571271001240 81
20 676719562444301962 30
44 406792556535978077 54
14 508699184318349656 73
25 182651007696044106 41
9 639264019051090032 42
52 460095826947124895 74
39 223283007047684871 41
74 979668338438464631 84
48 756791978904723742 67
32 286826596122777365 76
25 127935668619510921 27
2 736282783657095667 9
31 160045775765825674 46
25 931034353860994402 30
54 284571121217010835 94
6 921059873995916310 33
4 820994469396762433 14
11 721404528747330713 67
43 916714487048244339 51
39 298668702967038450 58
22 571222642582848030 39
18 825674265657739935 19
9 708937200413132904 64
0 392033978621073574 2
10 776823645622347924 22
43 374691361477533456 45
22 275524710434539533 29
69 873536290144652016 88
1 724375259193957359 2
10 814732793785902517 19
0 263571777433253444 2
3 331965523743866036 15
51 326076767764797386 55
65 564358799176464005 75
58 107511853093864233 92
42 440515221506805194 73
16 680991312420290582 65
3 342945990052682628 12
45 947058210150101980 80
3 7601052415757469 4
2 411811448184130238 6
1 721618470401678976 2
9 169215239548022501 72
29 970128614864715573 67
37 323894897006659723 80
0 759217564855872654 4
1 212418009272402772 2
3 989332441550630566 19
5 59879283420222681 16
63 729070567605406112 67
15 508383998464065667 73
72 842892520705999524 87
12 376938423332852948 88
3 406992017262253069 95
0 46421194951155070 1
14 764809843122220276 17
4 808510528074073910 47
17 357533950488909794 24
3 110256052711092346 6
0 96140196085671132 2
38 991005816495432614 86
28 407648411719594649 43
32 530214295063000689 63
1 132737992232858330 39
7 298357447025920581 24
78 797888187774305900 84
49 38693120516172411 68
7 368439086525582312 52
25 479352021742158622 57
36 398500009770188283 37
1 962563598926966143 2
41 213269088178601227 95
3 610285226211511729 4
1 184737266472476595 9
52 539756805000707458 64
6 307923154190771954 36
39 164792644285579379 62
19 366282506966266195 60
3 793823340453920066 11
30 654440519867550040 49
43 971731512208472152 66
64 964468085958699878 76
37 944358485158169536 81
44 949041063906041485 53
39 875385563335104570 66
3 581625576899542241 17
11 136810912621734805 19
25 681731268781786862 35
81 998987211300132961 83
8 458446936295644786 12
6 161877933986822833 9
13 249689713375921254 14
3 780155870218774056 87
7 904452004693390900 20
0 916265773504510353 3
14 665511730839045655 48
43 405686306611368764 96
18 181776615283165952 98
58 329929573097186052 88
16 107595094819406732 29
15 53424328101680466 68
21 854112958151034909 51
14 588016144153777026 76
38 795030704650053760 47
29 956543464817776014 96
5 996903515508854928 94
25 906997151578636478 80
10 659595844633645112 43
58 660628215960489980 68
4 6354253409591987 14
70 431100047095742734 71
2 145400325282402564 24
22 857732684545770295 40
33 837787657386757049 43
7 725033987263537928 72
1 804725949414823909 53
26 152857228647886769 46
50 42143758790781750 87
1 189371196339967236 33
29 901512948110349252 34
28 984980007153575772 97
8 451542332677244545 45
24 336831316469767268 92
32 569113303159550289 35
32 140958805999578408 46
28 58536384490892356 79
40 443801883856067958 90
1 616340071805675044 14
22 529077577270387827 23
17 749011050996099079 77
2 233681911630000771 3
2 885973242166004863 8
8 394865768771260535 14
59 875617650770331048 86
0 210211293814248379 1
12 346674157208669878 29
24 411810311192241165 68
19 365782026028459201 35
8 326571787561684581 19
51 339935373725393583 90
0 414290878556741865 1
52 221155991537261669 98
14 435781860968369269 86
36 228953281971653907 66
22 460016495540016983 44
27 62628532388374672 36
23 268986075060094446 86
21 422676135121107000 47
4 855002526219429596 26
6 246383145030523508 33
8 484540273299124416 49
26 257479563970298213 60
4 726775433316823574 9
13 305164902472223234 37
12 803394294049345394 40
15 956667437661497452 26
46 517160570487860496 82
85 412622870061065643 96
34 293358755017793394 94
44 458649671644523101 52
37 847724673506770810 77
10 852513600904073973 34
18 433175833975160198 19
50 808376465738074356 94
38 133823501138120707 47
7 227025793408966077 22
32 505575881829882165 45
34 597478217918947884 88
14 992908600644919307 25
14 734611059977041899 17
44 391838119870953585 66
1 24441775931250602 42
49 421547272603776734 53
35 673568174922352849 62
2 593120564560038643 7
2 373070204318467667 72
76 250107333530017144 90
5 670699474855152824 94
4 856640462508346815 10
6 204748497551478186 13
8 99753460507847153 17
9 923077220637787227 11
0 748860826422656722 9
80 128022658074077055 86
1 350978399567764186 81
89 339282288562533470 94
5 734918389011226700 15
6 410947073627508547 58
37 685995905916175071 44
0 905452169620190455 23
6 391290829680577609 41
3 706872139954387370 33
4 279766669553845335 5
47 571912998518395172 58
44 270392692100552741 55
52 24219925311380498 76
3 273542451325885587 9
24 801331844990367366 70
3 722586137644648454 13
14 757313185451738118 17
21 248386585757679481 35
77 718968832376321166 88
4 890656780944249481 75
2 658710371311714018 6
41 75902612447953683 45
12 301025733474880572 34
36 467398550692672505 38
37 595966550306754844 61
22 899962168565226240 24
38 284311170933362536 47
14 363111435765420562 50
37 288453970586680798 46
46 584706180975813595 73
15 444136266583183480 76
67 246301060508249937 70
13 97364282750475913 75
47 963523259414380260 49
20 795182104663482808 34
19 876527435292913296 20
0 433121177924799052 13
30 331898794431905146 44
29 361818536366826728 37
3 216428532291233411 4
10 212407972286106970 42
41 579212572706692203 55
1 615925030805662396 21
1 483122436591928601 4
17 268261103712088259 21
58 140392985081892814 79
58 803883562022920812 61
2 44910610995692331 43
29 207349898530230715 90
8 489316837914058260 46
7 943332464122517765 18
9 353390719687698407 32
5 223553054770153772 28
0 561990229636664310 7
58 384377360871541034 90
3 2236046454676557 38
12 724379261941556009 33
39 245698169996777373 49
4 760987420006955605 24
32 443514037485899421 56
25 800858665712592521 47
16 29443518795727962 39
65 699295730825539724 72
7 873527772027332104 97
41 462712774304721998 59
8 793881063720662533 10
74 591739249114475454 98
7 872998667014735359 11
28 629013897427666745 76
10 12465381375597712 28
54 201985205226239812 78
63 289229063678337495 97
5 96794213174786869 26
42 759661149375033223 66
66 884110264813914488 67
19 883820568794587165 23
67 683140641194001621 81
10 869492743042759031 83
15 601576154982986529 75
32 901726572377034335 90
9 618816313539162374 13
4 846573099998950306 10
9 589972031754133260 79
7 609945448936809549 11
14 743847204832396345 15
1 190187786813288757 19
87 484359892933714270 89
16 514584582986274707 88
11 546879262214779448 16
20 728513844592532249 46
20 51089783683667786 64
20 54376402027970329 39
57 61830944788243822 67
0 719148519341734696 29
39 672698554879743583 44
24 745509907700696745 45
4 350941054973023881 22
5 904288494395725801 9
6 927163975645228085 37
11 646841204290531922 22
0 31798482446726103 25
35 693541525095669736 70
9 69461434932948422 35
27 738732513094758915 47
8 946884796520012013 21
1 169829039236801877 54
37 873956993439471379 49
39 954562256584246537 66
12 16507051428550151 45
2 413676963316164955 5
17 646821841697798780 36
21 535306216247029084 95
69 84987152901474210 80
17 680027358962153431 47
10 219656361958129762 11
66 424395333128860541 71
10 396296213614607829 48
17 277900545144132251 19
2 193511128125601440 3
32 366257593329432990 47
34 668751848574563341 47
4 197502495485373740 5
31 396144293706936318 47
12 436629775759433554 16
16 256367260028770390 34
11 32044042525964299 49
35 400237264022598570 99
16 184936861626627323 62
18 314869806359749364 72
16 665185647267740767 49
25 995359322925890783 42
1 511002768502095697 15
32 632586022234078693 58
6 193355387091289925 13
42 636259166360783413 87
50 315184924718877402 67
10 482420246692592718 63
18 768821317875033501 23
21 138641354750557510 25
4 769930161097428866 11
8 776147983984419348 91
53 787463877156499248 99
43 704673620526467624 49
40 813472507292541934 77
7 870388508497279825 34
10 323769273012740726 30
0 747443765157574351 3
63 654099928222875960 81
27 969567641225282494 64
38 969987464247545826 49
43 764464065085106864 57
1 139823369452869166 15
2 449348085597101676 5
81 454704506439947674 89
63 822662902886780465 73
24 74557636740639490 61
15 189388928766319870 48
0 389535596350794438 6
79 669134779737913901 93
36 581083971960411322 72
0 788649420538697562 26
15 110449414921714456 86
3 561377424860477301 4
12 927651586040035500 65
4 429880801448432415 10
1 39004910793396841 30
11 607480756955106891 70
7 718852766265761800 11
23 763160758476503829 73
25 689867132845855884 27
10 427508957571855249 58
20 897776421506916587 23
21 594404888936491612 34
4 574104130106687961 77
20 650785304550959185 32
39 567808791821328571 69
5 767750035237892790 39
14 396888090675676482 31
1 714702984192154858 85
76 540741850591045146 89
2 151707577559643199 14
25 35784179007526522 66
3 648058691814907611 14
0 561714186899557787 1
16 964705180393785868 93
19 206025394132648655 33
7 815336676740432824 9
4 86793761584896835 15
38 544811725432724235 92
2 276662719021081809 4
32 966808908960818338 62
13 587599712415357454 41
1 140629558739336575 9
17 558737662151912384 20
13 576250125408741835 23
11 392292617944107879 64
11 388390663410592373 15
16 439783735608308501 19
38 633619103880799769 59
6 565770065154483880 7
25 719169255020626266 49
11 225053589965236722 86
0 355557931908022868 1
47 535486883050252441 79
9 951443567332088676 62
3 783134073520327353 66
23 24082000573167879 60
34 766807496629056280 42
0 770543620445581104 1
4 474026023933731450 12
56 133946023087612337 66
7 27261387379506251 34
4 664432761271387152 13
14 969355104172746873 22
2 591889749976239215 24
36 336003560384237170 49
12 933748589545731529 44
39 508886773101421997 56
12 166393159605677428 82
25 536078989725177637 45
2 565274642894587870 45
31 514012558677961792 33
1 177157218545965192 38
26 867996801790789369 92
32 972270055771834683 52
1 850613354649493278 24
2 876477074701454466 27
39 861416666951958790 67
34 718736204344903554 35
41 208360494606027091 63
10 78943831606791894 24
52 939825751451651699 57
20 408276083973292526 26
29 736675974642058119 39
73 966966498737109991 78
2 462137462464099837 12
59 86145208885719041 87
13 876462259286231878 68
11 245681544866819162 95
32 598843268548956604 50
67 463975683640718136 75
48 565769112441236791 70
3 454662104846492079 32
10 182446093542369065 15
25 798611180562751468 76
19 935150929000758765 23
65 920597657011672706 83
18 926351090389307123 20
3 131954808918484209 7
8 776326960089643226 31
17 870727663139247524 59
6 442673250395803707 50
42 3900589250841344 66
35 997660246830203863 59
1 131485461488705958 24
16 295362205937798209 54
21 396951155818775625 84
70 113311610304414320 79
51 985399326611696710 57
5 196230043963062754 45
46 648709778198088688 62
5 290708143191701926 6
3 606798529171021287 7
0 964172384677556482 4
22 685207896237544864 34
4 898788451293922083 79
23 295233773671083328 34
50 362128760595727905 71
2 193125880332438737 18
3 46134553812013335 20
3 82730879676253851 12
7 539691994077967825 40
32 275760893063619741 96
44 552978396753985887 76
62 931940986066764681 92
17 245938239556001851 19
36 795502213911770855 93
58 279776394268672331 63
57 918317333579330128 75
15 756190951677105301 17
8 385301539099472933 20
22 642677526225649882 79
0 335065430337006943 6
44 962708338269727910 83
23 897576721103594163 51
4 811390782407325310 63
64 911983354205913828 97
63 247575760306813030 95
5 423851563803045473 38
42 818135623997485689 46
28 267387112431299640 72
19 905927659201083694 32
20 433944045090179075 77
1 668362322261557848 3
25 508429658280973680 74
51 616696044234780067 92
44 11305650259186878 97
1 741723869924287604 8
2 717524540988585162 76
39 409746250249678029 87
37 408858372060589529 72
0 957815870403120018 5
17 869883174363738687 25
49 538229594676744687 71
29 427368502128275424 40
20 438261656452067894 40
15 667273345689689863 90
75 26493031549073346 92
56 432095009854151288 70
4 621324329075588668 40
0 485077171606191349 2
3 597305692225979426 12
22 686279737243647915 37
22 261137257278295304 41
5 122614491825921187 12
23 987183250103619463 97
66 512962885220767482 87
7 576917845247939161 89
40 533327709470620737 86
15 867983458279276012 16
65 247022516120370800 83
25 878870260952127190 30
16 96846049231801575 41
12 704516524722742823 52
8 434830389944998342 23
84 121722913980003049 94
27 539720499991176926 69
79 68764287372396839 94
11 840723021324285309 37
1 898260932450929121 2
43 206776095280346564 96
17 699602903373791375 48
0 732623863042986284 8
13 781465182995921302 17
80 91234883848317971 89
11 876619546678971685 15
34 990394028095256117 85
15 55813265043001466 70
20 532679418790618855 55
19 911501810857491236 25
2 422447150541782399 17
0 203814485951503135 9
18 963966883018341045 45
52 463874626587441713 91
27 169977064206151258 72
6 483429734036888452 47
16 429861477969661069 50
4 381146261464688399 5
24 905417896902655787 35
17 890279210935800832 34
16 133601283340189709 44
43 532607543942880447 76
41 787310709251690949 91
40 473510753550464879 67
43 915906023758249638 45
44 611813230342092388 45
25 3499073338379740 27
40 646768495751312237 70
82 46036773722682390 83
25 852715255360412789 93
56 120328630583712542 58
11 664377742339595642 51
17 90506841652108492 71
16 687196525046195061 21
11 51732449701498225 18
43 519068692323939549 49
16 427282655407255852 21
9 807525222488054578 53
41 755214792399894704 74
36 109833698817464821 48
38 727868040781832512 91
6 369762967890013842 25
21 913347618592494574 70
4 947407546623071718 13
1 659141451867054112 24
26 796536362837299919 32
7 586024242077936943 16
39 19731202652074500 58
50 401493836381962108 91
1 244266164253247289 3
2 477521955200036013 55
13 307159327604318046 41
9 64298300538985237 92
21 158440025614689394 40
38 152230814769634064 55
8 723610707801276587 10
12 453308517295596455 19
12 866979652317918385 24
85 41427965522203761 90
45 124937272088463833 59
1 502529673409991835 35
10 113522910229090321 95
34 956772733399215568 67
2 179656252614712441 36
6 874588593242870604 13
27 847333605466320457 86
68 777836565765518323 91
1 886285876339575858 5
49 603026029262333936 66
64 150661070786402688 87
0 644806715254825425 8
43 817555206986928780 48
29 522579552266921541 33
12 893592818897331907 62
14 131880866259367732 54
44 914066050723949443 57
29 948035349356285391 30
88 435198091620066498 98
75 820130870180429861 87
1 254619862759874163 16
7 694018488011615701 24
3 237833345911526257 19
42 36595225329111060 92
60 279741736269209006 92
2 750727631625914607 8
44 373066392454458219 45
2 524454073185701295 28
5 534805759364281861 27
7 821672863758141599 31
3 797928756088026505 25
2 275465080894950933 6
18 414703047457382370 24
49 634787055340726040 69
61 691680828939715969 73
3 507672704186491913 35
10 290574553119704053 68
17 126352512425238232 28
12 970237310060637935 32
31 564098957168730666 86
3 184886753715957109 20
83 18287724750766892 95
6 968965192157798054 86
60 336319415863427181 80
73 648208657404486062 90
16 981465313037543969 57
0 493718882338790660 1
7 716398831629176648 49
0 238261292140503270 46
44 25979855726636121 52
7 995827725180780855 20
2 726959244807690032 5
19 912730688965362208 29
21 431048358646621242 61
11 365122310049346757 26
18 606494787618259087 73
32 826044656838008408 52
3 598155895790796227 86
54 227939390417241874 79
22 966843413246855875 50
38 240003044500818976 76
4 779612087314044382 61
36 128121284407038162 59
18 105769490462102546 43
9 764167087323147041 10
3 588029642396559832 5
18 840281294524819318 24
48 401025613914337500 70
45 577739183699181470 70
26 185878775504377613 30
48 274681848151138544 79
2 907558795468575541 83
0 829249777032289762 18
10 314611374230727236 63
0 851730955682588366 95
21 848662795273372268 47
10 458715750292432346 26
61 605818088878571300 98
37 101470449239497259 92
2 194169739002684035 4
2 981599152677867135 15
8 324801827212996571 41
34 443211933839247055 68
54 366889492646955950 72
2 94532511929712987 6
81 915637661567325334 88
23 803390136008287962 26
18 205933229842756052 93
2 646591526247548432 88
3 521709331346412244 76
11 734334954440914516 33
20 621601475437026324 89
20 367240184667569618 38
46 514306139842329905 100
7 871513940116133516 23
77 124548924450352199 94
2 357945606142045942 5
56 163430499639476883 67
14 111512284108669346 29
48 292770630358890085 76
16 281766924018344014 17
76 839398659216616954 100
34 168527284835372555 71
13 531729863570630696 72
0 392920044798624974 16
39 597148386846520769 95
1 887995962686784028 34
5 278801078997713030 28
17 789310687456818946 74
4 377644317736164161 26
12 360634451224262506 97
82 329533655560148761 95
2 91247329805468800 13
9 387382128714259008 57
5 649927216669265527 49
51 505514131704951737 58
25 582361698404845946 32
30 758559148061943935 51
81 254331278430728697 91
9 783088576758800684 80
26 411516677734699355 53
17 171513176107285788 19
33 207382872565584064 71
9 772817322285105919 25
52 321655210228677320 63
31 242090302848286139 89
3 577356856554121584 6
4 14247643447945790 21
1 609182522492717626 5
85 510862903749730222 89
1 715470543398528553 3
1 940872267070961230 9
2 671920032741912361 34
31 130073489768909392 66
9 275368351860248198 22
38 133908358623180123 82
51 926015657504321811 98
86 623281172141415322 95
25 557991595476225020 38
8 49257884161533940 10
32 870915445308200787 45
18 352083861572047752 40
1 724860427019417989 35
14 23262049338872944 60
84 916294698598588504 95
31 99473666377109422 46
0 217888416487506683 2
2 217904080234605182 15
12 862411582624876887 35
25 44997450494760629 81
37 195913368700818626 86
0 37369996040451749 1
6 600158848255714753 30
15 66091930695955432 75
0 461886944325557034 27
19 778648880683591101 86
29 641452065155794593 51
51 184780459661058694 80
38 690472399200768503 84
1 528911337611860075 20
0 34035510695883330 2
11 346801900219582845 14
8 866790450410136533 66
0 176047324331984570 27
5 545447688924048300 27
21 588858817882900163 45
