1000
6 8 7
3 4 10
5 1 6
8 4 65
17 9 18
20 3 60
88 7 96
47 10 514
414 3 876
5130 4 7614
437 4 658
2537 7 4301
1015 5 2112
27042 1 29374
45535 6 59322
7183 3 172528
293267 0 726149
17573 5 86575
4853870 2 5333876
3851969 10 9428894
202658 3 3121902
24550522 1 75081859
17750544 1 74512095
2512768 10 7617881
116559819 7 441126559
335857208 6 411530001
344325094 4 870946784
1163820010 3 1907689514
1980407411 3 3815212059
1781083343 7 3600345139
58380748196 9 90965111100
15057660796 5 16628109726
21650512744 0 69830116621
497084657355 9 643950971335
225260348894 9 971339119328
5026479775 1 83513666373
2550038441834 4 3020078363521
5243996364189 4 7944974378096
801983003988 10 5114198441819
24192369767242 8 47766102829107
22242705993495 8 81548984920298
28829105823267 8 42725201892628
29745603186043 2 179198696190817
48983242082532 6 852149387355778
39982094341869 3 378821969584540
708296626194905 8 2222145981273182
1371294043783152 6 1459533930264904
4323170189908237 2 9805317111487692
794908075739691 5 4926293707325009
18015474022953412 10 22750373301331003
7789016162062292 8 13972164124635788
694646316712889154 10 877677866002159539
191341143020490913 5 246522960293250470
94176994080045019 10 306238124642385247
8 11 10
0 95 1
3 94 4
44 7 91
29 13 49
61 57 68
107 25 802
370 75 430
544 12 724
986 50 995
1472 97 3112
1797 42 4371
13046 18 17518
12577 46 49856
27426 33 27604
35044 58 988839
4636 7 386443
213968 24 749543
1734253 34 3958287
4184744 33 4234921
1650123 85 1862396
33657683 100 75450369
12101497 32 90928239
22074556 63 71330420
275352349 17 428145306
34650956 21 78141962
524526779 62 622117420
3871952999 63 6229330262
2706711389 10 3577736192
2365262245 69 4612177219
23911967 47 4849525893
37278426080 67 51607864481
10428334671 4 29633170158
600137845369 15 620110791919
357237920177 21 682230882202
38118448474 43 47638179691
432015783468 1 6020142133958
1018268185690 69 8865498115160
610755911717 18 2397647312242
54703450826090 82 66664231889040
4189070672635 46 75349187746449
20012129417886 88 36721201214794
17287898148842 83 462501347545205
7742857948953 94 21340708994604
221430936691876 47 418833199289977
22570136726614 70 442498623517077
2895894355725289 34 9185217987232496
1875983472369808 9 6377909274556196
9366492730439901 1 11339964880201038
21490375863378289 13 23479415782350989
3202440247104767 89 4147043310473366
266522359506974836 43 370992244438794397
445872703765727582 83 831363590325852675
1040796674464456 92 927918624919786634
1 92 7
0 120 1
2 119 5
75 786 90
38 688 97
91 722 99
315 333 617
402 571 957
10 681 189
6931 618 7129
2983 774 6771
7801 790 9446
15031 423 35673
780 467 29494
15322 78 62252
155608 516 764655
18973 69 173154
26607 47 37471
1379613 645 3766353
3978514 176 8631811
2763028 889 5204977
46031646 253 73128420
22681965 444 58850464
5794072 724 86425668
94684563 563 740168180
39313910 414 880640615
248118869 170 362063334
1854135865 643 2020229221
290248855 431 2402798012
2465538490 888 2726340654
24777037422 5 44750284727
1214736995 779 7402609118
9791423184 462 26784816639
163668201701 660 351178773059
126911723493 610 265932443595
69616778829 392 393584339117
2627471222057 768 3739364198613
2185736479518 660 4099504339702
5755392072563 673 7223725793534
52195299665283 264 58924439454673
49463091739482 805 59075767568445
66440720078488 509 70134382475095
433437529858447 130 893331567290061
430163732948797 973 442672732948943
439335072926003 870 585714099850647
1455221835764025 451 2238447963147454
2157255354742829 506 3737097427471070
1972043727152800 592 7826426815241776
7812731775345228 640 12297488360685354
29017908654833915 902 38854960893425221
34706973373283030 45 37038270684749430
678319205155188641 849 739687633159569151
189410184643246185 550 879543708825856413
262092941258080201 266 871233158801056331
0 5432 3
1 2638 3
3 8399 6
24 1515 25
8 5506 14
50 7129 51
371 2112 459
107 2312 686
331 4588 455
474 3560 620
1769 2605 8363
4135 9706 7916
38727 254 81930
68979 8035 80370
20579 9340 32482
301728 4733 630267
406254 9061 875143
47007 5329 806480
978415 32 3683093
11695 1208 59980
675138 2005 711563
4338611 6355 9784219
18321955 7064 29476886
13186130 7029 62142693
11693366 136 82045820
44616321 8064 793928731
31280212 892 727885322
624683048 588 3474817537
795799308 7481 954793279
5169512101 393 6564609277
74095159352 6439 75031950650
30063860066 9554 76224492063
3627725612 6616 8828640610
43660949154 7436 769523720049
50904359725 6862 336494775892
674054503830 2592 686630477952
2510622224717 4650 9533016302610
8114967114007 6673 8310556288811
1620465677272 3117 2114224750697
41634519342117 1619 53904600977068
81071171131666 4534 90567318371747
13629776806 4771 43321669468388
663331182187468 9892 975258741811567
155061446399715 9280 452930293549548
287698086172027 8906 373949306108942
5042157647171059 771 9630787105514969
3472273320792269 8438 3652233625692095
2731500402232871 478 7037614319523022
10290794533905266 8483 18711303160663148
11551377512521633 5100 25225737435533641
1908619405845231 4130 2863706287872917
201720359315316751 6886 635377091640718502
177459029235450831 1954 250199540203632766
550327456655500782 8777 742290908673046008
1 29321 3
1 59647 6
7 31164 8
23 10453 48
18 60927 62
26 7920 48
656 5689 821
41 45229 453
39 4240 159
1859 4267 6930
3270 15103 9645
2027 9030 6239
61118 74539 67601
25094 57818 27926
27594 5761 71526
178533 2634 181594
3759 58665 246449
74367 54726 124696
3859970 10393 7599324
8723832 77849 9445783
4957818 20341 6459100
3100475 40155 9963601
19579046 35520 21091125
209955 44814 293442
81698775 35357 305378156
378534929 39035 612424496
21312464 81916 506469613
5663386336 6591 8290435452
2584294449 60143 8287961598
2022449267 86465 9345053992
4578472844 65949 37339170660
16558190815 11376 26505081000
35653950890 68112 53855293652
860509976121 26888 954347714541
804248339465 10750 870096889757
196864256361 3323 601253803952
7834112484952 73237 8795807177107
344465792258 65254 1008921752316
1776489835701 30990 7297570836031
25428333360571 26196 41528340468479
41633947229000 90048 41738971831365
15930484778991 98504 70840369240338
36469092074493 25806 100229293542165
16275550692586 22872 297365641779975
105071060961502 15664 148825637772502
7937983132308099 40603 8213413455089074
354182740325606 37180 656636587762831
917241810315656 40454 1898342990531003
53720451827851451 71561 64560041669272728
36599171968147877 84920 42697130183816866
56154151353847459 85101 87156627325583681
77477135972475874 556 465040156913485844
11731184069489274 17435 98306922550948801
6988940224391453 11342 626053129135192429
2 374526 7
0 268470 1
0 871261 1
23 754589 40
34 363824 55
9 457986 13
37 76367 287
26 919029 87
343 131142 599
272 841103 4090
2791 815397 5668
8150 670547 9039
7396 95587 18720
30147 973226 46586
2086 835926 16380
82485 537438 290683
413488 904002 738036
21283 600724 430532
4131156 624876 6287922
583269 874829 1578674
2864368 461073 5721193
6063083 896321 50004473
54487129 510312 89694979
60740465 183937 99436245
94330217 341117 158183180
650563133 451889 745177166
441580099 11985 588811935
6208495172 319226 8025906699
5335792733 311085 9163147794
2885667 603416 1749796251
9359261992 311793 23046708830
33752439723 765501 53232884223
32542193448 36040 39109183825
98597053207 73862 313274458235
551549465597 68284 762753003767
219526604411 14388 362393963167
703470471067 485870 714151622469
2633283290403 261616 4615006932112
5822810035557 378638 9999286884872
17119099249409 649493 96503506354588
21505138238521 682590 82742725500686
13353891327083 629568 28749591768831
480448676065274 775103 956663553536147
6642861213125 815473 12444551279855
176212296960406 901336 348373469124079
310990018211902 361111 1608320418071022
2516638650138926 708629 3138095155846269
1683000891422688 888714 8802028366083152
3111823508327161 831286 38782632459046095
31333092753080296 398277 38836503675848203
40820122611252461 489941 53567209098729488
66433351395036673 174999 916468518505868991
169955515144140776 236805 742326976582027705
540225202411550048 748775 753335265901651974
1 9931563 2
1 9372280 8
3 1342232 5
49 7359771 88
6 6400150 11
2 5967776 22
42 139158 55
38 9240782 468
453 3545717 475
8977 7597277 9399
4585 1518624 6021
26 2025965 283
63669 692073 91733
10463 8182224 22731
43607 4321797 45308
749172 2874249 854130
88251 1163532 643754
185141 4331555 453264
820580 6391478 1913170
4645759 5219208 6499877
835833 4797633 9178003
46872568 8682625 84528525
15263498 1373536 49599818
27185512 7427165 89679788
104568934 5454880 509344919
14600050 9395910 52765564
91703446 5595669 244323213
508454917 6472125 2445983828
3169442878 9926576 8325056414
662280002 2655697 9223774459
5392661831 1488888 33271747653
14448313895 7161036 75278214893
24262421864 9130898 45514996726
70360905276 2874863 175695837932
33542314044 8192655 60107730499
268980851330 7892055 359915895243
6852879684680 5317473 8367430617167
3874588798824 5197746 4202965348215
8399271593978 9591926 9944609529720
10616422463565 5224254 21018199650375
16634361168985 4302224 27948588533825
2780645204134 7936999 9126231324806
129970211696117 6725872 190772986968446
259765754805552 7992281 529453991284285
837692284855133 7309613 913166199037891
1973619964988582 976405 3338137912392006
1001823406173501 9465564 1257536279168270
3048098001895088 4372342 5861791939161486
40313509794114068 3641145 55182612451141812
71488193436598134 5931429 75369756555494314
17192125301056258 4214506 32977906357130121
735225065343658873 3658087 776579132020575134
896441457681060702 1623617 996601856459027540
56655949851732322 8520430 90252817863894505
1 1490281 10
6 52128546 9
6 19083528 9
48 80235675 53
70 23037286 76
20 33718740 87
312 22076183 420
217 20959873 325
154 65984502 318
1820 16543910 6926
139 27453572 443
2906 56901148 6242
20172 26761085 57181
3834 10059384 88693
19988 4815974 46840
145140 10563776 758075
116443 21723505 411406
124030 2825859 590189
543825 87816684 6031879
3966496 84612749 6387066
326882 66462790 2619963
1806428 43870090 43734930
49533834 81128594 92943617
46198210 10611233 76399791
785364482 11793963 883783517
5314034 16959168 257432869
701020824 47580535 894671205
7864688278 60709884 8156806187
3530804901 21999228 7236450421
4097480176 37023038 5066914345
20051983648 25022138 20978910100
38214559839 27457883 46785216452
4479285987 74263538 40549118758
433143708643 2480323 624851949096
38492535329 63166075 632332804563
224674030169 81887308 306286119573
709131133340 1796327 1944559226807
2984901267708 37971407 3573604764205
3973740237129 25511184 4145159503819
2391977677486 84170073 4429795256317
2699324809897 9990135 49250586992019
2380503610898 99742303 24549121699146
699119823083598 14990204 833063267697418
434253551653634 37173024 627162301474845
204245181253101 80200774 211487969907402
510572484899327 85667734 2401099568800785
597694888396108 81531462 1922618215385728
1680261308153604 75251829 4784348757117277
5932790827480447 51504951 65465466863233424
2029130929797019 62645993 2583957646126621
928096194459229 46930953 3172618905819141
405634639614683339 81968836 719184748853781989
770356241806998865 16183770 844413236563909052
14469083290556966 31732250 49774703999564681
1 304867786 10
2 479328272 8
4 92832948 8
23 402745602 65
12 802212391 64
47 610436334 49
135 714211272 605
466 211231306 878
88 396752598 525
171 691672126 1773
452 212744151 3526
6277 386537844 7829
24701 880469673 42773
491 658830400 3267
990 306897404 1794
363342 732472389 754173
178583 326643050 433962
403504 204227108 471555
39517 47469668 2407892
630664 912616768 1514559
590936 242937147 875168
19896688 725334303 23947487
13845585 501551177 15195117
15250562 652913783 16843552
624841127 862617487 961142313
403883611 887273065 751745372
297954235 519065153 959154238
8553044116 233760091 8627350167
578727694 680052615 9100943355
885155105 284561599 1252174599
1235953711 2684483 98723351489
73535890427 21209755 76808399842
74239610048 207283758 99517374959
64151628558 986053317 75096190572
8257476625 777092410 18252561039
192370718339 858776125 808684241984
346835324933 897947459 6370386287938
6704702630636 526824935 7515863526366
975198501778 689152891 1018624811369
31212846695093 984349095 62052237035382
11433203620923 828541052 48090413635222
73608938943670 329125148 87259377754612
52672367006731 882836567 127595516692786
252357153942722 574887695 632439516284492
174275806597620 463567656 663672702959472
2467257439953869 515264513 5584016808633608
2806201589034215 139430068 3385216411886193
6790704265969640 57511146 7214077402133519
7605614696856999 529420342 20565724341854137
39031333228453947 517519315 53799504339002552
560484411111966 59865475 1064105792147154
140008806994824038 48653600 323905959123303439
257857485758630243 305526186 916220166609217342
456239474958651422 825223512 751267760025729383
2 2366832643 9
3 8714501696 4
2 2675847228 4
1 1597687476 71
32 1133186548 33
21 1155712928 92
41 1712944733 786
49 3616781467 614
175 2569076547 586
2493 2309046883 9917
339 3653832919 4014
4143 8717879499 9087
9335 5014932176 57267
13430 5455840313 15077
2291 7083827927 13037
54345 2629852398 492369
514266 6940131341 833394
104720 9111337890 824824
972929 8994913976 7906903
4251739 1143632433 9423817
7343230 843048738 7466379
23145108 5461960668 46440862
21184323 9473475075 25538946
1194502 1034743694 10230882
748342182 9675029818 805670373
386035659 6740049104 465432419
146421783 6777377982 160198648
3223587664 5726619784 4277785627
6590210491 9862209083 6845551435
1635101160 3685485256 2914724729
26949765025 1915461942 48004186149
27525589259 5573646566 32162687349
1081650818 2216998281 31473479086
9710718487 3722904536 44870615507
565488275721 1194489228 956978381916
299024549587 2716511246 865111686455
1810619338450 9787430269 2853076705440
3066856837823 4566615930 7699029827178
4886709685930 5724358766 6512562395601
19913970880307 9788724920 60599429348844
1827824746270 2644854083 28363433435480
42135497621666 3315855278 87642936903611
133453215223324 5847009522 957865782200862
505988653301464 2785440087 530904017590113
291305103830450 3408987894 562073363182643
757869244256962 2172527634 3984215225697860
3066841202156167 5058537151 3351445342533824
4111955755355934 5336245816 4845843335288874
61254853831022875 1541907621 98079429598614063
18472781031759447 7097018154 28428559255609868
5897277907189183 3396418093 59607907641257113
362233537084369756 8538099360 388348219912501021
578890193793244451 9519554288 764485685518404208
131998235448720148 3500975230 136532988491661227
2 40900499780 4
6 95567390408 10
0 9007762863 2
0 20384026464 7
79 23428051940 88
19 55030463184 37
104 45841450456 237
374 25351637986 797
102 67394171497 359
163 80922642621 6927
7467 57253757084 8843
3571 34261163696 4742
1078 22507619707 22290
7687 95454969678 64657
55965 46773451107 57094
95 18434561607 8643
325526 75409552178 567573
100864 57606680554 383179
6537402 52317464038 7285900
1616060 61558015938 2930646
6250864 77957408665 9177760
48590989 53659437774 69265396
70021403 23242787533 98781369
829645 16666497538 7579752
117114039 35426529656 851006624
576246962 15299407053 677385876
662514070 70280024395 704721674
479519384 51668817034 1447055459
2508390003 74383786058 8757848165
1080937196 65932829551 6783936952
12679512399 9809683731 31381678690
16654258492 42890362519 46903809943
8147086643 95507821348 27895015875
146465784361 41733858356 742914463635
490489107900 23745665907 540866284390
534225804865 40404709691 873321798776
1114681801439 34970073882 3270967300499
1903163534890 57670754414 6000757225785
3763834839778 49396806628 3800116349826
49652213115388 19288072317 51616001839132
18818399948132 59437917019 64191934132017
48631157833487 16550960393 97343455280676
17581656956914 96458047665 96178392695141
629957392000431 15484398441 732749180322496
197113738918398 92203705098 722478817869821
5404482735817025 24839448578 9292969156237234
5261278156389838 73998003069 8203360505522815
2730230311043146 78200871758 9072969016079681
8367646126182231 92676348416 16742086639568093
3604651482306363 83172565514 18813753935847075
24534282193480452 2358327086 25522340246102152
54523239122649863 96597334858 674839517671178917
514892577702817738 44228358458 578535701745801144
269787975135240962 17450220011 394564786033900701
9 970858109165 10
3 212860652657 4
1 939438888005 4
48 502799009146 49
26 909257849837 67
1 751163406232 27
268 544564310698 565
3 486228847759 381
157 846194701110 454
2999 109567455350 6552
184 160018162231 716
1341 896498872672 3026
4377 435082064294 17129
9370 835640162313 91381
24736 744715065906 38055
16400 59683544541 341174
228013 358473424394 264182
107761 280618794511 451872
395433 908281162069 765076
5025744 472705406728 9868282
227267 477152843247 581421
50557382 339294431022 86497525
37364276 771806079269 85079363
563378 620734008544 12429467
110625849 837992479781 341636990
72456050 605099260925 241240756
258839457 98123544103 429596087
6615419873 1872630636 7326480826
6087328634 448586881403 6655653761
2570102679 908496898317 9050340736
63183895114 45008448690 97053515258
64833714299 613696253147 89247668510
9715113758 618123589859 18510280016
277354948148 787525669574 301624153119
82894647243 28009704857 289123810967
16500332000 489546147700 150062926319
3638760529843 591276322965 6821135950282
291614429023 881213247941 5840502080383
1645007289865 108475772759 5865393539615
10304164087126 590726971043 20549176913210
39638633111630 152659861961 48010941125776
12100888127702 948486902100 20435083039021
111452485281535 858525168348 156346404108455
310174576915628 280980304721 853082864974194
310689247784994 701255026273 317716663895945
1942780055944657 87801743549 3538277200561886
189707637017983 92458953206 221873769508166
3600781002457024 981402329101 9071954770855915
1972118656495184 54483290862 5613146442526816
46850537622893844 856062003913 53666536958712808
258891318790921 150352853087 10906303192947610
7172268386117722 178909499348 15620583306899039
35233105765800407 494180092384 188027888702815747
220589560137744875 872780650024 552043199469508295
2 5229437685229 4
0 8833915806789 8
2 314632568215 4
2 9284141207711 43
14 7513597998583 23
77 1250707290094 94
262 5923235146238 313
533 4200297604933 959
307 629052068638 654
2288 1075130399116 3191
6467 2221157698089 7790
2363 9123539546612 2386
9808 8127032710668 48310
185 2036272159962 24036
11296 7804943326721 12911
409526 4234854793538 548327
22545 7780474906545 29444
882971 4568894634249 983112
557535 2309853811392 654545
1434173 4206258166242 2392022
16623 8700751914193 8333700
42985117 8067174621416 64072050
48452358 3039949443973 74554664
3007303 5944319622316 53247795
582614656 6883811286217 991026736
261819575 1446962060264 809068761
265058621 63834644158 432501952
3782354921 2022806496508 8392317748
4445930872 1169367597320 9691880194
3533534570 965899324700 5604797717
49258418508 1549801517669 54350445863
19316658192 7707317990736 62064736758
393805561 1478192855512 989649596
271867746382 7898967253316 767712573413
848491904168 7087723253894 853511997743
290748464221 3097419873921 450698886583
2155167183509 5651870081510 5031106793122
91373486287 4224481737291 180474857322
1348891937780 9850309397024 8863138436847
401486933542 2181603766963 22862889937626
64768307272665 7693873513706 79347818826492
37835598538251 9830317086778 67464542964904
306066033011512 1113578352 317092712482369
608444276925777 9916474721369 798537048426856
157268800223388 317877366846 910401565685399
8181500555565933 275782358367 8677942200370954
333491540905621 2605339814019 3414176598409795
115590040706612 979313703201 557825282615947
10118328953906578 7467983524182 18262617839177795
1030024957147068 9172411435197 4882062526807517
48226568444426205 3018633198943 64149875927244504
270522728894053419 3706424836985 342396492200161812
145912647344910667 3641148193638 164971609522558036
256628796706925878 5316354207771 624341404250851794
5 99879167265816 8
1 21480205763481 6
5 24042888532261 7
25 57184435618933 98
5 8223217222964 7
39 69479078284675 41
235 21992566218761 268
81 64992452810233 580
267 65574607674572 426
349 44388744957081 5216
5377 59901635103932 9808
1008 15758558106942 2775
43915 74082577895359 95266
9167 1879736773591 30438
32401 81433988805883 64435
542012 40325634745371 553090
52519 50722613521723 473956
179290 35362048363297 888346
15545 99725793766700 21821
5252420 19117999475228 6816178
15000 35503279568130 540763
8501735 28255118807470 45612195
45101718 50156208081329 94211706
25928770 74601077225753 76875361
215166482 75193755214282 490875141
336852 47264601260085 394604
320103177 88766194913567 441352412
3628182366 33047760021291 8841362555
2350477770 12352922202914 3055916773
4372041803 27300006421265 4940904742
8887971727 51193656781814 21057286870
10781432956 35273328617744 10817473618
26538519207 37166467457584 80506954817
282196888627 2251711574166 422999896034
145372109957 40335751117464 774842005473
105906139067 37791076565865 158408186268
5006704073393 11593330240686 6155531141412
8122622502281 94090452379629 9102221573722
4023356884796 25311478275120 4762886624249
8632710950673 32998080276087 39094414307698
8313368383879 58381729077045 87714889750747
10002323587519 90739108332213 84499027499111
37756919906095 43809031173082 114721837875998
119130085113315 37947665229241 373409591408337
153085915219949 22296034074810 158695962611066
1934481205680494 49361011206100 5454117587666570
1346408554531848 37497053637304 5633219194622166
6614377337593246 32161477142505 8563674118133787
6441101601122312 6367537272280 17363568059277654
13617414494267343 17803149107203 58168214390318950
27758454826569499 86216445662402 36556344196046247
239679325399976151 7710965448742 474225377054265492
241629997183837142 10184351602672 283471495602560138
652910973034743200 50051556832707 866779392829010242
1 665582279138175 10
8 198930167897643 9
2 219226402784949 4
29 323687960047795 39
4 640377147260338 60
56 580831219604275 80
53 677391561639927 190
20 529254556352516 102
143 533140054427554 788
2968 288855432010571 5862
751 912097646792469 7260
222 556893251569234 3279
12122 205361182298119 32600
14954 692928912279101 26729
66019 834990838017877 96936
22420 69710610038895 998832
116486 868114916207366 757222
378924 123465535713460 452408
1085114 190906076240421 5708437
2744839 730619389239943 5872538
898651 888527415628552 1338823
33044158 54188304683171 38715472
34712852 838941297007701 46211534
3728252 968690919612298 77452093
108182433 190409100725897 305143429
43943263 218868816169881 128418240
3872906 660671213150071 872447039
2283389838 300301328096090 6806093435
5342299346 984231036056817 5766193264
1321604511 583672032302923 5495572766
61708332034 256893125261596 78204116763
75273030589 772425757806570 81081347449
38703819252 69646649795559 40487399035
82598074318 657288077225301 151060252610
777396453482 92239871282099 781346760694
149781683694 892524428679175 188497550883
57705713497 586061497560643 3325504350527
6415112669783 822844084220506 9967956287112
3830959200060 913590191713320 4107776612298
56679624331004 791717562242833 67075199281831
93809860127445 215619826903341 97028631869557
48680056015396 475233363639151 56986726214224
411011911678271 155205672402459 596623026372468
224961518996118 955496152485682 427283029206007
526460939909710 281267371198397 818263030641789
116761301441321 696963262219755 1777338693029760
2084079530812469 529864718915864 6412869683375926
45983898635999 223070082025576 5805969200557898
8082341125029717 700167158732161 18116440598120412
3115896557494529 543839276861302 25352690945375103
15203425837276925 627068098820838 17639889799006261
32566063559404634 672558554919525 49356120097221530
577599340003272395 184049383879729 647207452260698295
61639334775052905 173211818770105 178874477998754361
3 9586743383433715 4
1 7147375871525394 3
6 5773475187925145 10
8 4112327322207282 35
2 7950917131462301 3
67 101482421198766 90
348 8449700678887583 984
1 8989729516902648 62
316 3429731560697327 665
5732 1604286613872232 5739
6158 1327398344113628 8511
2303 2936038403174468 2726
68655 5740855015632839 95850
6786 6229273808090040 32342
24255 7694740895166084 85609
413144 2565190584434871 966010
462139 1588017332400280 671926
291323 5807462688417411 485134
2171251 247227881310479 2976274
4187139 5938469174766698 5938757
1718654 3165421324054574 2162964
58387926 7638797879571282 71958390
1883288 7662801766887097 6823799
31367375 9088848502274652 67591337
357048442 2730063979092381 449091620
25023336 8664568686101177 434398563
144277205 3506571003261125 396392158
390923336 7922376838854152 1489789103
717357879 3145904561282588 2760703021
3715056166 3162911244521681 4239974832
45710560695 7759438614863232 64472739084
13964531007 4958833723152893 30450914149
41792944114 101103826405912 52617855318
362117353756 2329337721450301 823229402811
192604526128 6352311892699526 584416088943
414987161203 7569634587002793 830910079193
578318260592 1566452890023842 612554936879
3494287421 9116944226232614 111114347943
175647377645 5621302818447180 2157578047252
19712652337090 8626635150528673 31381659873440
5454322526976 3993329701620951 17491925307560
5337120739696 3031552880014473 20303609547738
18046052663027 6584727058589515 195675361581359
36903037143892 8186823369299615 60704187963732
394372184947913 538219012671057 554074041146774
3049894214254905 3474559986040571 8423646325494399
228758756016951 6981571560053548 1329229336139928
126395716467576 6353235061056933 2368155659043343
596864513722444 8431783887295751 56227162125956659
34381693869283892 1482036926521692 90165853067408388
4965118763300730 5593688962562401 14889849110946635
318629436015085315 1146040945721242 721599405497313267
163725420223168263 3972638067164689 172579583208197532
231142695616964122 2496120878932860 466590985134977434
0 92102473259565965 1
5 54573490091136905 10
6 6962134725023079 7
54 22597293137730508 98
96 56377707440460634 100
57 60116459725337246 67
773 60656433323481779 845
258 26604653183120022 420
160 9350810185739921 270
5090 57735531820355923 7362
1067 13504186273072061 5939
1876 31877741797126030 2143
3631 93613028923599072 20190
24011 76537311234811504 46604
52829 43188899113235162 90259
286773 92448630570872285 583399
2515 70709807758875600 55300
39897 47486037760631164 78221
2560202 11819519209865438 5790974
2681440 566767507107945 9197976
4977488 61801674114853495 6069548
14091432 298780360509624 72660908
12921526 79892486460770787 58429818
76701064 95796200335475478 77390366
37030960 60676451541358875 305543468
226525979 7474445212164702 333335686
41276752 14963604883851793 192908160
572532043 58958977202875509 1774235911
49334120 14299133742133211 9003751776
6363601103 40326547346730401 7118284060
14113610996 96370936805526723 85079990093
54600484689 40978507308937013 75172293925
96645038748 75952503570150296 97062433672
310101687460 37264339258699112 666565475122
255778644962 29492373314267181 433607524994
91873027575 44230081603689338 385980978191
1683509471406 61633239760529477 2277149467526
7757253443049 80954938621099952 8476125474448
473241668729 68884257167084687 1229255680421
33734623285327 76700920364167447 44099531534622
4385788861516 58251674371893537 28691474517219
41255040144650 92007775618992502 41398187970947
138621571382042 24223551068676252 183937479582624
109430093111418 94191152253554673 769637351197426
663455972567597 99532256254807103 953425647597641
5839827537658 74422854292303576 1428819463022170
3732333596591179 7668499984527090 4806758534195008
3971862792665570 98068950696606318 5423330037506285
17394420795405464 92805207229470777 32858724426115336
27132755718856104 59220246665272398 34366965546314987
31258174396312636 36636806556329220 55817026271227062
93230710537689619 8281742601348728 330426804811077813
148770959317324951 92857075580266119 961879729762436738
207183792580977223 14762549944289245 511776024673500917
1 539358721707630353 2
2 557897803311288246 4
5 581114234004396439 10
66 352003331581264686 69
4 975750632552691064 33
50 429039955647544954 54
29 260173142393808117 31
52 186205332067579736 149
51 157531850579608593 54
1526 783457696214178785 3390
303 635631174186775338 1682
4275 226062306117817697 5505
17322 376816279745904172 67106
60146 64133544499385870 60557
12567 148965707071216651 56895
312412 777020185031605576 936230
182188 783587640096051801 424823
110953 644759070204460472 118245
506458 432711513465456985 661365
2113612 335577627423060457 4267150
8375915 72278331160599526 9563411
23465816 638678361727732518 72369297
4826111 571637903759323182 19226146
6376865 78174327884138072 6726293
310210506 873001258685342762 444547321
6143807 376544847136363421 221814817
44976438 337605040828144278 157223228
3456289199 884861536658479992 6102252685
2090434212 552314040492962863 2343138671
5497806377 933324082461069035 7020039209
9916213528 653612543726485756 11744981563
2750010296 484936667870506328 6021178156
62768281317 692675424659666471 74743521279
45783456752 928504217385168105 359058905567
277238472298 762238645472818092 466537343643
162056967839 938236949703110889 601130532874
5641069979732 291152617713116887 6269121361785
5346840781550 866033521970297568 5656007323807
6425473437985 924482398779528280 9835190481884
19650792659024 440781254421659978 44709672307110
15920116988499 572384851105699638 55066791268717
36158094221853 330426787596523817 60744684876905
274663686497528 468826337550835602 909002196978948
213048977358291 435071433258392934 492976686564833
157219914267386 403004001779112881 166779293788391
1925030494748661 307667871257506652 3329275994072908
4122244197832930 726320536556161557 8588753741827794
5607841735592144 379350327930034040 5827667950580665
15371907226218545 854427281358240222 28103676711936473
28326221737289275 752475878909576007 30384797331288942
50184250645273323 425495485477390756 75978358150223013
402490089726996531 406989164141299621 878460737252685229
708315929981853361 90353132465763033 945963971160448836
249311284189777949 880111699536200463 629255723599396333
376477337829460796 930332988992670273 639494359249131095
27474574418173539 684506954514120554 101314990257635748
444471429087142449 988004362127691337 530040081095219840
578739003133312486 674909113346206792 828198236632071254
242261080541824801 559460590277816315 671923717932434761
11895357153814416 135358585120114137 12612241468650641
80302760202549607 126061425157893833 271611378083117542
182854140480263765 533004176296253180 218833927442597340
229587901870591291 691603257276426862 284901894239232149
170913215283367079 625137885557106713 431804169597316075
26025840801796566 996562875677561541 31231647341715286
272961447171606456 174096055792768623 474576037228205971
95032427290925245 968654295926760568 146764412273476655
106021027944154166 237558365853219631 816920857326070668
33171943185064507 234523423142945270 248906078839994871
29408926261505625 657522953554682141 864171739233921758
3366036384630238 729855424686619809 57697535870772062
131213721328036111 833793495326950491 888668172715957129
156703573979666087 978673820615308872 438583390584834112
98813146272030739 555116186691684491 394830390856526196
316852275130525 399371070379968164 17882674217943339
24591106945379102 66785125815455996 888960379685442969
492690089538659540 300581134161170817 749316275073518894
796615605002734 944415860177495858 527427283721059694
217801977235648603 303635026294143178 223900876993445348
88458437705842779 97478139806391254 506482783271208599
184412735049806354 301292057564649183 727512119601374658
35193073308076969 478622432701959594 79262686795692746
