1000
2 3 6
5 7 8
1 10 4
8 0 40
1 0 75
3 9 18
523 8 959
158 2 970
27 0 405
5344 6 7571
5297 8 6071
1765 4 6556
38234 4 76380
25104 4 60447
12866 10 70002
152148 2 997683
602493 2 652274
389794 5 391533
3793843 5 6567907
4442507 6 4781695
7823910 9 8495588
3870933 2 96469507
4480879 9 4965598
21658552 2 41815304
571510624 7 603846985
472449129 2 628895262
57387448 5 124350877
669298 2 15635295
4646360840 0 4646861052
5693492178 7 6807527359
23346849455 0 74866141597
85960060547 1 88127673237
3172920533 0 18087274492
72607716855 8 541778706794
5053116922 6 22177505600
94914341615 10 131831801089
1967995736592 3 3288039896045
2191768769092 2 5493547788967
2753170358616 10 5278941910219
12634880634700 9 20401350706364
26798713987128 5 71985338142742
52725050603081 5 57003231134594
310293707490480 4 512974099852007
153642585288127 3 224445656429350
76770774931810 4 116817370546403
576934446048373 9 7038917047081997
3341398725070976 1 7948609607971362
8341981488729855 2 9070570085048673
16836465954786615 1 57028220870684002
3086557142881335 2 3584081175575003
51073265834753959 1 96828636624142957
207223590645999633 3 537306266053676754
33314451965012021 9 124373541456210120
664385672435695709 8 952316417567190405
0 57 2
1 64 9
5 6 10
49 43 75
84 87 94
22 88 24
535 10 593
139 37 753
83 34 881
3402 23 9838
1151 75 9406
1008 61 9113
29740 33 89859
46551 56 83083
6667 14 46095
619808 31 637942
291345 31 754031
264464 76 418780
2921027 53 3104419
1456358 40 9927972
493433 34 5257992
1951846 54 33852126
8164087 17 18309894
23481878 13 32348373
74799346 25 834801275
330775722 70 855353684
2516836 83 6440230
1137008423 0 4042435451
1412880134 58 8042438424
84992749 52 3710935492
24457722504 86 50399674072
17863025147 86 23983103057
26983680015 2 65648514646
259970134200 87 922934601081
85676010779 40 97067127315
777802319146 30 879756344210
1389447462097 67 7394220867726
321393191792 29 779440484608
8462635558149 97 9688567742962
627114980659 21 26768724131454
18760214555656 71 30877892436990
1744230497915 23 3930734958508
100016706286947 25 533319763079732
409321226971722 36 425080930163162
52334255693896 93 403698483519046
5267880145541462 55 7854033358319893
6570498210713430 64 8770858317757629
1488458315722703 28 3198661424631663
61160654730046036 70 89256525142041068
51792776978008372 41 89756648113128083
14578461468914147 40 21824928289598228
214535700997718736 17 584921213335819144
37255397226314895 82 127151924867022809
80273068150336700 39 942608523949644997
0 476 5
0 805 4
6 743 7
12 674 54
45 570 91
29 989 54
2 101 27
547 229 948
59 379 245
3032 937 5224
425 636 519
341 55 1362
49601 685 64863
47195 574 60991
47005 799 53888
305540 504 324486
268512 453 738488
539382 203 635093
1661306 933 2956394
50079 877 93329
1318820 960 3198943
6727299 302 10896558
1361186 659 13109129
54220971 391 80121564
677961926 359 751182840
42867198 286 631134995
165065504 205 514603200
1449966422 224 2692963999
2297038615 669 4665568170
152083602 160 1741236463
35407679769 875 37794924442
357904824 564 1199457178
21812762794 291 66400173121
356260891605 154 786656763571
144389210854 117 845891487748
318487917709 921 328224406862
1038880588244 13 1811840628268
784513321023 471 2113839126099
6130072370997 716 9825572418895
51011444820694 67 77522026308483
56435694189646 586 64719519291902
9951055576328 554 86100814403272
322466700276737 548 760011131218352
128211959605419 497 136205530756546
4211162778569 490 483240226859503
7229342053011850 446 8789291816279951
8171700867293695 579 9385035302033345
7781440559288043 850 8810997899118810
43455344865963915 847 48927372989080409
50499243833149860 752 50742129744296487
74138458446748830 480 84255440791297023
1565463700328765 208 739679538253675613
202243579025403279 524 454944678396450878
362731741371776904 817 548865031523065748
5 4964 6
0 5502 3
0 9349 5
4 8329 12
16 2859 61
10 3885 30
389 5035 564
699 5733 711
153 1739 396
899 6352 1133
5863 8151 6201
2888 6416 5081
39660 7195 42133
17049 9787 18165
2049 3254 14541
588039 5435 616842
343064 5608 615450
26828 6765 50192
2646268 3119 8804371
1178855 8678 3378931
39508 4686 210897
317034 4090 51960504
7252132 3267 74888227
1296080 4258 65956000
758011594 5471 943868371
2332523 1015 83629692
193170560 1699 998600983
1757011424 3548 2465789362
1871372949 59 6899667709
3391731969 4902 7133949134
18062601185 8548 41600648081
22667246495 2635 88568903501
7543890699 7904 30135490384
326081035602 1728 931176605605
95713889464 9719 108123055570
41017980346 1001 52073299609
4026083175214 8739 7461101801651
8506959851281 3031 9799402794171
222387006277 4057 1659668117698
54939456227101 4892 73083757523522
21611709681167 7851 69840424264558
11460670869231 5381 13439985834254
194313480497211 5261 773430670068845
278289491421299 1537 307663852579066
31355141970418 1631 214739945732014
5543056529673443 2949 6752449048988257
3594670957249448 9777 4103088943140738
4133175868872551 854 7364426747605748
44183579363455305 3772 48883802913442566
37913713032997247 2055 65789664833689787
35943476521107926 5733 61511036628723924
174623561259674045 4633 871364849768413032
375842399192227908 7375 861640802683185642
156465172335949024 3347 338713689603281892
123568009796024311 1489 228042001414510811
207215163383524909 40 703063884440824340
974529266484982867 3052 994668600952039733
301670197364364256 5054 385313204387033325
95064217456430300 2903 302740764020423474
223353433472241846 7738 403048684140028088
254304717248168052 8495 255239156511608738
83032986727630864 9088 135587168846669734
590363804620378289 143 946730129461868568
86949334976984549 6395 132185029963004055
605508154408190761 5987 970594463939825492
822088851020050972 9268 956664793638789159
706595154040907305 9346 802596869889394161
420011335919204382 4130 668317061604101115
522334211740943898 4745 954574013645328208
264947566191673105 1592 606822999788400715
264378333677292802 111 517450784824457925
436302341378007310 809 579370671010166703
675588413753449898 5142 690681702434388789
2014058481026789 1853 2481127444900741
13192485318410033 6623 326865662336525116
444078742798689584 6069 521154250041512806
704267108166477787 3730 792678264126456219
117355319392579924 1436 753445895403335106
56648553768212442 1256 608733105721793276
46196582077850390 2367 142735834332538339
486871866592321562 6438 989106106744316053
68490559012052967 5582 376682284861797417
65125292877255449 2686 213333852595800450
926860935032944779 8293 992664777043568294
10296014886400085 9031 307463581848732717
304445241741959 3401 941848261968483
435762058577720446 56 677183354817226802
61155271434684690 9635 587613417863349742
764761325765272658 546 765418534644614291
207386897638797927 5504 608597250313020964
468341026767285490 4875 911437894429644317
93994523049567557 3967 379533331090370879
441652996814714544 7945 552458615920800283
140659049038669411 3673 275405772505203747
306589929760675122 9037 615742607433265465
344218783286411274 8742 609462099153026533
8189050902089059 4360 11276713113839291
139452036926127099 6312 318356585069223325
42569278628427476 4536 146802009930629832
603808011564920164 9446 694707595505415686
7684825138260400 5024 101164012327126039
579523211333846740 7108 874876541645539831
11066576027558181 9834 868281455412361260
221384269390193273 5465 350651049932265047
425204258798194259 8234 746060666116597641
108838183037308883 3241 256290299206202401
5293200314615167 1538 7136870813180086
123797200217136291 6305 874608423115715317
55553750273061779 6711 775974478587148935
36354798304878224 631 323831193312257508
226359834940293445 9104 649949724952464229
2124659787852181 4323 277707423454692203
59094276584599900 3495 676067207674964315
166861675151943013 2185 302679103594193970
110711357456279183 6222 424857811425197318
24373188246365488 9582 43428623649494495
84090065357015927 4640 119357859897079000
228416929322435780 2468 382625388896133411
329856397578582442 9296 392903450231034735
51090930227314404 5595 86305752418326441
296961798012924982 7646 306335795301064271
567003210659250841 7908 591426720561048971
208112342191889264 8437 685714169053536387
40505693005858868 9820 552992778501753477
230448977264115410 9844 366259390452655574
151391961030095010 674 274368141198808187
62105291822711591 9635 520471325601728658
13586233874158892 5461 257660062983446839
213644512094843599 9349 931409373167669182
573906730016021647 6371 772287737611369364
116993399926527760 5042 501463822907730988
158130853495246019 3810 733787378856893302
255009996344499796 8146 394279937271420880
3043779234111260 7992 10989650010677557
183175058603448595 3814 697084328473303032
40423603780287608 9725 180397828353710227
30904548806541983 3419 366630927435072553
251550878405446493 6814 364478509898708940
23183092372869705 5186 76240668596397229
25883568005761352 632 376761429050075579
356641737722692057 9747 404952159807834974
3799550300205423 1707 15211703313433202
129910622441050029 9356 377062698022142041
447565822437217641 9567 736563669466728694
41705022146844849 327 565538252100868602
253547316114310637 1219 621392366002391872
307572606786928106 117 467075288408747097
113100471944938213 6856 130223845402747412
16567815011350843 1607 18721571845780352
128645865122084755 8943 152979136616796784
536172019185795767 480 878077506412825363
89879291187888158 334 922240993284147628
212367620923362317 4307 219358770346405270
557746833017080378 364 861277055210645272
237908541272428593 9543 253187816759538098
756017083174111285 8281 824020655306059499
70966129528395819 5670 89017798802408902
471293598489099787 7493 745844310197963118
62248972336953899 6585 308709244014728217
437850728741554506 1133 917802720488910751
150947539270042367 8216 566270730990909114
271922396954973828 4054 496640734504470014
577833676168911876 7624 715347185405005733
512210730798419208 2388 765572120328371204
441450094528666176 9235 591866897471936855
217794512173283887 228 442302739002050595
439253080658041735 1085 936520276443195288
849008279078319367 7634 864849941207864433
152910969721936856 1068 835993091553737414
139915273702501342 3105 303049789264545717
640766950793966213 7768 897680237994329048
166304047401728738 8721 291261476632562621
749250394867056025 7677 786410865371384312
86781416499781774 1304 198274718249784189
363530041592837831 4476 923966205072211034
646358640217529116 1907 969501558171781483
286090507451333914 1833 311545478536069025
439945071541312499 900 490176424452344812
32950249394280724 1862 742150193877001966
359537710406740445 1609 562980595504987647
144607550447169702 5252 993805964616851241
282170707640818822 8286 507063645007214632
133873750864268003 1781 777506315245910160
59052886081551214 6659 299843982043162016
44780588015668222 7883 124733108417051261
125011528971364054 4308 559574350920930921
406451757569603079 1652 788135678345806648
234731831129016798 2944 991331856927265416
83631230546357947 3660 480429035894334478
304092163846229592 2879 507952410456612816
125092720126108185 9022 592989308116755495
71484360082998934 8501 209423695984770766
130367509195528486 5306 141562436003627128
603834500914616503 1209 623265657091014315
21588934341627073 2049 306465898993940942
3669782644251993 9714 46153152274689458
162773383956370060 6538 502926999859241207
285732554600886943 9436 624290398199948319
44160774003430100 9989 63081388302969647
93513251380335330 9882 389699719380342058
163992556635744446 3015 567909372368952014
5237019130478463 306 10955158104166996
9825636320858056 844 10752291805890607
183917296124432784 7511 658941117046828274
620699541245873762 6465 759340504624649956
309960403408657283 5550 793382953279070711
519332241940219811 1221 915942083613532952
251507781373865731 1076 459703305384082439
332419962026549550 8305 909233084069835588
66698877247604049 6314 108578307829831609
59290814164987895 3814 127084904805038614
8454262974254476 9369 34167512168298027
616609237722153288 3967 837090995318846622
113940521960244572 5596 721301685140359628
39185522608294257 649 341314361141850299
296221911061814930 6327 375068141977233766
82752229805351848 7342 87569263968978886
318723183242575230 8840 390162084895905130
200938135336145284 6785 493125765799795069
1287549976665303 5236 5178683185773441
34804166524974039 2643 57297814918681394
25181015164524741 2207 271357594687415376
3611125171352058 4633 174145041123118901
544322827930878510 8359 590386902721165195
5419332437013288 4272 537534692030994559
526539341081721406 6338 827320727388537405
321642380050538482 1601 334738946462523040
207382269698787861 5990 739445819705781078
178371120293176769 4186 527471408707134955
539470417850768574 7673 786244677027103350
8032420407489949 9848 10074611968802783
351868522763884792 1943 388262911084008697
38439050293989492 1999 201077513612990425
2687256339820136 8691 28518756543837507
185037199312175015 5617 684848920944599033
103280710575429345 894 118806530407604301
29986244679045431 5341 151719489825204818
113579142614182900 3889 506906100137110897
982209241598167868 1534 996436834973448790
567964260033654181 7039 674107913555539058
34906319090624608 4705 363184411790203520
147082749195034727 8907 363386895180453327
75134623906898599 420 101243564087968324
43646368887974992 4172 55835785683718474
536433815446668506 5080 721786837651134516
11021152715394515 9249 43911550441465185
560050857506083653 5164 774448041852228066
559792564625648142 7158 648714064672926800
167689502866539 4714 265743741406488
733832656332168366 1712 833086060827643533
616641342150590009 5509 795899404800537430
127199173254014317 6322 878895365014957169
43361698923938527 2718 298891225440840207
20398171960293510 2861 523292723379177647
19373893659371583 2574 419688245326012480
578501906160718158 5540 858040407795469631
543349121451086756 7503 618589137657629690
221142248748522649 8690 325385183500270732
59574032588592529 5449 249430012283073069
453960647720440558 1266 697620259614415585
9547679350870860 6770 40536245087724727
140819725693339230 996 839564395058027537
605420489652991372 9111 758229992817484461
37174325695646366 3791 154583807690678631
86658085147492157 9908 851393808408856297
99547243871490883 470 103394687867179981
595049289370449345 3034 608253627004924117
343657602570962279 2833 820267113762612800
10057565500276716 3142 231586408923321206
575711392866030131 1149 707701652171263092
29652243347822528 2073 139222847841736380
443668996682828967 6819 459874533451248067
620389080155445307 1612 752293349325780745
62460281753427410 7103 74921491101285468
199551039394462323 1843 529629182584229631
264695109432588100 8579 365778027383367849
288707159508426653 9921 378158099558987663
70094543139909478 1144 437398751072209153
116393678020852337 3088 130126685803735615
28722292867365596 6073 287027680333641103
214056930473912401 9616 703228578722206140
292830290452314136 4433 548058455173838978
146655291241548586 9581 351615852877231264
111198628025543474 3449 159139612382052983
48127159642496745 5749 98008947790147447
96729228600689911 2980 900573609336947778
29103381191247883 8896 60757435846659694
25646511741860836 5525 68532899265335456
529192515643176749 3404 825038672054169295
439961934505095597 7214 798971933246656572
18031432631383477 9693 409063664250866245
1563664437563916 8503 3739492703959579
38619070136636898 5665 615633945625824904
6183423042591125 1682 146316396084017200
13640988088133147 2070 65762151783168930
8407863025082271 9103 21727640692140456
182611095038378555 3705 184159348958386181
56571718282194841 3707 134136004986027856
12940744881731346 6209 70016579675651310
667718592402961790 9168 973486130771820627
48690844577814261 2820 127791213125497111
98075373150870958 560 126944065258467203
8776905363526091 925 339438698753868703
311651454716589289 6359 724046672335908583
176747545001170057 1433 707524844133200694
2995994780794453 5972 21804629458079109
9918338572892056 731 93553210153627021
32023707035261315 3895 49272427039386482
443721681225056319 4265 520806266561196797
371303779199272791 5381 750152741502569597
427017025306059478 1556 957297905147102313
212737741930819884 682 823601422211571327
28089323509253784 5517 345153483847337114
92629158626914737 3357 985031302013107327
488147003963072056 5345 899963358079668800
88900372236607026 6764 430466405897921123
296310533322340371 5545 577067866547498482
550630803409181739 4162 855921274156454133
230793667776062734 9886 536114432222982164
444332388946405273 1654 714707223112977481
39285579381162675 417 550458919391294441
183599601741397422 7486 234268687919107698
1399664864218397 85 153439706171544796
17365854957892818 6073 359751205393234533
302415731055593653 3908 368640246578375179
95424648889364977 316 272950606237178670
43739851727286894 7813 64346292655254549
352839177689549542 1736 770426837018016594
830076217839528090 7228 989140733663080742
263361243089567076 3291 463512705236377731
89845762142986253 9246 232309827454774080
582852090087622782 8705 893222523906284522
600579536653169780 7857 867826887885906261
188349609915153650 324 777838679652278322
674764778868591064 827 831591821231352563
179920812092569901 707 350477669711444180
40606414406259412 4354 209391794843665183
290229872888922221 8639 543528775935351424
5054363054700022 7644 213076200405380687
120945907180934942 5911 447218817948669655
10199540266939509 2165 311148388482021232
119045406408824053 1352 575001516750529590
362814876733762930 9286 505406313226327894
714542865549759294 3110 915864644513189189
14371954677629890 1169 276076205872302208
84565587520515406 7163 475689641545577454
47992845004403582 7670 243164341613829414
145180447099199781 2216 171053978785034127
122121955315008635 6318 329796129517523339
115219733558090981 3587 328622420236925747
228466637305161774 7664 265895075691553354
215712009012409482 560 337945732034394488
317374499195903732 413 339205334494056676
119236333341879525 5573 747291399820326082
115323911387092768 6330 164688263440941702
56692579656175313 8134 372265211345184674
220353929055147892 1447 697516056514258207
80802782090581813 723 218454355386030465
160265613081913932 8659 958853532261058211
139958179088745189 3730 220763596862200722
399436573505181944 4183 499174348655102617
761678429579558119 5368 855662202989375990
388264286269693837 6358 545725645858875884
269252954605193455 3604 891919654025655601
404884482961112056 1036 714556397655304431
93210997225392040 8957 95162448907417549
476670427931512928 4829 591263341595914162
74647039071726794 5817 112700765204282445
43467220935117365 8842 920617705976262788
621372989604612949 7734 789340901889296212
106533165525415895 5483 284802762815113417
26187431263777639 6969 169267250958080534
7840657236968121 4733 79946397850519550
530941050854895371 7350 742544281151824128
137321775129333608 8881 740436134782093578
88468711364339272 2428 757029877922783908
494327144287947705 6568 574152091320322504
477811940530174171 5978 575455519158614760
434229258214249196 1606 957110976937225426
128655892940637902 3525 380433382606196582
177893967948997007 119 234311910018508909
51961031171287236 3815 185569540385769772
285978733375350897 4665 400172549814908497
425820704346098742 48 428398855190102264
101396215205683434 5029 499982573149567916
166612904772861447 7830 920301700138159952
411098189174307777 1381 766981594549794653
35333221215889916 6293 380151026887425994
62255028483101478 600 81603615909674699
60323666028683716 8876 768832075503244149
18936122292162913 5812 101656452595739241
191430169951391755 3689 565478972974874636
399279109955080213 8273 476598947126778882
81124205952670736 3232 549882529809163230
11513055503221259 5253 369547783193772822
62002897810907517 8926 794267049661701268
461900767010809076 8988 492078886072630955
318460397674888328 8070 880851504381994506
285500272986001591 5957 775711344151110657
85860770133163411 6577 139541373919151819
11522169192840955 1469 13842919665407714
897707845288976415 7375 996909754846364816
32595045403764618 2513 397708093020990496
311849743488588476 1765 891928330802275186
41804329734788264 7038 152283113225760236
426381753778846390 4816 934521518850837494
536249481813190068 9524 974267519624098180
246578876077923348 3723 821691455412966234
625562327738603824 9674 779251180862176535
522893354629934205 2224 947359873873138208
512270159249908488 8470 779380421337516540
134028103180524245 7383 638849033649845464
272104070148849779 4604 563637637385432853
92260657305292891 4819 409839757599814450
89246225615494021 6944 96050732547260286
437384176048274322 2732 716638331199871300
669534725369030110 1814 897487225092362108
35161272259051413 2662 838083589905318977
39554539380999520 4411 107386868615573090
692942620572916503 8504 852652753119450081
345357348359184507 7665 808558194373087788
226513115114992250 780 789581738054384693
149352318567868697 898 951461312025102056
46480256909302694 8533 548305866530458870
30480612202393312 8746 445255043032094559
83667891737786844 4192 941418666348584785
366246953555432834 1833 391167292052989513
124579307895809400 2855 841323295493045703
881799039965120257 7177 898300449214121698
29944726600031517 5466 109454227952350149
6417799069037416 3923 229862130675306671
376896599430509936 778 763487785110222832
135797297450705047 9566 156595684867588365
265034975178362016 6098 586446938442267038
121506995315529270 5285 895716559174850522
179228535365305585 5948 463151355996839314
23964852356106503 7505 443119612411208586
97164576565253099 1934 599251973516406585
309737965281957770 8504 419706461641204391
154618509422186617 1723 205416405325903247
85375646561232154 346 612194175551961181
525181987125572050 730 937133512317991489
423066292349774778 8970 535902152302682562
310041251812042604 2042 364482193515613080
150632019415834103 679 665252960075687361
314695120599178891 7877 722958591117675775
3617321387988253 2332 13171515168817481
287913038071627015 2311 439904391350821331
17170467432070092 4143 164227377622604726
139894485067416953 3128 197233862634823274
636922746198859518 4416 690156092209876864
16165629056570721 5410 640783623326657382
74418851763434164 7812 78255030989722403
118765373091456257 5604 143567413493939959
77512323379929434 4968 163702475939668522
132850343313820732 3313 944460845919003551
484291241228650316 1718 514507496288002561
226486915999122320 7273 784133238994437299
6471578229968134 4344 453174237862897068
8089125009551365 4288 537387066932998009
180551958473888344 9028 635999062034495013
390553534253719861 8152 719581333864766452
52433710344811681 4690 697636719078230836
310515083969969198 5983 601253014686532755
200288108910524168 7785 907018164548978104
654515900564794 2081 25237367826771480
349781968692533248 3490 475936886149765172
7370577824892965 9190 86796500887776202
223074212635346222 6452 243352222663428509
450485070840270423 1636 831472496186272735
485129046626829514 3950 648836665390268003
247177432175542508 1705 719708994719602724
70680698347654883 4064 279475088571616444
213847888867034839 7723 214088389067213718
171945764171663377 2546 194895713277544958
18427083803952796 4978 100387247331393551
9998574810313723 9860 137918233022268621
13300283064843571 143 465297242389346449
1596315853090986 1070 349929188127936246
331809641434557975 2763 401683829480236144
396820501670753297 1919 547315799833078292
118588333250466881 2050 994812147550543421
185487960976308382 9738 703447688674054916
31381915518879925 5493 83305319967603672
11339294193453292 9282 56971508377252236
23042295824953223 3712 474824645434826937
437224467641676243 7269 444118762058856519
241158010951516598 6657 288082371957210746
282423484919311013 6292 997620795441676501
178484529648732701 1601 224375375709515689
109180013574197623 9434 159893697577152576
22027693842383779 4239 464670387281483981
101175492593822282 5357 642555264976908209
856473449271269815 3679 976889833222896567
370574771628941489 9098 388253554301027668
143346523504500379 8343 152057081343387915
253064026485738333 1723 735235124454005128
92749527751847208 3362 271087389359995919
520345203730183166 1942 635533867706823756
284672896199532216 4641 873284845122440371
109219382788236883 231 791527657405611750
207886519826238893 2346 796538080079840225
156688233519021650 2754 890503303895487958
116072933030638224 3547 138288018066177542
65624692896738122 4778 573108365485602554
814313505854345995 2102 841083332419594209
142788715681013287 9063 186819776520493059
151398257384895830 60 519722440979366283
179012383297645936 9041 886528052656238872
421439159385929711 7396 587170868300084168
74710969726664509 3075 78984196918069192
476476386515279014 8082 616385592738980749
455997039530057640 3955 744856581304469045
176398485906553054 6434 697067164797349842
160069321537799405 9668 275447019181714047
552072963823015199 8328 941399939702326681
555447344676986956 9301 629502227526621808
307216840885791707 4581 719062832091444799
104668862232711985 8084 883847624399546214
359697612711980053 7106 465951572160183299
35200567186519323 9229 417963015043206789
182137037541564664 3332 722829816113748181
27885315822940998 7854 824779812573217053
38676960906901609 7144 202178026863999841
325783297517997205 1386 550634038238347609
183635293250938253 3927 414004432470660699
19382159796985351 3332 392317109438684970
30925174491098203 945 862177116139984396
720537472114466442 5211 941955571317743988
322278114581888081 9589 367128177731428381
248122717594785392 3287 505877261839132535
649133305010185156 1181 698092297714758025
448136222054406320 1410 896305980390787547
227518114027635956 5370 424163180685643783
123887756084149001 6273 131094391244182406
203705181429889088 5230 294084583765070476
482454658892738470 4021 621541610875759081
85634713156090665 1000 150160039918258719
36539016393309041 1225 118383499080747495
75828083602994245 4854 886303745450590754
27119098679481979 4743 633952873595886892
135816580776086754 9136 365914683176904375
192275636220971201 5426 409512091267694514
47502869166837472 4545 429698167895735798
300294480078926908 5653 413221769826959782
469289919614899986 5814 910975360251247230
545376657970563074 8202 766971759373763991
224728164551008317 8716 718164949944830013
55440985807754043 6155 86593625678874342
805113027824171532 9905 895449802101751676
6763719791763295 5117 43469229021140074
421833627539221105 3460 480369472429845038
321130900604062143 1193 328939684583328611
6455510615981769 107 19553857424557946
97917055154791498 4508 911386899158884001
124501288286200967 2955 506598693746342279
628860208473820084 1202 896026577293882869
683824844453491829 5643 814569558414723463
241005710718327244 2374 250664481274819033
169056809855468662 9175 359005217388686855
89598538339494026 6461 879878064086671195
257799204408490155 3573 453135780995465077
405802361548474225 8179 414197667301451856
121521882253234228 609 128746990085998322
64378813174396530 9885 91948727314238390
72719982114336943 2427 317054317181604699
133536228017046275 5952 490705374509640297
39780332531731 7755 490672587894456467
324318835602481565 4158 690160345369916427
215876701310546048 344 717428037904571666
342643439077921947 3155 404154489079070765
55152047860621273 1267 59217390097275315
310070332070933181 199 742545681538080707
177360681887951022 5092 808581510003929019
52116573876213469 5917 195204681171907271
573028902829199213 1960 583055397998471461
511953525612382 9546 858946645855787
70373634829522277 5839 584071283020609333
1211772187342209 3994 237577682356190725
371732789954017081 2915 933015134529241917
169547134371251116 1564 817753827851578300
104510925396397193 6385 140661229627714204
98204983108693384 4184 121795860479750728
573516464573760703 7054 843598833484590463
2276034118967996 9786 709208178729035554
365901398546370753 5370 772705988406020496
298907489915606518 8600 334604799154328282
88732821485260907 4913 343958390295662907
829504977093766917 2250 899330763011816537
44990823969392052 1184 140486258657537949
477583881777950241 1548 634673917663454381
163576273786299454 6331 541686369375819057
65148598917755633 4559 499034070223319393
137853076982100194 593 228981912860060953
247088116157852718 6046 841498595074742113
445486428775283239 7161 518246403824488619
99498964141746749 9389 349483933411873329
31847522188589915 2367 683190611856434495
9383701725649922 3717 22746942482821968
40931443355808891 4731 136761112742203448
146615686517028707 7971 193988197679551974
40381169549398827 5404 331280432859475282
187966355681996507 9056 236171548076311221
124606931657453295 6226 641641585620808491
102189090231535151 3062 322696152013967422
365074732170389530 6374 655077379633148436
300395489049140772 2138 312158891355605811
30339321267555398 2513 63982411543566617
88144644273752935 7434 100387805146542877
674398389544661996 7112 781768872578542927
123984618525448183 2900 200616281995122511
517923555515276791 6118 845151486603992925
646340231255002602 9617 945248213663064074
48266895696482090 407 330948431803820878
232841705216151894 3701 403571060771164146
74854517222058331 9157 77869984271658646
211596871460617832 1079 255914720956172721
114989461478708976 6431 348963373074882658
21291980789801012 1639 31866616461813226
452268191527991692 6957 590237692610271269
254386043830407438 262 417927386200302945
74022481924125929 5050 636230499114618464
519194160936794464 1609 801201227208461160
221348738539481510 567 237110475383767985
161233968894420391 1912 363296372392914061
113961330726775116 8954 462177841292982815
2944066144708705 9076 63537248577617282
26840730986479821 3327 40320965654178981
199665737450013217 1938 894746191035772493
504349582085174115 2947 685583736318177533
36530939758327080 2174 840424666383474097
164928947488722815 3967 364687475681046446
283219809349648967 9765 518599036487774428
391716583157305524 7897 895094507137277529
714914924051013167 4636 912243915251424082
399403743607482430 4232 694184317810436160
296663591036509060 7330 595481479553295129
390444600432940499 8573 583272457855217944
215034815398523769 2472 747824161264446758
250917243633350990 8376 981695445394890256
677699557430155725 7497 776655382226263560
57998519801580602 9706 223133419233841442
509338702556326082 3796 824310427569478356
405217233531279922 8732 693661525013316250
118887518736657965 5730 533116107028330064
386134963786055938 6951 859115961225176292
355371810119529333 590 669866408915834467
456563223017464047 7658 902180743628734106
18771613403783807 3590 156408474695589309
153585462331728557 6325 203394477929948878
398353532330314865 7045 597500121980921283
979252656505272884 7234 991282125000118165
409158006337842417 5910 543108292689237182
542097709874116126 4499 635379373328272085
649220359105759328 8524 803038114958793796
291784317535853773 2535 418591788826096975
745548549724143477 2039 963752414019873766
175328184935444794 9929 256675193926398960
5328958157951275 9378 710447202801230875
24953198052509542 6327 61714128832606036
25135133873632338 6823 33304389911532909
412762284428655400 8350 616620338083395996
221408698710657056 1036 490165351903107042
233079218143952608 7913 323611643901692530
36292367394050953 2734 635989339641464493
450157708993782219 6848 812023929105677658
336169391697066947 8490 564232736819506198
237626244953942014 6388 294593770581261883
190920575958221146 8196 327058859915946408
128644709261141956 9230 406862153480097838
31023234411983 4121 6738848802138266
126135386643683218 6653 213477563278301830
122558388106310146 9463 384145356929687167
403905065220536358 958 421877858180786208
422175032975976002 2210 836398073370948145
74978861378033944 8367 130549210993067245
10830391341549089 9761 502854544423931130
124562995945659272 2175 709890017591109053
25282007582304227 1507 191500110921422970
395384824247927212 214 922931274230974603
57167649004244128 8971 806927565335416754
6434181796935971 984 422951807618680422
852852139923902228 3839 976850755819031707
378328798016782913 4350 389606719969774789
482263449316978677 5766 552425257591549383
25405511130066776 8219 52204518273191707
587481854855504587 2583 855173314806490797
111012793995004800 4358 168128173860477701
409799762480150918 3656 918510900400824034
334046734974025732 3309 677279987841329997
16751744717230012 8001 260302639211056071
476433675594293836 8 602744347535442513
75386722045123508 7942 749087105175528414
86397584877435346 1321 181180744302551204
147675272952069850 3803 836033139821570373
246197679155216343 7220 309840951396948507
601985946643681218 5445 707572161930606358
16869835462065413 7773 35896012429278148
4300459927168368 5200 42750978570835965
188356669433413043 7653 207269835006572184
36952715374943271 9318 101380553143750515
638966910940137067 6392 643695499873503079
756675241707878 9594 800901911964052
185734460262014517 6822 231270888798399696
684881951304706001 4599 702767521447579781
666668874909531688 1944 923207731924073906
552694995420230261 4681 944203971221140217
604484213828056206 920 826524236363860749
462143674141782310 7441 553252693295985372
425624966568390429 2682 466670504142764358
103568572971492078 9575 176126460301136961
546412292960830457 4861 990615060217567161
77328788071238566 7017 553333619672594575
48645219766501324 1610 90036874373784192
399030811406029858 3825 558154235864199655
100309254090438594 37 228860256356261743
39434694918591853 1513 128148085224411489
162636958126412012 817 264936029172479409
435323391423751672 1944 436504498921458017
48534312176972029 3377 58146284642428398
157526966374315843 2858 583311821421320467
112441689382579076 4797 360719061588746634
340220965458656123 6321 904487532216438939
23485059329717671 8413 46490008782836317
310648052761160764 6634 799620848177729253
47216131910089881 8809 47277127733335269
33313231042093132 8607 92908991076691430
590087446707148771 8358 705063829033649197
69770921595520925 7157 699530247778874667
24121964637755932 8785 595053087528717125
413362432972131979 2451 593862919453277379
745561973673320 8764 1096763688917108
235128923941145753 2685 622842557937503002
533426521004157056 7469 855728826657890468
493472519749336798 9428 807412266708135587
37220156818087757 5601 326326330482869107
62277687930175592 2240 600022204955950526
46504698858661850 3979 53731976215118158
82867187269393344 9291 230895123478125218
167342003869229992 5408 256007261749338352
69269517342261180 4007 117911493152754446
203901750053908011 1619 418075269312808965
631293954005001378 6090 937115999676098095
117196093874639953 263 133272529120754741
1292643415143493 5252 8929150204013899
178360944409193894 5321 276670902748894833
53382537019727742 7636 137328609260487855
199891652259386557 7162 377844219315278973
24891857864444616 3469 28978038639810779
44794062314560519 8623 541931122993476799
233074612141557780 823 241745035737463787
207123956077855245 755 416989431407118407
366855311523804201 4910 552186417175037769
319773311853231957 7108 491602035763455775
166753572160281990 2195 326835159263604808
96426382469456399 181 100941545922812120
48177162369178556 4473 462125878234355220
104445900866511137 8118 730369522668160204
424144863291798216 1168 435113163034832315
294323431732631847 2640 669017632916779735
153550282246461371 3240 358703303737797907
477595812689527367 7898 981776787530817294
96601640877113187 21 176821823928778078
379484724654415419 110 465967916508612469
314963299152216221 6776 928773946542789724
136757247900908135 7102 512383644787989677
424298280665465337 6402 705229555099221911
108520435865713784 6336 176342872763486937
10865561978336672 6362 16398961353526763
463938115489590371 2416 513589395779559121
5329119390695405 9792 16950638655570772
119891383752959236 7706 623942863121542027
72334874903825445 9109 270787228900360957
342529963275180876 4014 499525061522854854
85411667961697466 7833 94944622525422469
49271677093002390 2582 377198112520082005
178214483772138468 8525 426727185189960038
37632223326247950 8136 411189184553382984
127914896302104515 1111 128175284849195312
52425749888288719 8570 301647199985134312
24462912799162301 1848 42689026028380639
557895295417720256 2321 661772807144521624
126959433819979828 8120 973952401805058474
434189037730803517 240 636731336670437316
23719432563243816 8525 112321384025105533
223465807756794864 6559 908528454239384270
210541151553604611 2595 844836906415184522
365225630846312442 5482 370311950563167290
99225799524546510 2028 985870414689034639
52904773564741648 7940 312350135070917670
428938581837644923 1643 613277639658219453
130959710925092514 3809 248940556983381543
34756822373056388 292 802856910339071982
26159101403792827 6704 27373029217102909
474110638261720828 81 968188642351627370
806355379789810104 3230 956242705826440779
191153350787508370 5450 399696600343178965
409495206121657021 3544 826865448141570750
149324917527959906 178 312528972210789655
79391850997252725 4619 114051801610032151
235102565568816592 9257 459410009122374284
67544804305188534 5670 489774204844478646
406529161866499212 2332 415722556211710318
550241534081073229 3559 875430505084649705
335976515139587881 1604 496030843071752319
6662591618785600 5661 13527411749752629
395172801029882953 3104 416551805532279035
294760907285116069 1982 605056841060050660
184369400159472427 9165 193462727088371901
10628138043061969 117 18760613262871759
4437866866628661 7223 11145505837812912
487488548614411016 2826 513014793203555949
70990138820162894 9608 92613650932389753
120776315712771397 4650 188566993310868253
276002463576409799 3784 505952150113675363
690251947973080182 4787 938148580808973233
688822791636819955 9406 905604626748589707
145351260517095997 4310 385551405320059963
512825478426225792 1236 872646861008321613
331165308208076820 4778 381123382327660416
14298448291590112 6587 39073580871422926
77111223368061716 1873 90124334442168441
260754236262293577 5024 607676924272008077
145843654694994273 5419 406817652575074108
220247324414445854 4614 548608492679154777
38789546075105658 7549 349785665167467491
484293368714577 6506 2075604258389838
508384503117134138 5197 512500249790558593
21724426412733003 3560 847658369365068494
81158122093664335 5055 602439313036339274
433605771013867571 7754 785876895754892107
867702562640286406 3897 907457407765329920
249359386341081799 4569 815010870580527700
122640884669796162 7959 257884301708965537
73458527557477587 5941 664289506654285790
77223867401727978 3587 195991097789947727
240090254651720877 8084 244901622323743189
468251939519903307 8502 612349477798763903
