986034068956057777
733553125238291825
151839935196675144
643781852827599008
252939130564006416
171752049537875557
162540189985634393
334694755571248975
614205005728463449
983007336113399433
950512942471279269
120125465371934667
980315117018360035
881760959861914811
356685645899163722
991085452873431641
506452965081375061
333918986132008971
977979224398749008
76778299367169300
629427418714231765
649588086943274579
862315826120174742
45850560852893535
731260586372101950
789789018580432721
452766325519985381
3768804626368969
128714772958229026
783684585780423796
176027273225918204
849377454460655986
572745729723094073
881286243044707600
780617763453639809
725648561603032916
961545567062368390
678745669268384814
295417972518265827
772343646866422912
549204810301957668
462572789212620444
4885013031793937
775954076137834545
971401971253455463
70325400086953736
579308142315350279
803360527306122413
528294590052852096
279892172973313372
746557440411724346
679104194013806005
201656462733424864
592199482876902062
981878969690523769
214672757800052538
288053572166676718
32322458546180403
13340015891502516
821066168572390566
609808771401027
248194562793967940
900910272219584927
102782890338860383
113688683890500983
768461261920644652
861870951118199762
779106219181498790
619114952924070591
289998157969129737
622537072004310289
77995561125903799
167642350913938627
290863475660886355
10687241745100159
393295281215055155
600234233818027816
150401291712446799
671484656014363131
627948619319575865
483971043671711627
789964013599961292
10064330026690416
869444807083874669
779243836563834049
875406064843472083
863563335555575314
391392287764375972
743909450613585039
894828946574413212
114419789913066427
553412208834260747
932327399827512602
220172763737240815
331649099547834721
136495882451617522
105857732512009889
871942769132867737
994385157772500470
182780566654521169
900300947079056966
591049787074466813
705350445430085444
617652966231348039
333723390547974255
312986154006945420
888087226587162783
14736353544445371
502123611458641640
366824514110560503
468681733990428783
816548041379198836
234871439869147114
537301926179779823
893168215661268571
78747958816801601
118927461697322299
841636477940126986
146549148568677761
595886939199439045
885524014432718111
316204532995277590
194931939254498252
970593416862025311
922955799437386268
952279854228207184
118657917692092493
497609672019875156
121070485277777532
173933764151201880
576370468564327413
576945260036148558
455392633773717813
634002273286281611
676458109149994454
535596531694229067
21470245258875509
367791666043203583
981336029780546143
813700649405226627
987508313514225936
631512257867747972
928321418981751781
782597936817922259
531254436852649594
266733131042570072
651049125144797517
22552014337388249
252556591864653189
410461046109518400
252648521089735266
228918832108142599
936293704667709266
658204749623909613
254119516123742913
167382015499120149
326558031366285414
680401108099884555
820473275656586113
863453073312602838
53564241486033911
736083064245386550
796503294716316593
3660690771865819
827097356011667049
36551061335496513
883059461271439793
799788678885475338
110433759865294552
778852052716472603
89455253032482849
590960412597863386
516928754826422882
941523547562488889
643379967511734199
709097839591452210
935534261444466333
885409681178238679
998045105472079612
219331792176799116
688715042024982356
625757255004716958
444237335033129979
415859193099743939
69595988769745723
91155411970775650
902485499857375719
315425392799945973
459814040799601629
206936513518274701
916625365780197599
210276528583140439
328834286585370430
248785291204545097
292341624567721496
935321572290098018
411868099941232939
81268811000995053
834695422971703853
59331357587302269
556944583906092469
707271982008008816
641256034903545779
827032524746023599
293994118191340582
425617753934463696
769669907294601233
318812288653117212
437368295441466811
54746244304130166
416498153683724559
414747982271524238
995866823412844113
191131787082096755
121748930164783611
652929374540825449
931744776458939312
54347448927585615
725853394563614323
184624390637467450
503267310419617491
170432090435245863
175449587404219703
34348703061789213
999517039250036010
734188961297362314
78430946721513911
732818249931475910
716291972359450236
432733499597260717
653393282198063533
899556804910678186
909491605011059361
462511297707976207
178828434690212752
118314153143986987
266309903035254127
233504271360664649
916583035173614586
723927131167874569
235391410343892599
978366239340123054
299076111908108513
353600278118433412
131487500089110899
638220319940563277
53467706037339862
536456759955173813
573885418960709499
585806468265102472
604192949026754551
349257122066746839
863884908265495289
506176365149490234
323386790095677537
776876670977547264
29919036364218862
343025726280775925
152042928863743512
147447196770763994
553580690828978199
970577520860017797
633539430064742313
482439255155387508
650583572635551727
199726809797215357
39650625674075655
936115099571679266
378532926487474100
868969276539155255
140442292784388610
620550156976797170
219539474631397249
93939968469070079
786100799343857042
369760712313759190
793638529937379016
716562773261870619
968472746028454400
527843793410916541
188112461731949412
914513848785290839
353067775841825332
53779824491595701
667018247609296373
628249078885202374
385367226945695802
274506524746087332
879349213054864396
213531856318103819
872787585445875204
748867336586945950
714136890120613200
38174045193220321
334242470993024253
825220805019887159
860613486469792029
489571404195604348
585282953258373449
474517821581037100
473794638929247107
539227588385252032
336080652979259389
439881875385461760
119192108030255997
47796725821144192
494654199581423762
641304395729388571
829531432499256412
988044922717369770
638562827340898622
541351008268058466
333038795451354060
747228559188786889
948436080966436212
302903663396222129
585217598974188266
135878773630084423
792232242818681069
297005864958322423
46031585616917767
89536412309908249
129004848361531904
651787107710805638
813722817575496353
984516870864122702
15953518575455439
266281733947060004
168558502269865527
378756385732022358
530038441315072867
750153266483638579
531850033996682757
757569312079431889
128467360152269307
744387152905778891
64163971568508337
477120629209106679
92409644861746038
805119433456077815
396880121987052966
242647376974041333
899827750115217692
629526516160310449
343882564106005967
899541145073015486
195715314844404311
769550210265599663
115628204057462910
458844596172491536
394834955137027180
100505621946640915
703315299885771259
271270018333183574
247581598830488107
239860353675709539
276333173601414143
22260613831229513
40128179696217527
686365265165551681
65641141436041292
89459878582694544
69839443473155401
344404860058685411
821759585179363919
752186047342418848
550252806939958213
299542025660982706
514932895805466941
811520184628733706
104979450577186682
953991663114579808
596284226028501057
678596128323344753
207836583189208786
585287823062224101
615327232502283508
683906723185049812
94010078528481009
579918896637270051
706730386292715468
740051857017008772
762672560289264274
109331495946610045
290535561943150516
162375392485091548
595356890034072129
74497028350765969
955579733622228950
21367948122829461
341399588021698047
967540024452162266
63561113700613100
516970145375293611
810288251948491127
441027733878322750
687662550808880504
411135646699040394
117055701645858264
68108867093145983
879190692964228718
170277420279506739
376655659982143871
22793469157832526
611454945545494311
490726105702398463
315833779343366211
292073262946294704
367556516022679155
441343612072303280
538003957063355331
467504608158591691
186841011901890139
806316402736868971
18164297603148737
54123888319530004
606394727911734919
291869733992477047
831991302397391707
240542736624838836
733809376087266599
324789556960897281
79923570245645722
560967478589218912
404055262350260672
203096936733484347
836218789024479529
429804962524600911
778670311731931415
537511476840619366
650449451799685111
912619806461955293
965312502865337842
140453126103918667
559892363127304906
457539663266563957
921455672725838511
564615914175118826
450612554192150210
88214676035560750
334234332348809919
453580896754590345
433795690220768579
352436442762714016
374028279599193166
988133082353317533
999558253146183232
276580184206956913
643914866213964634
583235503315152613
947186796220789469
408882309544215413
401478982023663222
507400505901358079
775115400071346161
8575179574416002
128162375392916799
245944067443707411
417119326856189689
687599934091810289
486211817898103969
981621333400145140
308751636282861096
44225205338413367
795632627149821439
294020042205146776
329639172574271156
81778989397379713
764994762044747883
20743095017390127
732764020137936412
940973816979220301
853033391083576297
955470469243013406
645123059212303527
859573578216150811
312385550139635567
924522170017135797
170299474321151909
287717198562465689
256810166567547100
49313619990853713
851683878137795311
816895293660990599
95014337193831455
405366226711318005
740109443913276849
300483692603326851
494265410049837455
142786653475316731
440711488038676054
989108536869486038
664958552827467567
303830642268093192
721226814812055023
695647380810335213
392654224576598723
513871798758033426
163364464113401660
463195934029598176
361701319220533159
223899821497700779
694968722172219213
283750560527375271
419883464315336149
280678864326656857
49463576509197974
588049597386199260
452078715607430049
656670591258588559
744381104350015081
306919274673361660
126479207552373768
167023475252153459
256156197960955679
693187945361004070
736364479824423749
934959921990310539
804274391413330289
112874063405824040
243668861148427681
468734804430851919
64632942811776047
323553451465506883
712395335829361300
169159329727087481
980162899824267801
866017910128546591
522901987947684900
778438961597372059
297627349688538651
851156145201014179
886171832396176450
931689704816131238
116936396416060637
915129060045565079
628396678511322289
565579940657181200
287153512878265099
545850243706587113
273004587948537980
981657775815516312
708579968338101555
324510671718553976
944055444685489889
612263103765321126
863824767379561549
372851195598133933
249859105510452189
471016440293840289
576904428682695211
305225212757161860
614317493637592404
795856753050483302
105843297636879796
230465506544848665
757258717188665952
441031656402624812
45357626897574903
917990746213499969
252032415204324579
843510053606735001
637181777094988627
440019408322880919
518702391785612645
257483899753443586
955165486737785867
239813750409202433
551902742951572887
615397659882073541
323317892381250159
412425531176384466
596319379973140373
378721393621340773
307091596359134376
928039356385559507
358631879621040807
349539356176194169
700324109618422837
256062259953035997
409680193187319181
826674678343617560
164376907388132916
351407455758287194
211721218582326689
595377087991864499
728609678572768315
936173490690213939
849336515089614676
419785926007195897
529631447707696823
823011385731333431
796244293193504969
871469976745909649
738548026706753209
859584717974734004
952863331357100538
255525647875564589
177975587834480926
757751902509607419
182679162482924299
696464616193881337
426729852675450430
278834120044922733
302623979225235630
148961630435151579
654384428117600289
349996728755743076
987844980116692890
623414817002713409
907038025391432169
192336839069123339
821486300790995390
424565542895049016
71301456645661517
808810509958464899
327686526903605937
23224761315479679
413312384768406630
401429086339329190
963406878451272357
172168732510883733
399474754788243518
499317952625870076
477068897386344650
483510573785561808
921132068094580806
672381815853722019
14196950342118313
944544832016047062
677443812038269261
671249573613537049
669996868401994090
133427965541790120
337187257092896390
690853189044671777
196180987649001009
111623407311180067
234944868573664289
88505042580667259
848819747430961622
688487949782027067
715866141398137926
689929034037232438
928930384054520653
509230997639638601
41897277672986979
97118864818251887
658794559133986709
868729022850277987
963671839227714220
562362896951163459
997754399981114789
927536284465879511
129869599120676158
665703580322769017
321080690009350059
946696120153394232
265054397588839529
161073872518930121
560418576597120326
619857466370652289
606530630704950977
695167732163949847
313568378819730945
584013330545804373
486500316463003111
100201649549547570
472970199027492439
626874410748945473
186633514803879848
416755205971263011
286465910120944304
854038612368616723
207477353632068747
88570001343823756
500468456957837896
935096887840321099
360337396660868745
871071803966118176
23546813526169211
684402358404908108
648743362905150167
944454674653356710
203658695885013754
714889225647075334
737017544681526789
864547772346168211
968822282650136949
205104013730890283
827525323271391099
732862024897763113
196495187275479164
185180787801990301
922409806530027732
121530149655427361
478008971906438050
744023138203162382
377983890388795929
119124570733525525
550808948858351526
457341989323468366
489186308061361009
38936411678619481
284103918215655384
524419351310552834
613893881837377232
302105897866263149
13135711946748827
611395033842205791
840147342048400959
415770878961800579
637042464400910861
565339620120124949
243441455726723280
90783768061702050
323380963309696670
873247989408400979
901533698020655619
214760971371490449
990612126623689948
39059534251403089
311797154026346429
50220715155672709
908404947712819460
847914634583871327
631362895445873050
167664896553464369
643545425204403599
978497784853490309
608557572745850556
790442793028841783
543226117171764480
472631245672846134
222295895336290489
964660257806141568
420969368386121542
688038050010551137
561732792983704669
265350607956835219
772937190862223404
102116028054408683
147326489727686696
549173322260633113
267744575261159759
341570829690558421
102088346802394337
287938792718938062
941307449107777423
558621486339243310
711454557254908248
773990248806890400
882934409157120036
405260071899940413
96914181006630600
793530827796512023
257240294772374456
988450172664237766
818019111721889005
459201951361843689
185901890282366322
685919516464050631
726571318545846204
917095922543352652
828000660546063737
667044100483669067
637125497369029583
798744860420993467
517768901370894811
566753268992071804
258742634231565279
78712410073094840
980616415664871938
969103001524005517
466321790394873850
929613352275449596
604299526471068256
985752096940058539
210542054773942000
71686548271567399
631309597812533438
325101803113389232
666792597726085287
870148226109599449
822091117902756951
559043935593421399
727380328595325049
686977649517365343
926322996992338043
29683886635123369
961873933806288187
849598490303921221
476427523565541097
907725002920208308
280740299844834111
862361533445747769
754232683303634863
307658865100080616
786731186888854903
52593301762549483
545090980539702073
700776437677928703
677930094432671355
367791706208750138
131773930643694417
256963278401020816
92974329341089489
185066138798642019
644757832684719900
994472706149480286
662220941277825913
876259219617651550
851837446838785491
464145378228347148
100825281822347815
405811315112617276
623058584018284826
586212816211762527
992937545875574601
325017761723061027
131467090235929521
235121693775053886
303998821752279510
572381690637671900
95703671688329
541649189906249153
789629103219537219
387095259446136615
296349518855684897
191869235427913580
980352154190393052
996586208574816386
692048233671746529
543543498595859709
271966313948311548
17690361208390040
848528698696257750
599464372299214711
975016430998484880
34972563230657766
367045807210481670
162278130659272104
892373960831108138
101736787350378804
357392717732817481
31950633371199583
226779778183876569
567335083190790558
437802507022417109
76953445942386121
80105237343881737
751518446172066051
380961416185196699
764972536827304748
866993397720491011
522263055668123455
131338186915081899
318044818582059890
788828001203534859
252890141595074421
187904864342724043
520575796921121612
984737723998667083
240782660132357515
767881182256359873
636984584212155837
463043590960238380
616859480814433819
24231436366058469
825132712524257079
534433592814526393
499923926074655827
909380202856563538
641665067292294297
738496516519250900
518389854870152089
24084166576762466
652256351249585623
556283051040417003
342891292517711865
519754232510386289
102694335733877632
718831394331066397
640487112651837249
523367052802366989
431295916778086120
326977638935531212
976078230965597755
590437575336473579
86490944196725650
937579337512178311
4065492820143511
245707250457318016
313989444936794549
269844274954222016
797832573307736427
781602471683717148
203973013270749300
8719721567129040
283428336788562473
390772993803143101
107182412234848469
548027074806422310
307050369312111499
97750577183401911
909849238721224404
444820783637324989
973828153470689490
374492323929611932
934296406104935433
211312271366373101
652247621128201590
874701158818260301
490110883345295087
206723852320165677
233483168646176780
367422100460427527
853812017229423521
185210005717138451
320699387571628643
485013582796399336
431930884973341790
427055146399890848
476221306301111118
44689651536021679
5593679192797860
179524942837780163
710972568748400133
797240193067514426
928122835656958227
77103105289089090
466151746312207186
689236568254526024
848223526298245914
506298709094134161
123856408135554432
342755833691532558
770195004139071780
16453476283924157
104324294919552969
122998386414574416
430809506126690339
492037395637915167
900520054824094881
695778112236453721
871906537691865242
376962311138755880
616714924437428806
219069001649945517
102645939764311058
856487553877655976
520788252430162196
414232445825985292
145755965994290369
630020812710532703
705140733000102952
847490894298779761
782308647295379812
482779351657514009
976761599863035449
437707841282915077
797333355807532210
441884453541286570
388533979592053477
518703976460728527
830216428596544864
822115866351363608
181640652987481204
74397495395604448
85472719783914418
903397962327182750
693541385836203621
490832930200259969
768547858582319468
127975714808437283
650319166871740089
764122140037072059
473938161455378337
644522515976595739
265763905297226300
70725031428002071
642582693181170420
620788438912816416
645928752018342626
225464001100662155
31069099505624886
67344449489056291
246640364396486811
10971611042375256
146394921047924656
487459763852700286
752899471271355016
763833133596101029
852758730699509321
761344747009856719
787547204687931789
584388762570712167
721297055744046444
894699333638589060
86750411353612421
