1000
8 2 10
8 0 10
4 6 10
14 3 100
43 1 100
19 0 100
915 8 1000
925 10 1000
41 9 1000
2376 6 10000
6606 7 10000
5983 1 10000
13671 8 100000
33109 7 100000
99867 6 100000
964005 2 1000000
61758 3 1000000
224461 9 1000000
4640174 4 10000000
3945090 1 10000000
5390203 7 10000000
50954457 0 100000000
7938675 3 100000000
86613140 1 100000000
899201260 9 1000000000
40996908 7 1000000000
404163700 6 1000000000
6383788191 5 10000000000
2691077118 1 10000000000
4667747897 3 10000000000
73570734406 8 100000000000
57295671463 10 100000000000
63639478149 3 100000000000
565594058042 6 1000000000000
329566046299 6 1000000000000
136359197816 4 1000000000000
5534108863737 10 10000000000000
461342444521 5 10000000000000
7244682425743 3 10000000000000
35154753014303 1 100000000000000
63386949876981 0 100000000000000
87710597887239 0 100000000000000
980073812925597 9 1000000000000000
9026888240752 10 1000000000000000
742581378964665 6 1000000000000000
3267549025454810 3 10000000000000000
3866452779388073 5 10000000000000000
4391355995391617 6 10000000000000000
48834593520234407 6 100000000000000000
36289428784132702 3 100000000000000000
9382598355634413 5 100000000000000000
483034856186759953 1 1000000000000000000
96715302839386925 10 1000000000000000000
207619482502952016 9 1000000000000000000
6 52 10
6 85 10
4 94 10
33 31 100
9 73 100
79 43 100
956 40 1000
451 1 1000
233 45 1000
7809 53 10000
471 97 10000
8320 44 10000
6574 75 100000
89198 94 100000
23147 78 100000
941329 1 1000000
355738 55 1000000
633423 91 1000000
9025932 55 10000000
8878102 35 10000000
9053297 51 10000000
96846862 7 100000000
45478279 55 100000000
33721323 5 100000000
190626243 73 1000000000
608437079 33 1000000000
170050655 56 1000000000
3211793951 41 10000000000
5156591780 43 10000000000
7090651932 60 10000000000
57128909946 98 100000000000
92345313253 47 100000000000
48763116717 80 100000000000
696248505779 2 1000000000000
675683857538 60 1000000000000
42797690517 67 1000000000000
4749944118138 73 10000000000000
6532522851541 42 10000000000000
5575598889318 79 10000000000000
85194505007785 51 100000000000000
54920704641196 94 100000000000000
57500682670623 50 100000000000000
849723416129240 67 1000000000000000
170768633948483 83 1000000000000000
740868830508903 49 1000000000000000
9646796216583826 67 10000000000000000
5618791336010959 42 10000000000000000
9204192579944868 12 10000000000000000
16173228237109845 88 100000000000000000
30306853869577850 27 100000000000000000
91191855076177654 88 100000000000000000
154213733077435546 74 1000000000000000000
393040731161381238 18 1000000000000000000
454957915117009032 29 1000000000000000000
2 934 10
6 938 10
4 693 10
45 165 100
64 416 100
33 217 100
62 572 1000
560 323 1000
641 897 1000
6985 90 10000
3056 323 10000
8893 388 10000
53991 478 100000
21428 364 100000
39828 519 100000
545239 41 1000000
819757 500 1000000
603889 232 1000000
2276985 790 10000000
6476943 821 10000000
4505213 719 10000000
81774252 226 100000000
72812170 864 100000000
30769656 424 100000000
860706278 313 1000000000
580186729 896 1000000000
493548088 918 1000000000
7754980677 635 10000000000
2780110711 290 10000000000
7913757870 443 10000000000
2884900757 738 100000000000
7245124335 49 100000000000
39693808999 851 100000000000
911641538054 816 1000000000000
636908453848 834 1000000000000
654624900978 617 1000000000000
2480718604111 220 10000000000000
3638373186623 111 10000000000000
4507284994398 213 10000000000000
50711672876879 980 100000000000000
77873918516396 237 100000000000000
19204923803115 995 100000000000000
926257288425765 486 1000000000000000
774754846191242 840 1000000000000000
446215951339616 549 1000000000000000
6295824451886560 870 10000000000000000
2285622899233361 681 10000000000000000
6114879310179882 126 10000000000000000
63543659763053104 190 100000000000000000
51562772044553401 499 100000000000000000
8050677422587817 537 100000000000000000
58453333903528382 320 1000000000000000000
10071620102686789 986 1000000000000000000
675606355791535701 50 1000000000000000000
0 1123 10
8 7091 10
1 4933 10
58 5565 100
91 3664 100
54 935 100
545 9567 1000
265 742 1000
816 9357 1000
6048 4514 10000
526 2507 10000
5794 2925 10000
94914 5928 100000
53002 187 100000
23927 9839 100000
997511 599 1000000
173522 6068 1000000
32161 4213 1000000
4752704 1541 10000000
9600706 8280 10000000
6309678 8924 10000000
95710920 7605 100000000
99172026 1068 100000000
15029770 8099 100000000
323663578 9689 1000000000
747814057 4261 1000000000
204361483 6171 1000000000
4490642073 1150 10000000000
12171133 4995 10000000000
8448775279 4089 10000000000
35518742269 4707 100000000000
13345968237 2323 100000000000
94018262691 8738 100000000000
713202047179 4443 1000000000000
827102320060 9599 1000000000000
169533468232 9299 1000000000000
8403876268026 2098 10000000000000
6962633608434 3326 10000000000000
6398227763163 9052 10000000000000
32368722066226 5800 100000000000000
9102356937047 5587 100000000000000
75156970878747 9422 100000000000000
342406362186958 6144 1000000000000000
178057249352180 6093 1000000000000000
969991197474353 9328 1000000000000000
3832550197880324 82 10000000000000000
444334068431983 8337 10000000000000000
3629853652019870 4373 10000000000000000
22647384271824162 7350 100000000000000000
98728525997771372 1805 100000000000000000
37547621590171771 7623 100000000000000000
165108196861919232 8636 1000000000000000000
955370444351850340 7901 1000000000000000000
124769412989568338 2087 1000000000000000000
1 35103 10
6 88512 10
4 65419 10
54 16548 100
69 41578 100
14 59155 100
624 29440 1000
482 45771 1000
972 39493 1000
301 32524 10000
6384 27035 10000
9408 96202 10000
79244 17485 100000
97963 3298 100000
57514 17383 100000
201568 90731 1000000
454989 75708 1000000
248327 88289 1000000
471422 81231 10000000
9485674 57184 10000000
9145333 26055 10000000
31035842 45788 100000000
20875653 25579 100000000
36918689 60504 100000000
252003914 89180 1000000000
915806752 68349 1000000000
663336823 69936 1000000000
259115596 12930 10000000000
3378704539 9299 10000000000
6768860940 77117 10000000000
37505799987 13449 100000000000
51303396566 31069 100000000000
80379323894 13865 100000000000
35557213587 96450 1000000000000
973356176220 42963 1000000000000
256588847311 29222 1000000000000
7702691653745 30118 10000000000000
4099451987494 76497 10000000000000
6672159109081 3117 10000000000000
22887868441579 59217 100000000000000
16545726963491 440 100000000000000
19448150359578 38295 100000000000000
163597963685458 45469 1000000000000000
482881448712576 40624 1000000000000000
114062670782890 12864 1000000000000000
7569266618011433 92328 10000000000000000
7046282072164792 61983 10000000000000000
9270496650800138 61336 10000000000000000
25310015940363685 4479 100000000000000000
2531401099493616 73371 100000000000000000
73225827033052092 2237 100000000000000000
314687867227188905 21403 1000000000000000000
837168079747202105 97095 1000000000000000000
336584586864638577 61337 1000000000000000000
8 258602 10
4 922387 10
6 937968 10
5 215496 100
60 273820 100
50 561471 100
25 401084 1000
34 43385 1000
969 481084 1000
3382 106541 10000
9715 728970 10000
4200 798555 10000
98613 115061 100000
79536 835915 100000
90822 228983 100000
633405 783532 1000000
338320 24714 1000000
974424 364483 1000000
4877860 426369 10000000
7619295 107293 10000000
3296331 895194 10000000
66493860 287973 100000000
90701866 783846 100000000
93708855 540282 100000000
323210101 121663 1000000000
828198673 603459 1000000000
438159927 654491 1000000000
1155417794 607065 10000000000
9356823136 27175 10000000000
9420345501 592074 10000000000
67531193232 472091 100000000000
2213255201 1397 100000000000
52513334051 395390 100000000000
950630548651 55278 1000000000000
316030305149 276784 1000000000000
163178476635 236666 1000000000000
5732329589143 625818 10000000000000
3534500995396 575134 10000000000000
5344420758731 25961 10000000000000
57489098034904 467833 100000000000000
77092306558172 853819 100000000000000
2801493620626 340135 100000000000000
459199677039177 748471 1000000000000000
746066540921574 374608 1000000000000000
686549859583188 161423 1000000000000000
9061424116377446 5593 10000000000000000
8308073856721998 304645 10000000000000000
6388005043991862 912905 10000000000000000
15008476970387365 212117 100000000000000000
26717406750520498 602196 100000000000000000
64789527416915504 823207 100000000000000000
544342391036298589 793560 1000000000000000000
695788554667847481 399330 1000000000000000000
975110086686411021 363265 1000000000000000000
6 4612982 10
3 7136659 10
1 4227444 10
87 8991640 100
27 2513231 100
36 2944620 100
738 750084 1000
900 6464453 1000
312 6056181 1000
7186 5007740 10000
7487 4840313 10000
9043 9337130 10000
1141 1253783 100000
69725 3385390 100000
18185 2953743 100000
979479 2575418 1000000
62918 9059019 1000000
712710 9762172 1000000
5117494 3202323 10000000
9184587 9653077 10000000
7855483 1927840 10000000
17043932 1612273 100000000
99982713 3157142 100000000
92899664 5672664 100000000
83946216 5708147 1000000000
261777678 834225 1000000000
774045784 3031358 1000000000
3549122679 2384697 10000000000
1462329606 771727 10000000000
320549075 8076661 10000000000
3987407838 726267 100000000000
69050237562 2395219 100000000000
62701317201 6217272 100000000000
771524207172 2188847 1000000000000
116019127384 1525362 1000000000000
607549005618 5335034 1000000000000
6447527207113 5218216 10000000000000
5173283973726 8924086 10000000000000
8979946155482 8720441 10000000000000
99051931927328 9954544 100000000000000
67732294028788 1079997 100000000000000
29572576405378 1487849 100000000000000
868841883391673 1034775 1000000000000000
713788690122983 2137517 1000000000000000
208418392363096 2439920 1000000000000000
311937067180279 5983269 10000000000000000
1756809591833361 8072028 10000000000000000
7218707824489166 9816572 10000000000000000
58742885470433028 8681191 100000000000000000
81666662713746533 4162691 100000000000000000
13903982904801854 6636301 100000000000000000
76047351043943345 4388826 1000000000000000000
526730805617869224 9015467 1000000000000000000
823683627989459039 3078560 1000000000000000000
1 58498604 10
2 28796509 10
9 24141806 10
73 79925231 100
1 69656494 100
4 17431551 100
918 93864323 1000
687 45670169 1000
319 73556348 1000
5699 92532317 10000
3783 10710286 10000
9737 63745287 10000
88487 73064756 100000
17553 31795408 100000
63235 84568245 100000
882307 65112433 1000000
215707 90216346 1000000
54742 62718380 1000000
9910476 38092567 10000000
1350791 64508025 10000000
553480 315587 10000000
67065783 87088463 100000000
78050050 92852898 100000000
85700184 52809124 100000000
696265406 46173009 1000000000
649391416 70905775 1000000000
80049017 83242979 1000000000
9120461839 82479265 10000000000
8431710484 46695416 10000000000
4369313670 24637186 10000000000
48436550343 98481781 100000000000
26531254536 73405443 100000000000
89223819651 56002600 100000000000
408541388748 39678230 1000000000000
241859238824 50528005 1000000000000
738199159075 26420057 1000000000000
4092122010344 16674632 10000000000000
9382076097792 32047364 10000000000000
8414717070459 31548934 10000000000000
83723957497030 15859298 100000000000000
71519838543237 82041410 100000000000000
24766351461461 34058618 100000000000000
305209256104901 73834294 1000000000000000
927581034546519 68895006 1000000000000000
416775957657215 34312363 1000000000000000
3828297973383368 24082078 10000000000000000
6208751591769003 45119807 10000000000000000
3766018757313221 44712137 10000000000000000
71985741316089183 22266322 100000000000000000
42182246349485206 5750774 100000000000000000
80795226088967035 95073985 100000000000000000
426165537208996094 54362247 1000000000000000000
948049953125045651 47685577 1000000000000000000
462712945840266946 18471594 1000000000000000000
4 457135034 10
2 159690669 10
5 591807330 10
62 982946987 100
60 379332485 100
54 910482777 100
208 171215009 1000
600 346725283 1000
217 901542577 1000
2130 109158074 10000
328 878717324 10000
7068 477149606 10000
18685 611317605 100000
98064 236803658 100000
88320 600545442 100000
351510 225693009 1000000
589517 438335926 1000000
421319 804276925 1000000
262604 331044037 10000000
1255046 445957890 10000000
2691103 455175209 10000000
39891872 321750402 100000000
90207439 66993523 100000000
57848438 652975952 100000000
780793048 801079730 1000000000
143272456 18240051 1000000000
892379668 35118043 1000000000
1489630916 940888722 10000000000
5841980006 732184532 10000000000
3850969424 843940619 10000000000
18305088039 533897375 100000000000
45317408531 138507696 100000000000
29774971990 799451491 100000000000
260122018058 828746166 1000000000000
591338113275 982884813 1000000000000
477723316938 488911220 1000000000000
7881244975068 722412292 10000000000000
839580837840 868603335 10000000000000
8940326660964 121734198 10000000000000
12342500862737 61669207 100000000000000
77608270420944 860003542 100000000000000
19427744538815 951249864 100000000000000
136865431120540 718481273 1000000000000000
58527084082777 528721687 1000000000000000
185531409201710 898758892 1000000000000000
2451665697649910 917374097 10000000000000000
5188760907380161 625366609 10000000000000000
1479220559102419 131749649 10000000000000000
25041397698792851 130205994 100000000000000000
88643034939480346 787271262 100000000000000000
94854636552633171 863725313 100000000000000000
899235599524187893 377988885 1000000000000000000
173472893003995845 674011738 1000000000000000000
708634002884920019 319637143 1000000000000000000
9 6556402752 10
4 2034981754 10
6 1012091837 10
54 7595110686 100
65 9902460265 100
93 8518590516 100
821 8162552900 1000
203 9456834589 1000
284 7793620785 1000
2443 4015946743 10000
9214 1236017919 10000
4543 5639527386 10000
13418 4916099240 100000
24288 5477734387 100000
24817 5047330939 100000
440129 4073894886 1000000
148065 256262985 1000000
143049 9027410827 1000000
7463740 6035900744 10000000
6034510 7512257923 10000000
7880385 109125741 10000000
53099508 7623138096 100000000
42777371 4230068384 100000000
68568119 8737552078 100000000
733038025 9002803542 1000000000
482462965 6427064895 1000000000
590532622 7186559562 1000000000
339644608 3064856839 10000000000
6084822746 7045974629 10000000000
9979115234 976839853 10000000000
81164312311 4274865487 100000000000
3600905137 1966769694 100000000000
87172851960 3828572794 100000000000
774201786133 8698956646 1000000000000
277616921183 554270251 1000000000000
576030005334 3802569368 1000000000000
3383978872590 6126870511 10000000000000
9045374495787 9491854040 10000000000000
2686285485808 4752620237 10000000000000
59278070930689 5345651795 100000000000000
64866850835432 9038385902 100000000000000
93740991211913 1410235298 100000000000000
987775445019642 5020298592 1000000000000000
865813970050437 3325212788 1000000000000000
861213324194745 4501275481 1000000000000000
3751296093497556 954999339 10000000000000000
6639981212577009 786089436 10000000000000000
7941364788762811 6413010204 10000000000000000
29591235851025813 1461216579 100000000000000000
48164602761078 5538911404 100000000000000000
6950948985750251 6836217549 100000000000000000
188406907543856639 8310392835 1000000000000000000
810825730062517494 3539290181 1000000000000000000
696442390468207646 6168547402 1000000000000000000
3 71044607405 10
2 98478591994 10
8 50841113289 10
18 18975468208 100
0 9339846889 100
31 64832362706 100
953 47268686275 1000
949 99813920011 1000
662 80450301513 1000
7176 8442410020 10000
9137 87934072682 10000
2357 2700092379 10000
13977 98259963295 100000
2433 42630355401 100000
51091 47844090958 100000
445668 15278025419 1000000
176016 39184914993 1000000
946529 8370279837 1000000
5739797 16704335723 10000000
4463789 93019265751 10000000
1814507 646890423 10000000
24234990 11639795560 100000000
16829160 16720109067 100000000
88181798 87889709813 100000000
21858398 49897136207 1000000000
679682560 46213683518 1000000000
838658 52291421095 1000000000
9436652890 63269971785 10000000000
5091733407 31499839477 10000000000
3812776851 14610881509 10000000000
31912420476 28192731915 100000000000
5818849686 53554212220 100000000000
15115450634 81680763823 100000000000
622567437863 54785354094 1000000000000
324087246035 72800493005 1000000000000
608126604398 45014408353 1000000000000
83641069215 78703165060 10000000000000
2118975036098 32988074401 10000000000000
3450134479080 28530986044 10000000000000
77152799186871 5881839363 100000000000000
11400891674241 45557988611 100000000000000
93804554799466 36839226310 100000000000000
191384967647106 53320638519 1000000000000000
840330289580812 1472735653 1000000000000000
625680706443895 36294124191 1000000000000000
5623498245618861 90273055121 10000000000000000
7552783979089353 64280672610 10000000000000000
9475715537836363 96635343859 10000000000000000
8760269206928748 17399963893 100000000000000000
68970798233190172 83515094226 100000000000000000
4715014761574602 61828515638 100000000000000000
65276564374912536 74594814966 1000000000000000000
178621520016874736 56698766555 1000000000000000000
16650645679874249 5268914454 1000000000000000000
8 403206944013 10
9 782930974670 10
1 465151400773 10
7 919552510069 100
7 916977543333 100
20 911491390538 100
807 326082859887 1000
393 52383917039 1000
570 703268939235 1000
604 435725108378 10000
9580 525396658190 10000
7191 552531629500 10000
30356 383067331539 100000
43811 152167544619 100000
49622 782777403311 100000
394014 94514414070 1000000
347440 448250882419 1000000
590111 570117131519 1000000
637784 181067210431 10000000
8585158 811480242671 10000000
58955 452979372442 10000000
92918121 519105650765 100000000
99335641 235535518230 100000000
20880508 486381846137 100000000
26180270 106056613231 1000000000
997301793 615153500852 1000000000
832408004 198577037879 1000000000
2864458096 81990256238 10000000000
8276603208 236783111480 10000000000
9781616904 178840956900 10000000000
10116529097 434955887474 100000000000
22904636631 439738671922 100000000000
73363189416 293600706575 100000000000
304775160102 785301762093 1000000000000
634708041916 224843342826 1000000000000
25187199976 956991830009 1000000000000
2753676310341 293186398743 10000000000000
7040651791428 808164959761 10000000000000
3937155896595 909792855800 10000000000000
6709488735329 253128126081 100000000000000
48352039383543 601206075952 100000000000000
66091971075441 74804644490 100000000000000
151544259665515 930643163454 1000000000000000
320014133652993 520929671420 1000000000000000
386372328396669 270918993027 1000000000000000
5975287018188415 639520547079 10000000000000000
9389627780994818 925826958479 10000000000000000
9068478831933452 139199754533 10000000000000000
4540826231548920 52631331156 100000000000000000
68470916688537989 12430687890 100000000000000000
1833880417568571 997423458556 100000000000000000
395092100346080973 77942837377 1000000000000000000
662064997922269293 178088402854 1000000000000000000
465218324369647196 783914069061 1000000000000000000
7 9431295685846 10
5 3670595659697 10
3 3829851479569 10
17 4076601872446 100
97 4126664593666 100
11 7718659328206 100
93 5729189250787 1000
327 4498772142820 1000
383 2870326669231 1000
6439 1247870796705 10000
1272 6961205477039 10000
9299 6570385331721 10000
96462 1234935789274 100000
75436 8674945033961 100000
22874 9754147312552 100000
759947 6279623466624 1000000
838292 3525843798593 1000000
790363 3667966848794 1000000
3987182 8167577260735 10000000
4809172 3237949018863 10000000
9930725 447570253420 10000000
47984357 6929420196554 100000000
99496719 4149872797906 100000000
67628513 4118331606859 100000000
503209921 4254519249177 1000000000
232262093 4061299105429 1000000000
84169920 6046965330263 1000000000
9312082601 4239261320527 10000000000
8645253355 4960459485121 10000000000
1504189245 4153997762313 10000000000
78544412582 4132404667788 100000000000
19552554918 3160352263870 100000000000
6102686474 851800169947 100000000000
757290738465 5517665413556 1000000000000
145156540235 2607593598230 1000000000000
976122628118 5517997570293 1000000000000
9148945153129 2321208242454 10000000000000
423839225960 3001091789 10000000000000
1156970573851 7105811703382 10000000000000
33441726742524 1842796895621 100000000000000
57671387771897 3943096008404 100000000000000
17140564709768 7286027140602 100000000000000
296000423756776 9031100128181 1000000000000000
104457649127839 974614970845 1000000000000000
261746881652939 6413723325935 1000000000000000
6270861210239993 1543003154163 10000000000000000
3079284989696872 3992273593033 10000000000000000
3971160875980551 6978530185556 10000000000000000
19952335433274265 5383830805511 100000000000000000
57850527307774391 4891431609724 100000000000000000
91999043346493364 1054596281221 100000000000000000
76941224960849797 9403095260081 1000000000000000000
755808677659164732 3164776954969 1000000000000000000
113098315687753411 4033249829922 1000000000000000000
3 30129669843998 10
7 97312932328912 10
5 90009550959124 10
64 99838245030943 100
65 67956037897016 100
28 4176710401624 100
103 41668339322744 1000
64 4444066810805 1000
32 51155185321797 1000
8582 27212352582497 10000
985 54279240208071 10000
5318 14093908791445 10000
60993 13025922791452 100000
41815 17177142267697 100000
77750 11261269718226 100000
841740 6952669717015 1000000
508401 69500569374400 1000000
360128 14343015788066 1000000
3806031 80984511786934 10000000
9053357 45729206035210 10000000
8440313 3973692567246 10000000
63277256 73666516997814 100000000
73831253 62927804666932 100000000
2806385 77228604598327 100000000
437764462 76669059804556 1000000000
841012154 47489091453681 1000000000
890578082 73617776416267 1000000000
4396357366 80853606874175 10000000000
2737816459 24822441424397 10000000000
1326049476 96512830470049 10000000000
90270279343 66500871973153 100000000000
86002500443 23153129355989 100000000000
32139825003 69847550212308 100000000000
120256198936 44397448543299 1000000000000
610039518749 49439111927034 1000000000000
39816990022 63745285123484 1000000000000
7956409618065 14005296542368 10000000000000
2954361103661 12763374721614 10000000000000
5939948393647 86355569766801 10000000000000
49193422837597 38887229262485 100000000000000
31533673647459 69191258970762 100000000000000
37311016054076 79777648977728 100000000000000
516740900770764 86721680409259 1000000000000000
809748358594254 7358980036303 1000000000000000
151537475675816 70350008445278 1000000000000000
467222325593285 99750957488104 10000000000000000
1287174842632703 47831068596798 10000000000000000
8218597411663050 21746720579495 10000000000000000
76432088175606031 82301704087648 100000000000000000
79107962319125514 40724748613956 100000000000000000
10442940324746361 35588455422835 100000000000000000
498566863778819075 26772541145600 1000000000000000000
677803524356454570 96639769437902 1000000000000000000
738074497632251280 60815073835020 1000000000000000000
8 850249027222645 10
4 190831889342983 10
1 555124952850051 10
4 644782823475645 100
23 307401443864150 100
31 208702673211129 100
194 696153794387658 1000
290 359594008930410 1000
631 380252908878473 1000
334 494772934305911 10000
950 466812153262769 10000
285 529045366775366 10000
8441 756648409644319 100000
59709 319371751043468 100000
44602 774552308165821 100000
628108 242532968920133 1000000
621827 851220529715184 1000000
591501 747564635107797 1000000
5160677 214171323262291 10000000
3710344 679716713021231 10000000
1462947 475807577944976 10000000
27694056 489804192436337 100000000
51109247 448439854367521 100000000
3559682 156964425266468 100000000
273432709 584939961578280 1000000000
37432801 374366580982601 1000000000
223903286 873312328272404 1000000000
9006281818 256868626182198 10000000000
8669233079 527696533052097 10000000000
6792614732 266893487395119 10000000000
72547979195 276328608805448 100000000000
46018652599 208449619825340 100000000000
50770123822 482690460639643 100000000000
634269218816 219218833388638 1000000000000
466076022051 526099544119638 1000000000000
322241223043 837495396984269 1000000000000
2668498686977 409075362881478 10000000000000
2090684783194 999279513102009 10000000000000
1166344880873 317800394340639 10000000000000
65931002231661 978583696610968 100000000000000
15310931577962 396528100412804 100000000000000
70011235212475 639529261148431 100000000000000
625755497147240 424996055967175 1000000000000000
217533623211496 13432896423837 1000000000000000
663987865620298 492552900428498 1000000000000000
127298862745863 932513771518544 10000000000000000
9140241213499492 875195035852560 10000000000000000
3676028420492201 440680249828346 10000000000000000
40649718325135524 641610261908461 100000000000000000
96473642287514150 816752669864972 100000000000000000
18108764776645760 61439972887350 100000000000000000
423843680630675755 633852686835258 1000000000000000000
404611095987879967 870578794572966 1000000000000000000
826896860104477061 508281105863137 1000000000000000000
3 74142418556616 10
9 7505219219179359 10
6 8997910102777260 10
80 9238126349331756 100
33 3858450041922352 100
8 8106255216885320 100
682 626122113553735 1000
151 1200363286439624 1000
276 938432708895552 1000
8779 9493709052272960 10000
7181 4461404130106665 10000
1799 5685370067452468 10000
45010 1589347179139448 100000
9721 5519987224639850 100000
24758 6004226210983568 100000
143040 9456096332325380 1000000
762800 4433749444952944 1000000
668567 5867499570898831 1000000
327986 8129821446783886 10000000
5673091 7442342604951699 10000000
3278019 6626041781757855 10000000
49252169 2808274089700889 100000000
67214607 1102733039540511 100000000
34221731 18074083926662 100000000
609595693 3542234977467946 1000000000
17501381 8336011287156112 1000000000
37500561 3517368588989983 1000000000
6762055914 1416472938690615 10000000000
8922324339 4664883798192552 10000000000
8006376548 8166595999892127 10000000000
6779004031 566992273346988 100000000000
43289254499 6276612484322388 100000000000
62447874622 435950831398155 100000000000
369696099078 7660287680049867 1000000000000
288815905476 7206095520948626 1000000000000
780600250272 4247399456319634 1000000000000
8770800376732 8534795319648144 10000000000000
34677751116 9489582047215108 10000000000000
6603483575793 4663885700281250 10000000000000
18936857274804 5729729374459174 100000000000000
16737229832446 125199074159793 100000000000000
76581109463582 3751361117351979 100000000000000
283878543134904 8349783353152227 1000000000000000
73722789475512 7899736384539978 1000000000000000
292972530810042 3374271446418763 1000000000000000
1228353245798437 637879175965502 10000000000000000
5829209065366384 8230745315333607 10000000000000000
6205372486389064 863667241880340 10000000000000000
92230988148163976 6940093063350787 100000000000000000
69410743634900816 2112795601625191 100000000000000000
9140207801746838 763894305735085 100000000000000000
438930647635322372 2987594577411501 1000000000000000000
818015877784016903 723881698147453 1000000000000000000
965185725760650833 3563807918642452 1000000000000000000
8 32584191248175105 10
7 45496159596602828 10
7 65930966317578413 10
98 1564646036647137 100
62 19779844320849716 100
44 11781626832841209 100
662 34506972785350428 1000
555 89444783220744794 1000
363 73570462761114298 1000
3572 13605335884466133 10000
726 4092337285986485 10000
1613 80540979528478980 10000
99999 43399196970456419 100000
26279 38460015330251099 100000
33211 28178507060908672 100000
172655 86191177265634212 1000000
928812 93504549503944309 1000000
942291 96301353521166660 1000000
810288 28321730507051208 10000000
4026847 34167208533427224 10000000
7288479 1031472456901603 10000000
44397603 60356482885382265 100000000
83026201 48629741342558243 100000000
58780519 54488150922366634 100000000
202064271 54541163319994784 1000000000
683888882 88208789407782123 1000000000
676586608 76936416714979248 1000000000
4513060630 48536169102285302 10000000000
8927756374 44873773118842393 10000000000
6950521472 3057058533273157 10000000000
60620537458 20606142083422831 100000000000
76994142399 97819889024139705 100000000000
44831896245 66747357476835633 100000000000
664377439762 80370889410607893 1000000000000
82568808175 99514060193033046 1000000000000
526517413493 41339969114935240 1000000000000
9635502108497 26182353825935811 10000000000000
2373133876 25260951049354016 10000000000000
3330837824303 93587762841090741 10000000000000
5721046839139 20556702399284787 100000000000000
42395317092365 16825647660016370 100000000000000
42569164565586 36565307175457173 100000000000000
599622401253268 7645677365501340 1000000000000000
126908372986936 67543001506442146 1000000000000000
638918238364451 2267779626012374 1000000000000000
9313668623331934 15495700173928368 10000000000000000
9948561032870298 98595662881008771 10000000000000000
8079525448387980 29197545683723221 10000000000000000
86363720147819362 78389543259214332 100000000000000000
52130542045123508 46075091217220636 100000000000000000
10370414512474305 63291435204505887 100000000000000000
215391965374074334 41442286126831178 1000000000000000000
535004990309725789 18776876071604053 1000000000000000000
538252638266450004 13912014276837241 1000000000000000000
2 197304599026513325 10
1 576289952335236931 10
3 687923650428929649 10
13 241082922211921634 100
70 320089744027180993 100
27 446911119993909763 100
153 86702506230757324 1000
202 911480488830036935 1000
664 796207376511279145 1000
8741 197150450664290798 10000
132 377822759276829469 10000
2082 624708316496834410 10000
37857 636473649652641583 100000
64034 396211211932847093 100000
14451 15047491223430333 100000
787921 194123299602410273 1000000
710754 255949530533894751 1000000
521419 253403982493833269 1000000
5644885 797091347806509790 10000000
4151683 520141405078196765 10000000
2809467 707206525270696460 10000000
18406709 76477152144100216 100000000
10437909 933169081451625289 100000000
92040622 820402084619907860 100000000
889341159 947084426363381448 1000000000
117595386 187554213297180825 1000000000
481325441 779771703764840643 1000000000
4237812750 965809974399664509 10000000000
4338734089 70745098466502392 10000000000
7366167223 932515407099421211 10000000000
18477330891 104170230880508052 100000000000
38029441731 130145306385772351 100000000000
55668474371 612642769071983668 100000000000
353962854511 84288719996971956 1000000000000
623981945577 222633066385266714 1000000000000
68811014416 689453902483641907 1000000000000
5665192651006 534032376430364889 10000000000000
2827680524293 519587122364824495 10000000000000
2443303401622 84465513078325792 10000000000000
83933977566172 180452598182457737 100000000000000
9904498819495 951399464640497048 100000000000000
79370953290691 542146527928419445 100000000000000
546119849378257 295693466209307772 1000000000000000
896421935100210 791107031349192523 1000000000000000
279096095889582 342630222933630682 1000000000000000
271487259316695 918942935347408431 10000000000000000
422618631092828 78629825412634001 10000000000000000
4653692751195586 56939546565796356 10000000000000000
69164065956256840 736566096634262086 100000000000000000
21772674361753042 80364519759919121 100000000000000000
96369834278611004 248709534752061883 100000000000000000
580838090953561696 778502412107397629 1000000000000000000
525549425081794988 459828476597926989 1000000000000000000
758706243516998186 670652430268705266 1000000000000000000
498111775531370813 509599598256486621 1000000000000000000
91945388113504642 77533604663029512 1000000000000000000
271649243047529111 159082337537639859 1000000000000000000
980067113477009848 240285037538874855 1000000000000000000
318001299516424301 848891931229219813 1000000000000000000
829624802718187717 762866710154260926 1000000000000000000
898215671768996554 473629781357142244 1000000000000000000
383371316514918713 625506947028560256 1000000000000000000
49599095459869598 294904612857285182 1000000000000000000
182069702914933351 598951294925749553 1000000000000000000
1955887892782473 328432354791454630 1000000000000000000
237691401027927899 846549858994179998 1000000000000000000
513213197480312917 90560807556101756 1000000000000000000
104257528306509953 794748057562496441 1000000000000000000
488736279482753455 416820584369600642 1000000000000000000
41150573194383399 826997372502337212 1000000000000000000
431481255115413354 512502834325678654 1000000000000000000
401017688628069158 798873668656566347 1000000000000000000
668003625698036205 283359481330507340 1000000000000000000
575587313435478967 254010570293695148 1000000000000000000
536878055161374209 183459936279725162 1000000000000000000
351360187104420320 52854041835573528 1000000000000000000
794742073984908020 220349288540031474 1000000000000000000
494307890134307241 158426071637406642 1000000000000000000
908952792451946103 480797785401352615 1000000000000000000
403761193314389534 960184850680036355 1000000000000000000
227974094992051982 360862913051147869 1000000000000000000
882347775617439358 516222104027764020 1000000000000000000
