1
2
0
2
47
11
2
4
5
3
38
13
1
6
2
4
0
37
0
2
2
39
15
28
0
0
0
16
57
56
4
2
4
16
8
25
0
1
2
23
23
39
0
0
0
56
23
8
2
2
0
55
4
46
6
0
0
8
0
32
4
4
3
56
57
59
2
5
4
57
19
57
2
4
5
8
13
47
2
0
3
16
17
13
1
0
0
28
2
16
4
2
2
12
16
6
2
3
2
16
10
4
0
4
4
81
37
23
16
41
6
8
38
39
10
6
15
4
46
33
13
32
23
4
39
48
72
72
11
9
11
13
8
13
48
30
16
17
25
28
2
57
11
14
63
7
38
23
63
16
25
59
16
46
41
2
38
23
48
0
28
16
4
23
24
90
30
30
13
32
2
1
13
1
39
57
16
16
68
17
29
13
56
0
28
23
16
38
11
33
4
8
25
55
46
39
24
4
4
39
6
0
39
0
11
4
28
46
10
32
16
11
39
8
8
1
0
10
8
28
25
5
55
10
1
81
41
1
1
4
57
21
56
14
10
23
39
57
12
39
59
8
13
13
8
39
30
2
7
23
32
5
23
15
12
39
24
0
46
17
28
10
16
39
41
72
2
46
5
72
46
15
68
4
10
30
37
59
0
19
24
39
28
2
41
2
1
18
46
57
16
41
0
21
10
8
0
46
1
10
30
13
13
2
0
57
39
23
0
81
2
39
0
1
0
39
65
0
0
72
28
33
1
2
0
63
55
56
46
4
12
47
10
10
33
4
2
46
17
8
46
17
16
23
6
4
8
24
39
8
14
1
66
16
23
56
21
15
8
8
4
46
2
18
13
12
39
90
30
2
33
81
56
55
39
1
4
56
4
33
29
23
4
8
8
8
81
41
39
39
10
0
4
30
4
8
32
38
29
28
8
1
56
4
72
3
33
12
17
10
11
16
1
72
23
63
23
17
55
8
37
7
63
16
4
6
0
8
17
30
5
15
0
10
25
23
6
28
41
16
25
23
33
2
38
59
28
1
16
38
30
8
8
33
28
8
2
46
28
0
2
13
24
41
6
4
23
8
10
4
23
66
17
63
10
2
10
8
63
4
41
23
5
33
2
0
23
13
37
4
2
90
0
41
14
59
56
14
0
15
3
37
56
28
1
11
8
8
6
72
0
28
38
4
29
72
6
16
57
6
8
72
56
57
23
39
4
72
63
21
1
1
39
30
38
8
28
0
4
4
1
21
4
46
8
14
47
8
33
14
38
63
41
4
16
57
25
13
8
28
8
30
47
25
16
11
0
0
2
25
1
2
11
19
63
0
32
32
15
2
23
72
33
46
38
17
7
90
3
46
39
46
39
8
8
41
13
37
16
13
2
41
0
56
8
23
5
81
72
39
41
18
4
38
17
12
14
12
8
48
57
8
24
28
38
2
59
72
38
57
50
63
16
0
2
14
4
65
8
23
8
32
59
2
41
72
24
8
4
32
56
4
1
2
1
39
46
3
48
41
4
41
11
39
30
15
28
46
6
4
7
10
63
39
28
30
59
19
8
10
16
39
39
46
46
10
2
41
13
8
28
16
72
0
47
28
4
23
33
46
8
3
63
0
28
11
28
16
14
8
2
0
4
11
47
28
1
39
0
30
5
28
1
12
8
46
56
41
1
23
24
15
28
24
50
4
39
4
8
37
10
36
38
11
8
19
11
57
41
4
39
41
18
23
2
0
24
81
12
21
32
0
8
81
4
39
4
1
23
16
63
0
50
33
65
8
41
23
6
38
39
21
37
24
30
39
8
0
56
6
1
0
39
15
24
8
63
33
36
6
18
8
8
0
12
1
90
38
63
2
23
0
28
1
0
8
19
15
2
23
17
16
72
38
13
2
48
46
15
8
12
47
12
17
48
66
4
3
38
13
59
25
55
10
72
2
57
28
4
66
8
2
9
17
81
39
72
25
16
28
2
0
1
24
1
56
21
21
47
39
3
2
23
63
0
41
1
7
39
57
23
37
56
59
28
23
13
33
3
50
17
4
6
29
16
38
57
39
0
33
14
39
28
15
16
81
66
41
23
46
81
46
16
8
21
16
16
4
15
4
59
3
4
6
10
8
4
8
38
4
55
57
57
16
72
4
19
29
6
37
65
8
11
55
39
0
16
72
24
8
48
39
30
59
8
19
33
39
57
4
46
90
81
8
39
4
41
24
8
41
8
38
5
8
38
19
10
28
16
46
8
38
4
59
2
0
81
46
39
17
28
46
47
2
46
29
28
16
15
46
