2
8
6
30
50
19
957
969
99
2412
6643
5988
13715
33142
99914
964017
61771
224526
4640191
3945100
5390240
50954457
7938683
86613149
899201319
40996944
404163731
6383788222
2691077120
4667747908
73570734441
57295671513
63639478163
565594058069
329566046332
136359197852
5534108863790
461342444546
7244682425762
35154753014307
63386949876981
87710597887239
980073812925641
9026888240799
742581378964699
3267549025454826
3866452779388097
4391355995391646
48834593520234428
36289428784132715
9382598355634450
483034856186759957
96715302839386969
207619482502952094
6
2
6
19
59
19
189
461
522
8111
1001
8589
7027
89759
23550
941337
356079
633899
9026211
8878323
9053599
96846913
45478604
33721357
190626613
608437265
170050999
3211794150
5156592029
7090652255
57128910515
92345313549
48763117159
696248505794
675683857900
42797690909
4749944118596
6532522851796
5575598889797
85194505008091
54920704641726
57500682670940
849723416129619
170768633948940
740868830509167
9646796216584257
5618791336011209
9204192579944926
16173228237110386
30306853869577991
91191855076178151
154213733077436008
393040731161381351
454957915117009177
8
4
8
33
14
14
377
389
771
7489
4899
1089
56734
23466
42804
545450
822639
605211
2281534
6481706
4509281
81775569
72817169
30772100
860708091
580191810
493553326
7754984329
2780112350
7913760413
2884905008
7245124599
39693813907
911641542755
636908458669
654624904522
2480718605393
3638373187245
4507284995583
50711672882504
77873918517725
19204923808859
926257288428559
774754846196010
446215951342729
6295824451891526
2285622899237260
6114879310180609
63543659763054176
51562772044556262
8050677422590923
58453333903530247
10071620102692437
675606355791535994
0
4
2
99
39
59
513
540
606
1947
4887
2619
28956
54066
80413
966
208342
56359
4761542
9648282
6360912
95754591
99178189
15076245
323719199
747838543
204396977
4490648680
12199769
8448798757
35518769329
13345981538
94018312869
713202072699
827102375214
169533521599
8403876280097
6962633627507
6398227815058
32368722099554
9102356969127
75156970932879
342406362222187
178057249387080
969991197527909
3832550197880829
444334068479890
3629853652044959
22647384271866413
98728525997781767
37547621590215536
165108196861968811
955370444351895712
124769412989580313
8
6
2
14
39
72
793
540
949
7102
1686
1950
79670
16939
57379
722739
889816
755458
937959
9814133
9295079
31298840
21022561
37266239
252516119
916199327
663738486
259189836
3378757918
6769303894
37505877250
51303575005
80379403548
35557767547
973356422990
256589015121
7702691826783
4099452426950
6672159127008
22887868781680
16545726966027
19448150579519
163597963946699
482881448945967
114062670856777
7569266618541800
7046282072520809
9270496651152438
25310015940389419
2531401099915002
73225827033064989
314687867227311819
837168079747759854
336584586864990909
2
2
6
19
59
29
107
400
839
5312
6760
926
59533
81190
6129
133996
480309
68019
7326960
8235499
8438381
68148042
95204369
96812249
323908923
831664987
441919337
1158904879
9356979225
9423746353
67533904939
2213263215
52515605073
950630866123
316031895086
163179836090
5732333183913
3534504298970
5344420907896
57489100722181
77092311462571
2801495574401
459199681338400
746066543073304
686549860510437
9061424116409543
8308073858471940
6388005049235656
15008476971605769
26717406753979460
64789527421644039
544342391040856873
695788554670141193
975110086688497613
4
4
6
63
57
46
580
933
938
793
9426
9902
3104
16015
84938
772832
98415
787142
3511850
4632414
8929076
26304900
18117533
25483791
116734232
266569551
791458089
3562820555
1466762559
366941953
3991579515
69063995908
62737029589
771536779915
116027889169
607579650327
6447557180801
5173335234253
8979996246222
99051989106880
67732300232327
29572584951611
868841889335457
713788702401006
208418406378136
311937101548513
1756809638199537
7218707880876051
58742885520298386
81666662737657253
13903982942921274
76047351069153086
526730805669654650
823683628007142479
6
4
6
81
63
39
48
901
949
5199
1777
1512
83792
55261
36387
891821
423500
312610
8716454
1888671
2366211
67307077
11402604
89038976
961485937
56678307
558201719
9594227709
8699931713
4510831189
49002235572
26952899877
89545501840
408769302859
242149474651
738350917444
4092217790479
9382260179750
8414898289469
83724048593827
71520309793980
24766547096186
305209680213567
927581430283677
416776154749489
3828298111712386
6208751850939862
3766019014142479
71985741443988322
42182246382518021
80795226635077684
426165537521256039
948049953398954469
462712945946368784
6
4
0
59
29
14
540
647
404
7036
9181
1062
21936
35027
14627
744877
415759
233272
1799276
2863721
7244633
88045411
75022171
8581357
382242848
248044514
94099867
6894151951
47691699
8698614726
21371826489
46113005072
34367069169
264882385522
596983862266
480531652349
7885394554337
844570147299
8941025909427
12342855094283
77613210332658
19433208574922
136869558119848
58530121091721
185536571726437
2451670967101631
5188764499523260
1479221315880431
25041398446703893
88643039461613571
94854641513923019
899235601695378660
173472896875559555
708634004720934869
4
6
2
46
30
57
384
279
329
9238
327
5139
50990
81426
77650
121837
137040
99436
8037577
6892015
4705171
40859413
40542392
57588321
445679293
399907609
870560021
7944365461
6557322016
5590141737
5719395172
14898147692
9164402699
824169112960
280800682613
597872190959
3419171982919
9099896272581
2713584820432
59308776674052
64918767864163
93749091687747
987804281914686
865833070271327
861239179790129
3751301579070859
6639985727921648
7941401625476515
29591244244341230
48196418599079
6950988253392387
188406955279249601
810825750392411726
696442425900712489
6
8
6
59
14
72
501
419
311
6193
8248
1489
5079
85264
40758
284413
535354
305437
6440402
2673650
7591683
83914743
58132721
31916423
633989443
133841311
365885130
2863151540
6028693756
7738553266
93853157056
13437444720
84294638647
937257785444
742257627962
866692055741
535716752089
2308460506637
3614018167801
77186584823613
11662579483126
94016161516669
191691244580834
840338749062415
625889182061983
5624016779441540
7553153211113830
9476270617025867
8760369153360954
68971277948881590
4715369908262937
65276992851986939
178621845697977807
16650675944833660
6
6
2
63
29
14
450
853
400
137
3513
8232
81477
55057
36773
513082
669496
512641
1492819
9493377
588649
66734070
29398968
27211141
221702164
475757532
470775787
3821389402
8372944633
7054760199
8529136813
48789843932
59823191494
815595406016
926221638336
522205455039
4437756503582
1682799610860
9163060423512
8163471816811
51805403007987
66521653423403
156889929605452
323006384812912
387928503281039
5978960462424318
9394945786365779
9069278403641100
4541128549059996
68470988091151981
1839609677513999
395092548054396331
662066020872696694
465222827218901387
8
0
6
7
81
19
654
399
299
9147
9319
4666
82737
59927
19474
731814
255331
14704
4863689
7075484
158131
50844015
16334348
9983773
715925649
576929960
214249099
9882428596
1820952536
2315561904
15323749179
72804799841
98893760583
451090573419
123329981118
671830391092
2482103998001
441077676520
1973177594614
44026862224342
80320766857602
58991939970343
347875602532160
110055895756922
298587691678983
6279724312557243
3102216847767344
4011245970357439
19983260479123316
57878623983220612
92005101010548333
76995236901890737
755826856327100287
113121482915776960
2
2
0
30
63
57
670
270
412
1179
3626
3666
86999
14950
61723
393719
497474
99355
9193589
5678096
5526250
30172060
36671420
13311132
97193056
19135519
795952462
2345723059
4324645667
6791480989
75252537373
78960996296
40641863639
141853531464
591252584161
196543738639
8403669821767
6267948159869
1971501174351
72563991366051
28972399589506
95558598769279
14875414958283
852018779647009
555632127838851
1040197785865341
1561919358722451
8343511874112584
76904834081693509
79341887708607005
10647362539226901
498720646854910150
678358628966662173
738423823050268136
6
2
8
33
99
14
342
549
162
7480
2439
4050
19389
99740
31613
856069
116542
726293
8541118
9654666
4974813
19562240
18259851
23197307
354774737
41799204
405778999
7744489291
9088067769
8932673899
20588494072
93090474562
53618368659
840347280348
413293697212
945844722826
2421826728593
2011918405849
6630799632715
86974229283670
92992034257486
43505525307040
66958237588906
294692982931518
493241157400046
5483713687231560
4167413795329573
6207322107656438
44335166007942668
1165118426980692
18461679652158887
427484568338720659
409611752603963955
829816457148087315
8
2
6
63
56
72
912
399
493
9469
138
1663
40836
75389
97171
781490
838889
368789
9830713
8430169
5775655
97886389
10163170
50182777
919500722
811791997
326566989
1964515669
213490691
3432083330
44276748307
80447287802
90072910916
519858764725
532077154415
96874033911
3145099612729
8760991900370
6241629094737
30844755070534
35888192878552
24623524174261
245533051718672
450280618506932
674989343284510
4892369348003966
3107101971790545
1166328730817700
32095297398318190
81546767817390267
13528062339183359
456091569406955566
822173897512580039
985656451395029669
6
2
4
72
7
59
630
10
226
7719
4804
6652
33411
47671
36567
56000
269864
727070
9888559
4111355
3782912
25134339
92633174
73509839
388906360
291910800
169482474
159247533
3195264459
3842938587
72031975099
64606496814
54551341869
855588238379
790623960848
779318527759
2640363369447
414628745137
7032785594771
84647961518433
89920866148422
75878482397903
516850044032612
97944951051727
665179917758719
8321896343393718
6287940049035159
5791972508784782
36637940671727371
16788619140927238
73920200206607109
453438933204751401
642860488447504749
618164079562978289
4
8
6
7
99
19
789
744
490
7879
2289
7390
3601
11855
26791
133750
435711
799851
2404489
1189915
1480213
11583307
89521590
70278738
57653490
55238649
432846018
37573904
7367634432
9046364439
49166321563
54516225769
28623334413
798165541789
260388133879
481912145860
9545667525569
2305649656450
7397528263559
14440596749396
5278761713813
1422481083437
27058450311490
62481352338426
367569952879751
8734617874238494
2077034201922863
1717850557537209
43737363771284
83391277917301687
24972263138723820
52602464276866756
166831670982494526
610973876754034210
425282318233369007
537303046195671991
185427695576810427
360278726952090538
194087276689687173
211576769736073659
618773436881731566
976320596423725479
743548813270099729
622481730354270737
888490958769990051
100324375336305860
33399887400159913
669337859856711942
882978622555474811
791472896765758972
375328159277123147
989795776821964300
295637418157408659
34639207201714657
590682891509989779
654956961617498777
60441553981531199
404316712118519561
670684001107352316
919120349945245959
300792230349573139
847558387186996569
