22727324657244513
939948972548588903
779143569270708315
660203653771072018
503134613196811907
74901362533371107
434499175838570669
621002811204150403
199419653015369172
106885864221099550
677434225921936967
63036348574307352
494529622292772791
270519241868329390
590314991156229751
623844864076107446
13682137356629250
67153188799734343
542475961568472772
38953510282378762
998069320228989789
979982874763003183
358272745145835926
497329779186423761
345655605033150371
425029041327962142
682085903199305814
806407553051524108
985218176915467057
434356454454509966
26125859512356697
907817980224087494
572794590916402428
58422291209894011
936564644307534352
208159752026221007
20952613693689590
190914533852015455
294167378163017181
561009662851433992
93811319773712576
691271695664371755
636981393338883367
564238992973447589
307306579564057376
950633597791040265
829878744403635187
869173358038178973
857135250282191934
920801412972215924
889654840995287841
270902994877206094
684702633631654320
876110302882934281
907864737904078816
439435091014242199
389722184024094837
874184893223380509
844469278450746989
23144550081653161
647293334684796480
781356405362607026
355514937519989486
147195254783367109
648163825248970539
660152391075612189
208345063549572397
9643231741364576
193431953573867314
579502358892303416
769929432169638707
582411533292860712
666012799992419966
889206551087087239
267340325698201050
335528185828224637
387779578888393589
173397494850405669
659864900024484024
504965251018086137
9008954603358072
41081341168572483
953428228335126862
396548735275370839
325110445788067792
711907260632616233
305580074450943086
712339265407495086
620651529731464554
480920298043405690
264102067363641990
185759351094656270
303547690317413410
562083170128343539
898702905489247479
849417216690161229
687821716467294079
529292154597830449
175327372523788769
693642563724855829
990892603084629568
21361293718808886
809030865841690020
735480420350338196
933208434600705666
604467527816708851
78778204345814632
318787684278463043
359030557057960492
752680735609925526
411852353825164769
787086529068555856
464746868875254419
171258255353780650
542579546210661190
180160412152647806
995578735932987527
564266398303547226
502966025035843993
284149565397881158
633439213649532691
222027274694032380
519242491332344597
378232420790298311
601009590006960431
349605269686259787
312196250920504977
447670670929125859
513470339986943909
388533714824014644
187973848698660951
13344902793346076
428148475118935377
896519216712772539
547352571288475460
862776831107436336
70245293305579712
555459201305540711
990885864093453179
843645415496428515
132470378192560960
569447030411305791
704244790868264948
329356087226688392
138749936248026199
652094707252242456
114251622166624979
774291373249022915
69651988820708636
584153090776420539
654086948900500821
614073313376443466
966396377615046200
192122852376119769
133742441189626573
430827645407502317
170834301881996789
236790197967730144
400844738571145007
860175944311713973
583033216258527949
172508177457024967
508194430012406840
897699905350633560
491661716748020232
105667713701913291
835646704219561822
761764290883519193
810712309292211247
843000300901969726
125318083597127773
146264873001830231
263053959121444533
859106341522462650
184826791051491349
636901558336903201
468042466153217069
685808775495278310
546164556961777886
855293444145306403
618903570209796997
299416719000414024
270868990879287115
148969129573776548
55851058162846984
58524260153785581
636240075826949900
419781751544023062
770225268004046612
300907858705142796
45630207155824331
800590589595367207
683084567585218804
638837306229771212
937839250590792854
628105471388854204
97525320190087237
103803811258490100
427016954446112333
20667758828445160
260150051360446027
655244387479755616
288964509155578007
390111447383152459
246400007466673568
80301415439490359
856693364950165991
520676827199052484
662381101933234619
699684695907045445
763313623926652625
470357300357622450
282689923207620373
839352035993328340
335905998319537887
660217048444134672
124866705331036269
276847091604690310
309322644156969541
860876640897360667
737755976422595515
220649496009702982
366157577313580102
796602521452364602
788888294431372714
683473400241824249
450070619349087312
579621750279540326
842870129324184370
23889567995648147
484331581915452669
284320445424349210
50491935503331554
938357178323820040
150857345609600889
868305788341572869
623644387048252789
72093782426310533
963278637670098137
312851072016469638
337999993598594818
247236283505856687
525952653070188169
631976246135796130
254932887792159319
692806616510983879
913279558544283550
220039277627807279
534037242382191012
817887014100455837
564387816049282856
503743684913767283
842465812953295396
37180303770362057
436235175032509979
862900649803008213
625337968648139243
817884534432419616
648007220344927126
497411102949184611
713669047112493179
472178720404284892
852869302959338948
383813440628781751
404471898590036903
975955978639324712
14569613381388841
616097383623218401
526516076879297827
571449003007986858
496685590137881699
141109961554990196
106318919160032771
63827008467233871
855826599785562569
482872696744617045
400847603886325665
39195991552212414
468907952837821125
616376783735039297
43196545119292037
544037486812025786
170093470835492569
162001565467003619
268313045423721869
985933631036219529
593835628424674171
670299413307947932
970037471066454016
965954159553406800
924071829493723876
796265122150386755
354753021532225069
622746700656373041
599814736048263627
910532335169530216
624441482387175047
25329253293934401
207202718554774137
837920619793485211
141370612264703908
4157736720000589
559230135512849711
8963375155169079
881147476313382907
673675621548982262
328249605575035707
81374156276276615
989609545252356167
250779537750867182
505903518928898583
854954642827104337
576699300021576030
132451590172333803
110163837050593279
529333518527863914
351008208372748173
350538380036958733
922797488101876959
413457407587876899
443233509386468006
812531318198567250
602131436975623151
34163191613464937
960024976395258130
418638965009715927
7674392791695950
50191396129418607
66955159614599342
698258133002683281
582289114870149939
519743202279564742
858181830115472408
476861461767349799
917104300577131706
876470836759335659
731138955264524353
589889357835993442
655024968376788412
987821353452289996
251936848915202319
704271486817084440
808102290936254844
566752071937316272
948407467085116327
862691048216458647
966807136387101940
86485667939844076
289167156181868774
22264494394495504
555420911300426651
387433722370950264
462568905160740399
527769877411477290
874767759865171410
724432844358178127
302198140449673407
289791778785385050
943780844517629813
420865151817838912
745978621272766165
372258567519677926
10347212623369155
296465125777661009
745510614929740131
616415533247345387
153556173045909732
770074051834620533
476555323380631581
52017301496977663
487431832930710099
474503198741720560
309713525275323355
46674176022214639
730109768390072430
273125318325847867
201521228759579000
544441656002661909
349726387026594990
278587729415514566
895350326905456654
788952246040745620
121533563726664090
572629064396047714
597853011588233969
994317358466796161
671416699821973411
661723513863154038
280483681717699708
124574305787523471
926668797903101821
862415995951133260
411349712019933422
313751436773952250
467828545436749309
287415281209079662
250122105672247189
674060466928112756
453045850322280299
423624741663002557
752201748569140801
537737396352258655
962729383224933563
883328311894917456
312699519465545632
629882681123454747
201897433313678319
843308918410221758
873860525660588183
743233016231387339
825331042172402230
358120258864633613
935284168587073694
710847098588937780
240852394840777716
430533879187348838
173106728967115221
84639574264100011
709485242196436973
682337898410109541
460905058480267810
967944765637697199
683359040907655686
351939318463296016
283775996886724968
915784419049409780
246834779770818761
272348976618736117
487046406742900932
165538422840105538
555324663286217293
578062774555705539
467458465622778715
935421757468795571
682521348786664448
213451309195122138
154653790263075119
543500971957217743
947667898917794161
539242438801872437
648803889019946042
950191928849340412
585863679463169410
590277856696059479
941570366157171489
791509062075839749
216053298614941947
935689657698667850
692716263620126770
60656944301557161
105028548235771138
36134180621591059
696726145654944709
979329723646390770
336236958967625729
434762948363983886
824660280212819664
141646093023379126
376423827021531707
836461496660438727
873401961377518213
684594444219295537
737723540588637713
493227507888045309
458741320054650511
84982471350805434
957444434974984752
529690099091275549
676715974892803937
794903731655004750
603677053653872114
311445082838435860
938554194078235667
793006185884476382
774201405160670819
742648841430217260
229337468250901981
404747772431721991
410582894045251969
206091302391785266
423422153928562796
861690108601320483
987317763373106407
595490856510746483
561314534249044022
521907588773158144
193813976803349911
689982602416816571
727032770045666756
189953628589573148
263125434132232921
459467452540966008
777712228358453359
517162912740086256
106863081421838361
408752592960829059
135758369113452471
540213998948600118
792905750784363510
827303942460163281
477758120115017059
962708618186866496
972480950917548916
719845080065590192
560488467049022590
230124254900904704
358079393122049339
883985151634856326
719220727729834787
724709468478235411
637476243168019719
142689649963634967
224551104280155851
272687659021256969
76138147726806597
170087281989207893
416078747835725140
13824780831874804
217730190746731083
386400445430978091
66261662653024263
75918785923598499
620050498273359033
486094265777500056
708792062408068212
30245383050311764
463017057983725981
916683626664101622
690484640596189712
450550514949998543
193738188399571459
721428516320830938
285040542579640199
710025965330687997
756880060629812173
450381043988264015
875373187398296113
508462934294899791
956309232366381604
814422184611137416
814317573735461438
568018847175717590
54059668383227059
878500284831917389
274066229695464666
948509690069252582
886464961072539345
566327102253120096
81905809371875056
954605181364632069
495225415606983983
469476820304328694
245866618540947196
710763506236731440
139335277473855817
542645690884889413
438746133878244160
23107532882617448
803720247492923309
833847750113345576
726434910865222999
470015802120543267
531231888117733440
252735820250026271
206535970504705126
674829178413717237
512655630593076004
150771232939736713
619523163563849367
27143329095421379
648290445363988680
799302432441160737
815649913095787499
482199578288311515
803690241518088937
739842712072072269
811336428503792915
477949772027842887
830654174419174655
197851590449651756
80038760554738270
978251681725830811
364152202868200976
523528327859122804
440070435999748104
456556291896420756
931996887714797451
953408951614837487
257649683639357682
788077432958355104
535281528022754337
802692809781162590
448057858051370260
768897089683151432
459971241234755337
767618842424784255
830891625213705489
479463499483421455
136417135823603725
769442400630132766
712616329010316307
240978162779420111
650505104611864649
550826374035407091
867868408778316537
887439578046939991
826913210750027413
74187337716026364
621801657733752312
311030677759896817
578731012320927248
851164857922190461
538243322488930738
186603855077740510
257724905779673333
540259928954982037
973945453141263823
209853064433570769
107499621516274247
850539961638573929
931509342558102266
847517719334853645
339176606493648713
467065334830539349
534321126057202308
910709008128616859
140582611464593289
602749178304865041
207317340320926165
20930811084440681
577074137211074276
33023769405895230
411661283008043018
352818399891734926
221563796069180237
248764749338929401
816232446509507496
948324836674213948
919185406502138199
83581197957578559
545614560780710215
749698581940365479
677586854524568769
663049120527435273
195663015019534757
809666548298753522
85653912291273403
994711242128670486
387989894039657827
217304815739597022
236189986926282506
618586054366849172
617891715437945813
213700032335655018
35728238090123291
602681280121954414
794290753390619206
566831901062142349
395110013491660125
27451373587694719
798423326456896937
131088954818988882
729859743544221439
918557171159253002
232586995321711313
276153773605315972
902103981383331655
374974085026672107
450434817925701608
734320167944254719
963338077345955480
119784624741469515
376229101865658321
468439953016987412
92042238408703937
223308202839718589
999918999821070441
600691926396561262
506930236196207125
118301141255218979
537439760484685029
829606234779077809
566414496000968993
17913921699094926
171875768064104547
421265360057858133
108261410563312750
964198489806189589
891892294317372739
13314094917579682
397343782435116367
728795420459683976
999702640011174155
409827844911877297
567931296086558670
367998259327342240
665740414869818840
913462063530550383
862094962709148638
108156208861550670
242401481746688736
32183767687592090
133407535564703850
446195038791565429
327586333613345868
443692967334627015
673926207547408342
968348434192697381
676488142791362707
504912387528670036
908118923241343461
442491557691419869
598755575805859194
322485553403914248
829905697420672527
568608596978602216
673102806160702679
320821567911879271
33894057498697369
834321952497682207
554605680263539150
36327207330982473
848308502454114723
773134803583272112
440070885401540294
942742732853943127
840290842048206822
709482798890942069
791544913105540338
128473929743547196
753625621849167832
787252419051371899
138139274211877512
479040136064326249
995997190069427039
17431472198686201
321972824992218222
264433264921356621
700432554389022737
952479161053508566
895487295270225662
12945768464042232
11491850372083718
941508025164955023
961067713455797719
227203650295144379
111687469402572656
786943758742058296
494955179910647441
234352009872782430
889248345568893569
375527482310779063
196348912067866499
938967284595523697
877947288545043869
386586549917422310
621649523411217771
804144477213349479
487037748600647104
273638571168732770
776314280790794415
377549680658441629
443269364920706022
51300445638792539
208523652869801426
395313463086132009
684287110344970157
190450347949560169
244481971767082509
537808084705647751
64378238290020004
971096045013529950
867881054166357414
645273491641403869
562053089446489710
350391748471389160
838092740533206450
446148409178415545
339699433218470783
898738046537557761
362702310742465109
563762779721711689
40226776517559989
867216665744563349
204390651538104573
751006410577849208
358219620068471223
969524226301349139
3398594337310509
566577273853898150
629703397796326961
305890908686409271
468670512622278213
179328599734404451
579299238412077599
893794310848549866
785436457873811249
164132213422350912
224327733293952979
925175065982139520
571691687366337569
418110887845298989
546666158318370056
191059310063511689
159489612783067312
980209123824051180
618233025606971451
11452501810771011
720979691171630796
72944393972662855
805509115470740417
981306357860010256
884929926331794600
439440862975896041
744867781478442007
585629686192679977
973859894513610404
840985661581092497
220370937268359176
330881475627662690
599672096155476687
389702734536837286
104646328545264329
59256097441441483
659115719806990411
153279631041867060
557123866032603226
622128010986627522
556209426244880199
264656343990125260
806044943935497130
450131686625360499
999156872247877037
119737259339367438
17132467204903460
562512435650539143
304915287384594289
305326723742013944
820962997330927234
608482497677848358
661982440372318839
1878276686689938
290746585428628212
555982152261798473
680067789721347057
770605119656616472
370697348776726177
284075576867550761
760711536267297150
1243934185923434
474615557971731569
76337921403315107
303161689886179733
519461287679872070
444763287112658421
885222563030493866
224430263471746799
408644831978117233
542168457295809049
787746585348491069
705673158284772439
512997529701333799
539194508213265667
817764998097044601
315805626971798251
432542565878970186
330011174231443767
537528721415138151
781890850096378607
124642544554038390
192767230145665363
443772394478137943
838463809027158791
449034750950684225
403118378918513756
250361273740134118
671946357408849866
483130773225425171
261419336196870030
736499694755785933
642862719967752409
522611928018621977
531965450650213112
174587579198975529
405512010393920916
672468862123540206
845787420435508859
345451038341600350
755791935784504959
232348094419093062
861955002884198212
588320635248594421
949182509703550561
374272888929977907
679003382624181892
634622661346420912
53452585323445516
547429998894852104
940496028977478951
242936640567258849
953970909135714052
61828768715099996
104860735758999750
847378111085169049
653022644117057069
895343507889025411
373092825302151937
527648535537457804
377978364747375300
961699795146613052
35698689936711849
846432019828382896
360201734693418807
326436159183011559
462682189853789996
10751017493161555
664925352923004351
425762073890837304
233714342626604651
532127069754417837
489845858354445843
886429456483092699
530281282454829765
141023085947002515
240332034984272257
862529674752871512
51050368846027710
324260562645767959
571782712679648901
493968375741645323
452521082188345487
270173609685357469
226734108522258024
837380606437899229
793808575001835512
762429171712830107
937355463925463836
981874440745959707
319167489369674280
736246438071111548
504272736489014094
336299231893427422
418791448980363547
825540535485556877
706197682168446379
237891319565959473
229450979016692981
625745955322167069
433564209229046814
324192872240029761
155397650309483050
381294231535660182
168128054961632349
531400329141950045
771978602535970455
12447509116150227
82323689469668180
351793996311278613
866456491282081509
787595394847379860
217829056376340399
425384983818765137
992378492838391950
409496914122143953
505212837064025038
488358753469679116
192196246021924916
826566671005953460
36803626267209789
970915692159145549
928509040016219490
990835921640618856
562955940490648784
799602435960894119
369380046164272393
382053546876192976
825735173587256632
226854829758516612
172522260104464086
17499880119148827
192788461088578773
828388821404601840
696570128258935726
877561821475285239
478979678219976519
825750169779048674
814563613073501711
445894118891766955
633073073925757880
88168422667599506
230619783684590055
907083049890625531
211197313899307270
516637788187276711
307235976168721269
769338444898164412
178725222102879209
74534997076086379
954118004286168822
453018812350592499
