3
8
4
38
10
34
23
99
441
5159
467
2571
1040
27047
45574
7211
293267
17594
4853885
3852004
202672
24550527
17750547
2512813
116559857
335857229
344325121
1163820024
1980407427
1781083397
58380748257
15057660815
21650512744
497084657394
225260348940
5026479777
2550038441857
5243996364218
801983004033
24192369767283
22242705993539
28829105823322
29745603186058
48983242082564
39982094341877
708296626194949
1371294043783184
4323170189908249
794908075739722
18015474022953480
7789016162062335
694646316712889213
191341143020490936
94176994080045064
4
0
0
8
41
0
243
377
596
279
1999
2043
13157
12838
21
35358
4699
214112
1734426
4184939
1650619
33658263
12101680
22074950
275352434
34651066
524527159
3871953333
2706711449
2365262626
23912218
37278426484
10428334704
600137845449
357237920290
38118448741
432015783469
1018268186056
610755911826
54703450826533
4189070672916
20012129418389
17287898149349
7742857949559
221430936692119
22570136726981
2895894355725481
1875983472369857
9366492730439906
21490375863378349
3202440247105303
266522359506975116
445872703765728083
1040796674464986
4
0
1
10
72
11
513
901
127
3373
679
2890
17421
3471
15777
158551
19389
26879
1383276
3979542
2768179
46033116
22684563
5798207
94687762
39316322
248119826
1854139570
290251326
2465543589
24777037445
1214741493
9791425831
163668205456
126911726974
69616781099
2627471226442
2185736483248
5755392076460
52195299666813
49463091744113
66440720081397
433437529859189
430163732954311
439335072931003
1455221835766572
2157255354745713
1972043727156212
7812731775348913
29017908654839062
34706973373283269
678319205155193466
189410184643249363
262092941258081770
2
1
2
17
2
46
423
299
261
180
8356
4477
40212
34712
9117
328926
458311
77637
978582
18631
686696
4375051
18362579
13226533
11694110
44662679
31285304
624686473
795842271
5169514389
74095196289
30063914979
3627763625
43660991870
50904399190
674054518720
2510622251373
8114967152376
1620465695208
41634519351439
81071171157739
13629804269
663331182244296
155061446453079
287698086223121
5042157647175512
3472273320840697
2731500402235632
10290794533953973
11551377512550976
1908619405868979
201720359315356290
177459029235462073
550327456655551180
2
2
0
46
39
38
81
138
99
5627
3515
3987
15996
22109
60626
12167
94321
14491
3919666
9170996
5074643
3331138
19783066
173950
81901902
378759165
21783001
5663424189
2584639896
2022945929
4578851604
16558256213
35654342177
860510130551
804248401179
196864275421
7834112905647
344466167015
1776490013740
25428333511009
41633947746259
15930485344832
36469092222658
16275550824000
105071061051456
7937983132541389
354182740539143
917241810548063
53720451828262513
36599171968635623
56154151354336279
77477135972479049
11731184069589399
6988940224456629
2
0
0
38
38
11
180
81
459
1739
716
1715
14418
28213
13419
262769
440010
27237
1432612
872248
5512845
11211527
57418353
61797001
96289666
653158869
441648939
6210328733
5337579601
6351719
9361052907
33756836838
32542400493
98597477450
551549857849
219526687070
703473261926
2633284793076
5822812210464
17119102980091
21505142159287
13353894943421
480448680517511
6642865897260
176212302137662
310990020286127
2516638654209350
1683000896527448
3111823513102055
31333092755368077
40820122614066714
66433351396041819
169955515145500968
540225202415851070
0
2
3
28
10
4
25
140
46
7177
5974
213
3765
5525
16889
175936
334039
138199
1185130
2126126
859619
12217612
23153254
69847567
135902008
15805073
123845347
545631239
3226461699
677534481
5401214069
14489447323
24314870271
70377418677
33589373110
269026183857
6852910228561
3874618655069
8399326690525
10616452472004
16634385881321
2780690794813
129970250329913
259765800713747
837692326842063
1973619970597029
1001823460544210
3048098027010006
40313509815029001
71488193470668593
17192125325264589
735225065364671116
896441457690386776
56655949900674203
2
6
6
12
25
46
377
72
59
369
419
5719
16437
34445
5912
177889
232552
420799
4324717
4574490
2204266
35124016
50823173
30749936
853109729
102728467
79654968
56603180
3657169689
4310142662
20195712313
38372279616
4905860232
433157955782
38855365027
225144395656
709141451639
2985119377714
3973886774868
2392461155355
2699382193751
2381076536616
699119909188252
434253765177650
204245641931152
510572976979831
597695356717703
1680261740404577
5932791123328096
2029131289639334
928096464033538
405634640085517327
770356241899959427
14469083472828823
4
0
4
19
41
46
596
226
459
404
59
7616
30280
4
145
266549
311313
415713
614269
846604
102576
19401851
7718669
9531806
774056215
238215483
402032851
1268425913
4484990499
15344793
1251373587
73657720445
75430260282
69815577749
12721141934
197303579738
351993188809
6707728744661
979157037248
31218500855076
11437962810331
73610829458190
52677438072687
252360456131944
174278469357937
2467260399664041
2806202389928976
6790704596316961
7605617737879150
39031336201115769
560484754982865
140008807274293216
257857487513590957
456239479698784570
4
0
2
28
23
19
621
360
309
1508
72
1596
17821
11980
883
120559
440886
74359
4653881
4946673
4213763
2943722
13861609
691250
731034210
4962999
147805548
1895348896
1629365997
2401675721
37952292902
27378260967
13816221360
31095304572
572349493186
314628352483
1866838922710
3093087752591
4919590744748
19970197901190
1843016946212
42154544092479
133486800795393
506004653035789
291324685260551
757881723385439
3066870258695811
4111986407070709
61254862687832436
18472821797455813
5897297416417669
362233586127722649
578890248474133306
131998255558531023
2
6
0
5
4
2
127
729
299
6859
5923
786
850
59916
54622
630
454919
205071
710281
291800
4164473
40452959
25692476
2353486
218638322
396794516
549665697
621931301
638742311
6686519596
6263564569
28500014115
26744417089
386187560363
86019347337
766312871715
1315551995369
2234427794230
247456698750
49763004955289
19159814895056
48726227538933
18135717746412
630046335310221
197643362509919
5404625415093949
5261703205341150
2730679501523360
8368178464665369
3605129230492527
24534295739852111
54523793983513183
514892831753151633
269788075370347432
8
2
2
30
16
16
531
72
66
2915
681
1581
15159
17250
15499
208145
103019
241633
270499
140809
559609
16025449
23272349
10911773
265313737
1869067
256304737
2718960527
403505579
8034307974
30554568338
20034921062
6280173249
276587155417
243784065579
127349983699
213951109489
5353355980699
2268098610496
13697335106926
40515520480780
17549053568711
116383905148394
311788544575397
314717298558261
1943284394406150
190238726769911
3606418236077612
1972431611773454
46855454894197009
259754954563107
7173296052972441
35235944365780004
220594573441950137
0
0
0
12
2
37
309
596
90
1341
1676
1869
28326
19326
3515
381364
14083
316647
272300
2194580
3994350
56545719
16618661
3299576
629994706
134975859
173362837
7935936692
4890314111
2967281040
37937805396
38454382906
27900854
348965806983
592221900369
54557835922
4433205891950
173418133759
4750827083122
12932749329390
29614557644306
26836984314843
306072429472073
665405100268633
159094706812800
8183084665911294
348456768475350
121215277135127
10161225497506983
1082711836513751
48243907653894560
270544018819788569
145933562317705972
256659334163165704
0
2
3
1
6
11
28
68
46
4899
2061
2200
28226
2279
40273
326058
411292
833279
14392
475021
21952
23757450
52597897
60593213
53451509
168359
26997910
7883760649
2941841394
2804716693
3300311629
790559739
8504023549
103165941028
158577076729
2484767419
3888643162460
2450508772771
1764515193782
2703584266249
80516839458024
24219018824603
59954936951590
337103741692537
122459704598980
2218013803537104
1561793871201614
6799114784057812
6477677115696383
13719676846538089
28253687242181427
239723617646270379
241688496707992666
653198472167941737
8
1
0
11
3
63
14
13
360
2661
6366
180
7660
3656
84619
985274
416891
383613
5074890
3831697
999166
34588847
5721680
22401730
85417787
74782619
395780200
1127699736
5711961419
2752402289
37690070340
1481609579
37231594369
135697418461
74278206318
107043069180
1019564190413
8069420071325
1809100018479
43239058514672
70970815577726
43086035289380
109276515282010
158709133355039
505551465476174
565482539507769
5127654137492144
1327311778990225
12104143122166650
6239741860040399
1165452667358599
36429280086533370
578656530661856896
62634273812066160
2
1
2
24
1
47
815
46
647
1569
4050
1229
5244
20726
83104
359626
309847
478504
79481
2141551
996745
55700063
2399027
16567827
122571182
209095959
367847213
1009787503
2632385280
2026999609
11037750942
5205076555
44943190019
269692024608
233172471654
154830631620
557849929749
83670487649
1119451359181
19979487905027
11464665446455
18564626783466
75766951947679
16759989182721
161490107274223
6160681739911092
454442885513132
1097422649024180
49029534990238822
42894602531993383
7315904184388869
325212363687169549
13964907451459211
245480563097303379
0
0
6
23
81
47
329
39
261
3359
261
866
7179
25809
46404
258379
39639
24417
2539601
2450242
641856
24986696
35873643
42713407
263416587
42081710
130709589
40044619
368118176
1332610604
69668600350
29246990080
74350114904
62968472371
86427596699
309972609974
544918437173
566249773887
485571071053
9984774534333
5508296935571
8750149924863
39474305718350
93978988796576
327294733940748
278142458663318
4519828919028314
3259451648115208
24733485731783851
23627735713061199
18434075345299453
140801534902246966
682147549977830270
291980761573761250
0
2
0
21
28
8
30
63
4
1766
1671
2989
37056
41244
14568
407508
257861
83766
492829
4192729
4690886
68780889
14266339
1047016
334683422
82697563
119494944
3384706713
225029309
6933763211
5502916166
3843496119
70901003564
324870983927
335918005984
147065308459
2707150730825
4708097438377
3673736980661
29481292788221
10867322935163
59691197476427
776653102167869
390534420896179
139689216451912
1342114351473399
2016487781154221
5070979326446962
5109841707778715
5566614823720761
62948283228981430
104877955789359179
281345750613049937
270679687210966694
604410743184331313
8038802728226515
289186629736748804
314466095158515373
96217551116760009
7444187165245066
261184362744023476
180786993749806000
213571817974209447
307309227268932649
3719435854065261
323827520022886479
81992917105139550
653649619002813444
135758105093810176
349573103786423469
41476624443732313
477232516915758726
76680401094994368
128790565865234818
5345844426589248
408208860268757269
720613534762909376
151304911327621726
170692695551653180
141895914134374984
460028077728026066
10234888224174648
