2500 996
2499 0
1019 0
0 1
84 1
4 0
0 0
0 0
0 0
0 1
0 0
56 1
1 1
0 0
21 0
1 0
0 1
5 1
0 1
0 1
0 0
0 0
0 0
4 0
0 1
0 1
0 0
0 0
2 0
0 0
0 0
2 1
0 1
0 1
1 0
0 1
31 1
0 0
7 0
0 1
0 1
0 1
0 0
0 0
0 0
0 0
21 1
1 1
0 0
5 1
0 0
0 0
0 0
0 1
0 0
5 0
0 0
0 1
0 1
0 0
0 1
6 1
0 1
0 1
0 1
0 1
0 1
0 1
3 0
0 0
0 0
0 1
3 1
0 1
0 0
0 0
2 1
0 0
0 0
2 0
0 1
0 1
4 0
0 1
0 1
0 1
0 1
1 0
0 1
119 0
5 1
0 0
0 0
0 1
0 1
0 0
14 0
3 1
0 0
0 1
0 0
2 0
0 1
0 0
0 0
0 0
2 0
0 0
0 0
1 1
0 1
14 1
0 1
2 1
0 0
0 1
1 0
0 0
1 0
0 0
1 0
0 0
3 0
0 0
0 1
0 0
2 1
0 1
0 0
49 1
33 0
1 0
0 1
2 0
0 1
0 0
9 0
0 0
0 0
0 1
0 0
0 0
0 1
0 0
0 0
0 1
1 1
0 0
1 0
0 0
2 1
0 0
0 1
0 1
4 1
0 0
0 1
0 1
0 0
4 1
0 1
0 1
0 1
0 0
14 1
0 0
7 0
0 0
0 0
0 1
0 1
0 1
0 0
0 0
4 0
0 1
0 1
0 0
0 1
7 1
0 0
0 0
0 1
0 1
0 0
0 1
0 0
6 0
0 0
0 0
0 1
0 1
0 1
0 0
7 0
0 1
0 1
0 1
0 1
0 0
0 0
0 0
6 0
0 1
0 1
0 0
0 0
0 0
0 1
217 1
46 1
0 1
13 1
0 1
1 0
0 1
1 1
0 1
0 0
1 0
0 1
4 1
0 0
0 0
0 0
0 0
18 1
17 1
1 1
0 1
6 1
0 0
0 1
0 1
0 1
0 1
0 0
7 0
0 0
0 0
0 1
0 0
0 0
0 0
0 0
11 0
0 1
1 1
0 0
0 1
2 0
0 0
0 1
0 0
0 0
1 0
0 1
41 1
0 0
8 0
0 1
0 1
0 0
0 1
0 0
0 1
0 0
0 0
3 1
0 1
0 1
0 1
9 1
0 0
0 0
0 1
0 1
0 1
0 1
0 0
0 1
0 1
2 0
0 0
0 0
0 0
5 1
0 0
0 0
0 1
0 1
0 1
6 0
0 0
0 1
0 0
0 0
0 0
0 0
93 1
4 1
0 0
0 1
0 0
0 1
19 0
0 1
1 0
0 1
2 1
0 0
0 1
2 0
0 1
0 1
2 1
0 0
0 0
0 1
1 1
0 1
1 0
0 1
1 0
0 1
17 1
4 1
0 0
0 1
0 0
0 0
6 1
0 0
0 1
0 1
0 0
0 0
0 1
2 0
0 1
0 0
1 1
0 0
13 1
0 0
1 1
0 1
0 1
1 1
0 1
4 0
0 1
0 1
0 1
0 1
1 0
0 1
4 0
0 0
0 1
0 0
0 1
9 1
0 0
0 1
0 0
0 1
0 0
0 1
0 1
0 0
0 1
20 1
0 0
0 0
0 0
0 0
4 1
0 1
0 1
0 0
0 1
10 0
7 1
0 0
0 0
0 1
0 1
0 0
0 0
0 1
1 1
0 0
16 0
3 0
0 1
0 1
0 0
3 1
0 1
0 0
0 1
2 1
0 0
0 0
4 0
0 0
0 1
0 0
0 1
16 1
2 0
0 0
0 0
1 1
0 0
0 0
1 0
0 0
1 0
0 1
0 0
0 0
1 0
0 1
1 0
0 1
77 1
9 0
0 1
0 1
0 0
0 1
0 1
0 1
0 0
0 0
0 1
14 0
1 1
0 1
1 1
0 0
3 0
0 1
0 1
0 1
0 1
1 1
0 0
0 1
1 1
0 0
9 0
0 1
0 0
0 0
0 1
0 0
0 1
0 1
0 0
0 1
12 1
11 1
10 0
0 0
0 0
0 1
0 0
0 0
0 1
1 0
0 0
1 0
0 0
1 1
0 1
9 1
0 0
0 0
0 0
0 0
0 1
0 1
0 0
0 0
0 1
1 1
0 1
14 0
8 1
0 0
0 0
0 1
0 1
0 1
0 1
0 1
0 0
4 1
0 0
0 1
0 1
0 0
10 0
2 0
0 0
0 0
0 1
5 1
0 0
0 0
0 1
0 0
0 1
230 0
45 0
3 1
0 0
0 1
0 1
1 1
0 1
18 1
0 1
2 0
0 1
0 1
0 1
1 1
0 0
1 0
0 1
1 1
0 1
1 0
0 1
2 0
0 0
0 0
1 0
0 0
19 0
18 1
3 1
0 1
0 1
0 1
0 1
1 1
0 0
2 0
0 1
0 1
1 0
0 1
0 0
1 1
0 1
0 1
1 1
0 0
183 1
12 0
0 0
0 0
3 1
0 0
0 1
0 0
2 1
0 0
0 1
2 0
0 0
0 1
14 1
11 0
8 0
0 1
0 1
0 0
0 0
0 1
0 1
0 0
0 0
1 0
0 1
1 0
0 0
13 0
8 1
0 0
0 1
0 0
0 1
0 0
0 1
0 0
0 1
3 0
0 1
0 1
0 0
93 1
37 0
0 0
0 1
10 1
0 1
0 1
0 1
0 1
0 0
1 0
0 1
0 1
1 1
0 0
16 1
15 1
0 1
2 0
0 1
0 1
1 1
0 1
2 0
0 1
0 0
1 0
0 0
0 0
2 0
0 0
0 0
6 0
0 1
0 0
0 0
0 1
0 1
0 1
2 1
0 1
0 1
51 0
1 0
0 0
4 1
0 1
0 1
0 1
0 0
19 1
5 1
0 1
0 1
0 1
0 1
0 0
8 0
0 0
0 0
0 0
0 0
0 0
0 0
0 0
0 1
0 1
2 1
0 1
0 0
12 1
0 1
3 0
0 1
0 1
0 0
1 1
0 0
2 1
0 1
0 1
1 1
0 1
10 1
2 1
0 0
0 0
6 1
0 1
0 0
0 0
0 1
0 0
0 1
39 0
38 0
3 0
0 0
0 0
0 0
1 0
0 0
5 1
0 1
0 1
0 1
0 0
0 1
5 1
0 1
0 1
0 1
0 1
0 1
7 1
0 1
0 1
0 1
0 0
0 1
0 1
0 0
5 1
0 0
0 1
0 1
0 0
0 1
5 1
0 1
0 0
0 0
0 0
0 1
6 1
0 1
0 0
0 0
0 0
0 1
0 0
179 1
92 1
45 0
4 1
0 1
0 0
0 1
0 1
1 0
0 1
7 0
0 1
0 1
0 0
0 1
0 1
0 0
0 1
5 0
0 0
0 0
0 1
0 0
0 1
12 1
1 0
0 1
0 1
0 0
0 0
0 0
1 1
0 1
0 1
0 1
1 0
0 0
1 0
0 0
3 0
0 1
0 1
0 0
4 1
0 1
0 1
0 1
0 1
45 1
4 0
0 1
0 0
0 1
0 1
4 0
0 1
0 0
0 1
0 0
1 1
0 1
6 0
0 0
0 0
0 0
0 1
0 1
0 0
6 0
0 1
0 0
0 0
0 1
0 1
0 1
7 0
0 1
0 0
0 0
0 0
0 0
0 1
0 1
3 0
0 0
0 0
0 1
4 1
0 0
0 1
0 1
0 0
1 0
0 1
12 0
6 0
0 0
0 1
0 1
0 0
0 0
0 1
4 0
0 0
0 1
0 0
0 0
23 1
5 1
0 0
0 1
0 1
0 0
0 0
1 0
0 0
3 1
0 0
0 1
0 1
1 1
0 0
8 1
0 1
0 1
0 1
0 1
0 1
0 0
0 1
0 1
31 0
2 0
0 1
0 0
11 1
1 0
0 1
1 1
0 1
1 0
0 1
1 0
0 1
0 1
1 0
0 1
0 1
2 0
0 0
0 1
3 1
0 0
0 1
0 1
4 0
0 1
0 1
0 1
0 0
0 0
1 0
0 1
16 1
1 0
0 0
2 0
0 1
0 0
1 1
0 0
8 0
0 1
0 1
0 0
0 1
0 1
0 1
0 1
0 0
94 0
7 0
0 0
0 1
0 1
0 1
0 0
0 0
0 0
39 0
2 1
0 1
0 0
0 0
4 0
0 1
0 1
0 1
0 1
5 1
0 1
0 1
0 1
0 0
0 1
1 1
0 0
6 0
0 0
0 1
0 1
0 0
0 1
0 0
8 0
0 1
0 1
0 0
0 0
0 1
0 0
0 1
0 0
5 1
0 0
0 0
0 0
0 0
0 0
16 1
1 1
0 1
1 1
0 0
0 0
3 1
0 0
0 0
0 0
0 1
2 1
0 0
0 0
2 0
0 0
0 0
28 0
8 0
0 0
0 0
0 0
0 0
0 1
0 1
0 0
0 0
18 1
15 0
0 0
4 0
0 1
0 1
0 0
0 0
2 1
0 1
0 0
5 0
0 0
0 1
0 0
0 1
0 0
1 1
0 1
1369 1
14 0
1 1
0 0
5 1
0 1
0 0
0 1
0 1
0 0
2 1
0 0
0 0
2 0
0 0
0 1
18 1
0 1
0 0
8 0
0 1
0 0
0 0
0 1
0 0
0 1
0 0
0 1
2 0
0 1
0 1
0 1
2 0
0 0
0 0
914 1
33 0
10 0
1 1
0 1
2 0
0 1
0 1
2 1
0 1
0 1
1 0
0 1
2 0
0 0
0 0
7 0
0 0
0 1
0 0
0 1
0 1
0 1
0 1
3 1
0 0
0 1
0 1
1 0
0 0
1 1
0 0
2 0
0 1
0 0
20 1
5 1
0 1
0 1
0 1
0 0
0 0
2 0
0 0
0 0
2 0
0 0
0 1
0 0
6 1
0 0
0 1
0 1
0 1
0 0
0 0
343 0
37 1
1 1
0 0
0 0
9 0
0 0
0 1
0 1
0 1
0 0
0 0
0 0
0 1
0 0
1 0
0 0
9 1
0 1
0 1
0 0
0 1
0 1
0 0
0 0
0 1
0 1
11 1
0 1
0 1
1 0
0 0
0 1
0 1
2 0
0 0
0 0
1 0
0 0
52 1
8 0
0 1
0 0
0 1
0 1
0 1
0 1
0 1
0 1
3 0
0 0
0 1
0 1
4 1
0 1
0 1
0 1
0 1
3 1
0 0
0 1
0 0
3 0
0 0
0 1
0 0
23 1
2 1
0 0
0 1
0 0
1 0
0 1
5 1
0 0
0 1
0 1
0 1
0 1
1 0
0 0
1 1
0 1
6 0
0 1
0 1
0 1
0 1
0 1
0 1
1 1
0 0
1 0
0 0
9 0
0 0
0 1
0 1
0 0
0 1
0 1
0 1
0 1
0 1
57 1
4 0
0 1
0 0
0 1
0 1
22 0
0 0
6 1
0 1
0 1
0 1
0 1
0 0
0 0
0 0
0 1
0 1
1 1
0 0
8 1
0 0
0 0
0 1
0 0
0 0
0 0
0 0
0 0
9 1
0 1
0 1
0 0
0 0
0 0
0 1
0 1
0 1
0 1
6 0
0 0
0 1
0 0
0 0
0 1
0 1
11 0
0 0
0 0
1 0
0 0
0 0
1 0
0 1
0 0
0 0
1 0
0 0
181 0
10 1
1 0
0 1
1 1
0 1
2 0
0 0
0 1
0 1
1 0
0 1
64 0
7 1
0 1
0 1
0 1
0 0
0 0
0 0
0 1
3 1
0 1
0 1
0 1
8 1
0 0
0 1
0 1
0 0
0 1
0 0
0 1
0 1
5 1
0 1
0 1
0 1
0 1
0 1
12 1
0 1
0 1
1 0
0 0
0 1
1 0
0 1
0 0
0 1
0 0
1 1
0 1
5 0
0 1
0 0
0 0
0 1
0 1
11 1
0 0
9 0
0 1
0 0
0 0
0 0
0 1
0 1
0 1
0 0
0 0
0 0
4 0
0 0
0 1
0 0
0 0
5 1
0 1
0 1
0 1
0 0
0 0
23 1
4 1
0 1
0 0
0 0
0 0
4 0
0 1
0 1
0 1
0 1
2 1
0 0
0 1
2 0
0 0
0 0
1 1
0 1
4 1
0 0
0 1
0 0
0 1
3 1
0 0
0 0
0 1
4 0
0 1
0 1
0 0
0 1
14 0
3 1
0 1
0 1
0 0
0 1
2 1
0 0
0 0
5 1
0 0
0 1
0 0
0 1
0 0
50 0
49 0
48 1
1 1
0 0
20 1
1 1
0 1
1 1
0 1
3 1
0 0
0 0
0 1
0 0
6 1
0 0
0 0
0 0
0 1
0 0
0 0
3 1
0 0
0 1
0 1
11 1
0 1
6 0
0 1
0 1
0 1
0 0
0 1
0 1
2 1
0 0
0 1
2 0
0 0
0 1
3 1
0 0
0 1
0 1
5 0
0 1
0 0
0 1
0 0
0 0
64 0
13 1
1 1
0 0
2 1
0 1
0 0
2 0
0 1
0 1
4 0
0 0
0 1
0 0
0 0
9 1
0 0
0 0
0 1
0 1
0 0
0 1
0 1
0 1
0 1
5 0
0 1
0 1
0 1
0 0
0 1
2 0
0 0
0 1
6 0
0 1
0 0
0 0
0 1
0 1
0 1
17 1
2 1
0 1
0 0
4 0
0 1
0 0
0 0
0 0
1 1
0 0
2 1
0 1
0 1
1 1
0 0
1 0
0 1
5 0
0 0
0 0
0 1
0 0
0 1
215 1
102 0
9 0
0 0
0 1
0 0
0 0
0 0
0 1
0 0
0 1
0 0
18 1
0 1
3 1
0 1
0 1
0 1
0 1
5 1
0 1
0 1
0 0
0 0
0 1
1 0
0 1
1 1
0 0
1 0
0 1
25 1
12 1
0 0
1 1
0 1
4 1
0 0
0 0
0 0
0 1
0 0
2 1
0 1
0 0
8 0
0 1
0 1
0 1
0 1
0 0
0 1
0 0
0 0
2 1
0 0
0 0
3 1
0 0
0 1
0 1
11 0
0 0
0 0
0 0
0 1
1 0
0 1
0 1
0 1
0 0
1 1
0 1
30 1
11 1
0 1
0 0
1 1
0 0
0 0
1 0
0 1
0 0
0 0
1 0
0 1
0 0
6 1
0 1
0 1
0 0
0 1
0 1
0 0
9 0
0 1
0 1
0 1
0 0
0 0
0 0
0 0
0 0
0 1
7 0
0 0
0 1
0 1
0 0
0 0
0 0
0 1
25 1
2 1
0 0
0 1
2 1
0 1
0 1
0 1
1 1
0 1
15 1
14 0
9 1
0 0
0 1
0 0
0 1
0 0
0 0
0 0
0 1
0 0
3 1
0 1
0 0
0 1
61 0
16 1
0 1
0 1
2 0
0 1
0 0
1 0
0 0
0 1
2 1
0 1
0 0
0 1
1 1
0 1
1 1
0 1
10 0
0 0
0 1
0 0
3 0
0 1
0 1
0 1
0 0
1 0
0 0
21 0
0 0
4 0
0 0
0 0
0 1
0 1
6 1
0 1
0 1
0 1
0 0
0 0
0 1
2 1
0 1
0 1
4 0
0 1
0 0
0 0
0 1
10 0
0 1
0 1
0 0
0 0
0 1
0 0
0 0
0 0
1 1
0 1
15 0
0 0
0 0
1 0
0 1
4 0
0 1
0 0
0 0
0 1
0 1
2 0
0 0
0 1
1 0
0 0
47 1
7 0
0 0
0 1
0 0
0 0
0 1
0 1
0 1
29 0
28 0
0 1
1 1
0 0
9 0
0 1
0 1
0 1
0 1
0 0
0 1
0 1
0 0
0 0
3 1
0 0
0 0
0 0
6 1
0 0
0 1
0 1
0 0
0 0
0 1
3 0
0 1
0 0
0 0
2 1
0 1
0 0
5 0
0 0
0 1
0 1
0 0
0 0
185 1
1 1
0 1
57 1
0 0
10 1
0 0
0 1
0 1
0 1
0 0
0 1
0 0
0 1
1 0
0 0
10 0
1 0
0 0
1 1
0 0
1 0
0 1
0 0
0 1
1 1
0 1
5 1
0 1
0 1
0 1
0 1
0 0
5 1
0 0
0 1
0 1
0 1
0 0
21 1
2 1
0 1
0 0
0 1
4 0
0 1
0 1
0 0
0 0
6 1
0 1
0 0
0 0
0 0
0 0
0 1
2 0
0 1
0 1
1 1
0 1
37 1
4 1
0 1
0 1
0 0
0 1
2 0
0 0
0 1
2 0
0 1
0 0
1 0
0 1
6 1
0 1
0 1
0 0
0 1
0 1
0 0
1 1
0 1
3 1
0 0
0 1
0 1
2 1
0 1
0 0
7 0
0 1
0 0
0 0
0 1
0 0
0 1
0 1
17 0
16 0
11 0
0 1
1 0
0 0
1 0
0 1
0 0
4 0
0 1
0 1
0 0
0 0
3 1
0 1
0 1
0 0
53 1
52 1
4 1
0 1
0 0
0 0
0 0
42 1
0 0
8 1
0 0
0 0
0 1
0 1
0 1
0 1
0 0
0 0
4 1
0 1
0 1
0 1
0 1
2 0
0 0
0 1
0 0
7 1
0 1
0 1
0 0
0 1
0 0
0 1
0 0
5 0
0 1
0 1
0 0
0 1
0 1
3 1
0 0
0 0
0 0
4 1
0 0
0 0
0 0
0 0
3 1
0 0
0 0
0 0
14 0
8 0
0 0
0 0
0 1
0 1
0 1
0 0
0 1
0 1
4 0
0 1
0 1
0 0
0 1
10 0
0 1
3 0
0 1
0 1
0 1
4 1
0 1
0 1
0 1
0 1
408 0
92 1
25 1
7 0
0 0
0 1
0 0
0 1
0 0
0 0
0 0
1 0
0 1
11 1
0 0
1 0
0 1
0 1
0 1
1 1
0 1
1 1
0 1
1 0
0 1
0 1
1 0
0 0
65 1
4 0
0 1
0 1
0 0
0 0
26 0
0 1
6 1
0 1
0 0
0 0
0 1
0 1
0 0
0 1
5 1
0 1
0 0
0 1
0 1
0 0
4 1
0 0
0 1
0 0
0 1
0 0
1 0
0 0
2 0
0 1
0 1
3 1
0 1
0 1
0 0
2 1
0 1
0 1
2 1
0 0
0 0
3 0
0 1
0 0
0 1
10 1
2 0
0 1
0 1
1 1
0 1
0 1
0 0
0 1
1 1
0 0
7 0
0 0
0 1
0 0
0 1
0 0
0 0
0 0
203 0
48 0
8 0
0 1
0 1
0 1
0 1
0 1
0 0
0 0
0 1
9 1
0 1
0 1
0 0
0 1
0 1
0 0
0 0
0 0
0 0
2 0
0 1
0 1
8 1
0 0
0 0
0 0
0 0
0 1
0 0
0 1
0 1
5 1
0 1
0 0
0 1
0 0
0 0
2 0
0 0
0 1
1 1
0 0
5 0
0 1
0 1
0 1
0 1
0 0
105 1
8 1
0 0
0 0
0 0
0 1
0 0
0 1
0 0
0 1
16 1
2 1
0 1
0 1
1 0
0 1
0 1
1 1
0 1
2 0
0 1
0 1
1 1
0 1
2 1
0 0
0 0
59 1
2 1
0 0
0 0
2 1
0 1
0 0
0 1
2 0
0 0
0 0
6 1
0 0
0 0
0 0
0 1
0 0
0 1
14 1
5 1
0 1
0 0
0 1
0 0
0 0
7 1
0 0
0 1
0 1
0 0
0 0
0 1
0 0
9 0
0 0
0 0
0 1
0 0
0 1
0 1
0 1
0 0
0 0
16 0
3 0
0 0
0 1
0 0
8 1
0 1
0 0
0 0
0 0
0 0
0 1
0 0
0 1
2 0
0 1
0 0
5 0
0 1
0 1
0 1
0 1
0 1
2 1
0 1
0 0
4 0
0 1
0 0
0 0
0 1
4 0
0 1
0 0
0 1
0 1
2 0
0 0
0 1
1 0
0 0
42 1
1 1
0 0
3 1
0 1
0 1
0 0
6 0
0 0
0 0
0 1
0 1
0 0
0 1
6 0
0 0
0 0
0 0
0 0
0 0
0 1
9 1
0 1
0 0
0 1
0 0
0 0
0 1
0 1
0 1
0 0
11 0
0 0
0 1
1 0
0 1
1 1
0 1
0 0
0 1
2 1
0 0
0 0
110 0
5 1
0 0
0 0
0 1
0 0
0 1
0 1
12 1
6 0
0 0
0 0
0 0
0 0
0 1
0 0
0 1
3 0
0 1
0 0
0 1
26 1
9 1
0 0
0 1
0 1
0 0
0 0
0 0
0 1
0 1
0 1
9 0
0 1
0 1
0 1
0 1
0 1
0 1
0 0
0 0
0 1
1 1
0 0
3 1
0 0
0 1
0 1
9 1
0 0
0 0
0 1
0 1
0 1
0 0
0 1
0 0
0 1
34 1
12 1
2 0
0 0
0 0
0 0
1 0
0 1
0 1
2 0
0 1
0 1
1 0
0 0
3 1
0 1
0 0
0 1
4 1
0 1
0 1
0 1
0 1
1 0
0 1
2 1
0 0
0 1
1 0
0 0
2 0
0 0
0 1
1 1
0 0
17 1
4 1
0 1
0 1
0 1
0 0
1 0
0 1
0 0
3 0
0 1
0 0
0 1
2 0
0 0
0 0
1 0
0 0
108 0
2 1
0 0
0 1
26 0
5 1
0 0
0 1
0 1
0 0
0 0
7 1
0 1
0 0
0 1
0 1
0 1
0 1
0 1
11 1
0 0
2 0
0 0
0 0
3 1
0 0
0 1
0 0
2 0
0 0
0 1
15 0
0 0
1 1
0 1
2 1
0 0
0 0
1 0
0 0
0 1
0 1
2 1
0 0
0 1
1 0
0 1
20 0
0 1
2 1
0 0
0 1
1 0
0 1
1 1
0 0
1 1
0 1
4 1
0 0
0 0
0 0
0 1
4 1
0 0
0 0
0 0
0 1
6 1
0 0
0 1
0 1
0 1
0 1
0 0
31 0
0 0
0 0
4 0
0 1
0 0
0 0
0 1
5 1
0 0
0 1
0 1
0 1
0 1
6 1
0 0
0 0
0 0
0 0
0 0
0 0
4 1
0 0
0 1
0 0
0 0
2 1
0 1
0 1
2 1
0 0
0 1
1 0
0 0
