700 609
507 668
101 507
235 101
328 101
359 101
411 235
296 507
288 380
542 380
198 288
661 288
451 288
346 451
151 542
126 233
310 233
77 126
360 126
374 233
25 374
322 126
338 98
312 338
496 338
392 338
75 496
175 338
395 98
107 129
69 107
269 129
274 69
229 274
585 274
10 269
228 591
611 591
518 611
35 228
141 35
435 228
385 518
105 457
472 105
31 105
197 31
169 457
92 472
630 105
252 400
64 400
682 400
694 682
179 64
336 64
622 336
431 314
7 431
607 7
351 314
347 7
370 431
577 7
660 261
592 261
176 592
516 176
115 592
124 115
102 592
306 540
104 540
368 306
60 306
396 60
204 368
247 396
632 413
109 413
471 413
295 109
684 295
573 632
189 573
466 172
354 466
597 172
246 172
437 466
361 597
686 597
631 13
455 631
482 631
417 13
223 631
563 13
65 482
183 398
325 183
199 183
137 183
628 183
291 199
100 183
1 297
203 1
549 297
19 1
608 203
76 549
148 549
627 123
134 123
150 134
343 627
344 123
582 134
575 343
447 441
375 447
537 441
256 447
654 441
535 375
525 654
283 234
133 283
12 234
579 283
27 579
200 12
353 234
519 452
185 519
14 185
458 452
263 452
152 452
286 452
330 160
53 330
355 330
299 160
629 299
693 330
267 299
188 666
625 188
42 188
636 42
46 188
473 42
171 46
520 618
258 520
490 520
221 258
532 490
531 618
679 258
676 318
292 318
448 676
5 318
82 318
289 82
461 5
390 397
667 397
62 667
548 62
443 397
3 62
89 397
254 187
674 254
216 254
523 216
569 523
488 216
692 254
419 521
80 419
232 521
192 80
594 232
319 594
416 80
218 253
114 218
278 218
460 114
555 114
593 114
268 555
434 495
348 434
39 348
222 39
475 434
34 348
118 434
659 553
430 553
230 553
280 659
453 430
212 553
379 212
505 425
599 425
469 425
366 425
226 425
202 226
414 469
48 656
9 656
467 48
504 656
605 656
586 656
528 656
388 146
377 146
317 377
638 317
372 146
552 146
653 388
484 298
143 484
574 143
454 143
517 143
449 574
665 517
486 170
284 486
168 170
671 170
640 284
601 168
383 284
214 513
462 513
251 214
547 214
303 251
470 513
365 251
642 362
161 362
74 642
557 642
357 557
606 362
401 161
644 87
688 644
604 87
18 87
50 18
616 87
166 644
71 131
196 131
565 196
384 196
402 565
145 196
576 384
493 130
615 493
633 130
201 633
326 633
677 201
595 493
155 570
29 155
156 29
578 570
249 570
237 578
191 29
626 485
190 485
589 190
588 485
342 588
428 589
558 485
174 315
54 174
142 54
421 142
15 174
236 421
685 236
350 70
248 70
700 248
57 700
208 57
302 70
125 302
341 270
81 270
241 81
598 241
651 270
429 241
352 341
494 210
37 210
331 494
127 494
418 210
530 37
415 418
624 584
250 584
108 250
244 108
603 108
529 108
332 250
147 272
408 272
313 147
294 147
420 294
61 408
559 313
543 205
121 543
309 121
337 205
307 309
135 543
116 543
524 426
568 426
468 568
6 468
427 6
637 468
539 637
477 364
566 477
403 364
73 403
79 73
43 73
503 477
231 373
680 373
305 680
512 231
264 231
614 373
16 264
45 550
345 45
522 345
30 550
648 30
257 345
324 30
690 509
474 509
240 690
652 474
316 690
180 474
675 690
689 308
55 308
527 308
333 308
194 308
90 689
17 527
459 195
478 459
262 459
259 478
381 262
94 195
432 381
220 445
600 220
376 220
424 445
687 445
444 220
497 424
436 293
410 293
28 410
481 293
239 481
4 293
266 293
386 8
339 8
378 386
382 386
290 386
492 290
621 378
58 438
450 58
51 58
641 51
560 438
678 560
514 678
11 489
551 11
412 551
320 489
86 412
439 551
544 551
554 67
358 67
545 358
619 545
184 545
465 67
602 184
502 663
655 663
111 502
321 663
646 502
282 111
526 321
103 393
255 103
596 103
178 103
154 255
285 178
657 255
681 340
144 681
72 681
672 340
620 340
697 672
407 697
52 587
24 52
138 587
367 24
456 587
670 24
159 138
97 699
329 699
245 699
562 97
635 562
391 97
99 97
36 501
26 36
106 501
112 501
433 112
510 501
323 26
206 673
650 206
422 206
406 673
93 406
479 422
119 673
122 487
186 487
301 487
91 487
349 186
311 186
464 349
213 664
136 213
561 136
49 561
277 136
649 49
533 213
363 56
260 56
224 56
698 224
227 56
47 227
371 698
287 499
572 499
132 499
2 572
300 287
334 499
405 572
20 84
483 20
643 84
41 84
163 41
182 163
22 84
120 571
139 571
217 139
193 217
567 571
404 193
209 567
609 409
446 609
583 409
66 609
538 609
564 409
613 538
541 59
275 541
128 275
695 275
38 59
546 275
140 59
40 211
662 40
356 211
242 356
394 242
110 662
498 110
68 149
88 149
164 149
225 164
463 225
63 149
238 225
219 387
536 387
683 387
271 219
500 387
113 219
96 219
276 399
511 276
590 276
639 590
78 276
491 639
645 590
165 423
612 165
658 423
215 658
515 612
33 215
440 215
273 327
506 327
243 273
534 243
508 327
617 506
623 273
691 281
610 691
44 610
157 691
117 44
304 281
153 117
95 21
580 21
647 580
265 95
173 647
581 21
480 647
669 158
389 669
476 389
177 476
85 158
181 476
335 85
442 696
369 442
167 696
207 696
83 442
634 369
279 634
