800 400
602 80
541 220
587 148
7 5
744 607
697 629
290 3
46 296
144 331
24 769
22 321
283 782
328 621
636 387
200 723
513 458
228 252
310 733
614 56
52 644
286 89
243 168
540 322
119 222
764 693
658 467
47 249
657 202
649 465
466 163
792 120
165 212
485 18
382 32
698 503
611 6
673 301
362 460
269 519
125 773
353 215
453 177
265 668
122 731
430 297
412 683
478 641
487 153
594 530
550 562
619 230
404 39
338 400
506 592
444 23
182 582
374 688
12 671
771 454
781 681
145 378
216 256
43 29
11 544
34 210
114 495
655 27
796 713
746 93
726 603
19 117
593 352
758 455
131 242
719 113
424 501
775 526
426 195
707 138
45 443
477 75
420 596
299 162
545 247
169 500
134 447
662 599
302 790
613 701
579 537
319 757
787 445
604 317
637 128
180 295
280 359
101 357
318 51
643 626
507 284
385 315
175 326
291 422
522 206
35 640
307 610
432 235
70 140
687 734
431 735
112 631
652 156
237 608
327 663
720 198
234 174
63 349
755 411
491 350
358 276
724 366
753 37
760 606
473 539
164 204
468 585
595 281
105 347
520 354
451 437
780 476
87 564
20 601
316 452
367 738
650 54
434 306
622 41
645 566
785 151
203 396
580 392
107 581
677 324
67 722
405 532
183 330
632 496
255 569
179 549
777 115
410 685
558 778
510 15
53 258
740 490
8 229
121 704
416 158
402 457
238 98
446 667
538 515
76 355
348 103
275 578
64 30
678 475
576 765
684 407
563 188
26 690
57 464
784 363
695 226
254 266
304 517
623 84
99 38
706 231
4 798
58 551
772 748
508 344
634 287
104 36
126 786
521 369
428 493
666 413
211 233
97 543
536 267
157 244
383 289
729 712
154 679
472 323
391 49
372 492
692 535
774 139
136 62
779 470
86 245
597 736
672 33
488 398
1 314
745 414
479 14
55 408
351 221
292 727
85 664
379 646
227 573
116 161
694 705
79 69
691 333
627 418
130 462
48 208
749 654
588 109
311 638
567 13
741 217
728 486
150 534
680 279
329 523
298 797
512 548
340 257
106 185
793 600
618 415
197 442
660 149
135 557
624 703
209 373
559 546
335 747
219 96
61 750
127 305
31 461
718 494
262 240
759 612
214 450
799 270
142 91
527 88
583 313
589 742
615 547
553 525
108 647
2 110
509 264
232 714
190 364
717 651
17 568
260 172
384 571
762 689
100 241
184 277
788 471
167 236
737 300
337 800
440 409
628 82
9 196
65 554
171 406
223 77
205 397
44 584
743 556
616 555
78 459
42 152
656 81
670 248
274 176
423 696
754 528
480 111
388 285
436 617
751 377
360 181
341 653
531 251
225 90
586 570
795 639
560 342
700 399
10 123
711 146
390 95
336 320
752 303
715 293
173 253
16 659
272 193
625 386
421 770
28 309
648 21
192 439
708 438
552 60
132 401
50 271
433 263
449 675
518 609
147 207
118 71
763 435
699 59
635 273
542 143
368 343
732 448
268 102
605 499
620 191
425 356
561 591
381 278
403 325
345 665
25 83
66 766
380 590
40 429
201 73
346 186
395 529
789 776
474 721
213 676
419 218
633 481
375 497
661 756
124 137
133 224
565 502
365 246
441 730
514 761
370 332
768 92
511 261
483 72
516 469
669 155
282 710
524 239
376 489
74 94
339 686
575 178
702 187
630 498
427 166
577 739
160 334
716 482
417 393
141 504
312 189
361 794
170 725
389 159
484 598
791 709
505 456
68 288
371 642
129 250
767 199
572 294
533 308
574 463
674 682
394 259
783 194
