700 233
177 67
378 499
529 452
566 496
328 305
417 505
461 135
127 14
426 504
98 652
367 387
508 173
35 516
366 687
475 665
68 152
141 661
303 573
335 360
71 275
217 472
22 341
374 12
216 618
112 471
218 110
440 364
9 41
355 542
424 61
438 656
625 187
385 627
617 653
250 145
9 437
156 681
282 335
35 639
535 111
103 344
50 105
93 90
509 600
573 118
175 545
554 608
28 624
99 598
569 401
604 564
403 378
685 238
443 405
618 420
432 533
538 111
578 549
160 313
661 63
103 503
435 186
341 41
223 574
620 645
621 505
640 104
699 314
509 511
456 386
586 226
526 130
180 351
415 110
188 528
609 278
204 534
513 472
500 358
450 417
611 167
3 232
372 96
368 184
684 133
80 28
612 326
638 118
53 167
458 687
198 356
304 408
115 141
186 392
6 611
439 306
380 12
626 479
172 686
111 511
42 264
225 328
594 268
293 586
417 569
488 406
600 493
53 48
679 9
133 40
78 385
499 612
536 121
421 55
209 389
638 627
196 589
232 264
192 626
421 265
50 413
539 414
436 627
221 272
37 617
47 396
354 104
298 200
146 449
37 508
685 229
271 187
250 379
563 130
372 305
24 404
250 658
149 195
326 215
394 36
470 520
200 160
365 637
4 202
538 593
436 93
236 654
328 496
164 258
212 223
94 365
172 506
558 207
116 211
698 112
691 510
667 549
163 539
396 588
105 411
192 696
408 559
549 542
271 45
28 92
685 244
590 475
228 111
436 103
267 419
110 102
136 15
136 314
639 513
238 61
697 102
656 105
626 328
450 629
618 211
529 530
530 203
680 484
397 519
196 392
477 580
645 481
693 145
296 699
597 485
500 632
485 72
291 475
667 368
591 200
125 18
678 574
95 21
328 60
507 415
517 475
127 97
485 576
206 299
504 200
151 202
576 509
201 225
47 273
110 452
538 583
680 395
351 662
154 465
231 184
700 223
505 683
129 264
335 236
551 455
33 15
496 666
517 308
112 680
98 195
442 33
77 124
83 108
161 65
183 520
120 347
148 32
179 86
