900 599
70 144
850 373
564 215
768 424
126 868
60 535
504 790
789 205
242 800
453 772
455 420
575 721
542 170
136 156
23 417
342 772
291 411
339 810
440 596
562 599
850 397
339 237
307 567
887 24
416 660
819 356
694 819
355 309
118 719
773 608
671 768
866 689
368 485
11 29
465 778
774 440
612 20
6 115
318 609
367 275
671 633
250 314
115 100
60 850
468 617
441 382
774 206
548 538
486 23
262 138
36 551
793 841
817 113
660 776
566 154
757 865
881 411
419 401
457 329
434 501
854 296
294 516
331 583
73 553
650 121
305 132
382 533
780 324
45 869
149 489
196 742
337 269
456 187
26 563
796 177
700 51
198 605
175 737
152 881
493 174
260 323
236 49
552 541
189 269
540 631
657 307
575 545
31 112
214 165
865 3
711 275
469 828
604 834
559 498
122 657
351 133
161 248
477 621
51 189
10 255
296 737
278 332
222 596
678 317
722 535
616 176
338 240
37 120
39 279
119 272
53 455
670 766
792 732
842 798
826 302
572 892
828 471
601 535
624 792
550 286
427 240
132 713
657 573
245 164
95 551
731 152
642 617
876 52
654 315
438 162
114 566
767 884
446 555
842 860
501 405
340 752
387 326
256 301
445 900
77 827
623 117
398 386
27 310
786 1
224 248
581 259
415 570
597 662
6 66
323 480
677 96
305 715
551 184
664 207
158 708
35 393
529 328
161 265
126 399
65 61
153 414
574 185
715 83
187 900
694 29
142 737
368 123
549 296
232 814
497 624
83 851
279 758
444 560
857 287
274 737
540 58
559 495
809 677
180 892
877 180
396 577
881 868
393 734
585 333
291 813
435 871
24 45
834 637
140 690
641 761
35 106
570 169
544 632
173 505
78 257
604 79
827 207
649 169
268 176
392 837
559 836
857 315
163 318
59 106
268 74
327 307
719 518
272 342
479 387
461 533
471 428
491 662
869 491
246 637
324 177
379 397
747 63
615 68
114 306
826 487
90 34
687 761
224 883
425 240
668 610
211 696
562 427
840 241
768 883
409 698
422 826
741 401
584 745
759 218
748 478
659 267
743 479
303 663
423 509
842 272
276 37
705 308
226 139
491 338
684 547
92 242
361 82
389 715
640 537
359 650
141 668
560 686
699 834
563 416
793 389
7 126
494 499
625 89
249 755
890 656
162 102
265 263
315 231
416 191
680 849
404 111
710 424
564 234
658 873
124 780
137 722
115 158
731 558
84 463
165 332
852 214
105 203
304 847
378 559
389 242
225 329
26 733
469 321
180 367
157 139
135 273
31 224
544 666
686 302
764 153
169 270
75 638
28 29
298 481
344 252
559 736
276 436
651 222
797 723
709 866
313 96
248 237
492 471
675 60
685 769
344 294
723 754
433 649
810 894
811 759
212 300
334 656
387 166
386 861
589 559
851 662
749 366
524 863
381 265
455 457
494 761
291 818
463 865
379 743
557 330
730 301
801 480
361 575
871 563
325 334
809 451
235 805
237 445
340 436
887 153
69 343
184 127
571 858
399 112
184 542
744 420
581 136
612 125
285 220
71 680
789 813
783 824
244 10
705 767
713 306
612 819
40 254
546 806
296 45
835 183
706 543
293 790
84 669
237 527
817 830
733 187
881 610
485 426
76 132
671 482
549 711
501 400
512 125
182 22
546 113
20 886
204 741
648 59
740 773
738 11
80 715
458 9
835 83
645 267
17 612
314 91
516 189
595 563
42 43
711 820
838 888
536 276
583 849
56 232
154 40
456 669
70 428
171 746
208 703
691 357
265 56
136 780
633 516
820 559
447 58
895 216
332 246
549 251
620 765
759 271
829 566
209 404
21 63
548 685
178 407
690 481
368 517
413 709
626 244
487 759
212 624
362 59
784 730
437 397
786 123
750 407
185 740
81 457
698 343
680 746
505 200
115 159
56 417
9 23
531 125
438 331
861 847
436 833
238 815
110 506
849 271
534 420
560 471
402 885
401 104
701 665
284 44
571 880
197 147
691 16
141 320
193 21
726 691
106 794
740 573
530 41
76 255
25 293
696 100
514 293
839 419
188 883
370 671
836 173
513 561
31 97
771 219
633 77
290 574
783 251
635 639
113 128
896 469
331 418
782 743
108 173
896 86
553 772
763 578
848 336
871 522
733 345
148 39
761 427
536 51
343 818
215 330
427 37
535 761
787 601
620 882
817 81
359 43
146 884
157 233
294 565
662 451
460 557
507 461
286 45
484 5
313 407
172 407
237 158
473 286
43 677
50 589
179 450
600 588
46 200
299 444
302 115
402 340
391 505
348 428
365 383
160 381
892 145
509 321
159 853
860 454
669 190
357 110
428 882
148 588
269 534
88 587
843 33
249 372
55 402
781 625
406 831
438 529
193 591
676 207
362 316
197 566
346 58
694 611
795 874
407 777
415 142
227 217
765 600
900 481
738 802
473 634
434 160
140 594
502 337
32 736
276 899
569 448
330 617
83 101
577 848
69 652
17 574
432 20
530 456
718 823
8 730
60 513
95 27
596 660
327 465
823 456
463 866
117 362
419 625
441 245
316 331
129 276
2 365
63 539
431 900
877 738
572 538
644 52
293 683
820 622
388 795
284 421
553 460
565 308
216 167
176 393
164 76
888 851
548 771
572 267
649 213
832 850
67 605
847 385
875 85
875 777
528 464
661 598
325 516
699 170
221 192
434 281
498 624
