800 399
289 10
687 30
555 462
592 750
785 22
369 74
505 703
32 164
81 532
197 371
169 28
224 494
114 591
723 130
516 722
233 325
170 649
701 277
494 497
616 13
21 628
620 61
526 439
16 560
269 146
102 413
366 13
434 778
472 446
470 720
341 688
326 4
488 577
667 37
668 141
80 671
746 415
97 703
370 786
7 533
121 462
390 237
728 606
638 322
26 22
442 48
703 148
475 265
232 633
253 369
712 491
408 388
191 489
383 672
233 751
683 240
77 363
213 579
139 734
199 463
504 582
505 744
546 164
540 514
198 404
298 256
211 66
637 723
658 138
400 256
270 470
152 592
273 156
436 497
135 507
448 161
312 456
110 642
590 466
404 511
220 19
316 191
301 127
47 40
61 538
153 373
371 142
346 334
676 78
324 681
538 346
125 711
40 115
81 683
172 562
45 367
777 669
121 353
231 35
774 640
24 565
86 175
225 397
671 35
264 774
628 458
384 616
767 779
153 66
614 535
618 401
415 294
6 144
46 249
18 414
354 406
717 279
452 540
687 311
190 347
265 388
437 337
527 630
43 623
126 186
772 208
496 724
152 676
733 17
451 120
123 50
318 112
404 571
464 123
603 525
670 245
87 402
298 765
398 470
630 184
578 346
38 70
660 593
146 177
667 335
124 529
433 322
530 284
649 312
12 681
29 789
21 314
696 324
783 68
344 605
45 695
798 653
117 602
37 301
659 92
668 786
355 189
740 71
276 281
112 451
195 584
167 753
552 592
561 52
196 784
461 586
761 445
3 523
547 640
467 381
43 201
119 796
163 787
317 214
595 375
755 719
550 310
99 684
21 665
361 209
742 112
370 236
247 403
104 454
638 162
782 279
143 286
412 332
186 303
475 771
587 379
310 62
121 387
309 369
510 90
258 47
325 693
285 567
121 131
613 272
255 306
51 436
282 220
139 330
109 365
369 98
48 674
515 189
578 556
795 505
742 55
459 180
643 581
527 356
348 533
255 279
677 297
216 684
553 493
767 128
197 592
634 318
63 468
170 335
249 734
241 335
519 485
5 749
263 670
785 165
473 396
727 506
555 540
8 431
233 508
737 795
714 476
662 6
745 121
680 746
24 473
717 238
795 798
707 400
780 286
778 112
570 652
716 34
566 516
679 666
511 613
757 473
237 218
539 112
433 606
527 793
303 648
558 73
684 326
621 46
386 58
119 307
281 671
258 440
492 543
420 341
458 522
334 299
453 560
229 667
155 748
738 86
235 317
342 424
592 539
415 773
15 794
79 252
512 185
596 253
712 413
105 449
142 243
410 538
694 147
617 231
674 738
148 640
117 590
618 400
572 9
800 770
247 172
20 761
36 644
231 785
422 339
197 556
437 451
525 716
215 147
73 738
446 512
234 363
28 623
341 547
726 707
561 590
153 450
778 654
596 67
19 739
638 315
250 687
578 494
758 387
645 301
236 470
642 157
88 645
601 697
87 53
260 721
595 585
220 136
117 313
101 773
725 65
561 505
568 226
18 743
361 194
391 341
101 98
740 579
574 193
443 61
32 31
184 37
690 589
1 20
473 151
38 687
788 140
524 537
284 507
740 356
83 463
539 246
725 526
701 386
49 233
314 726
732 447
798 499
669 614
253 617
17 127
156 642
69 88
560 352
585 364
396 701
267 72
691 21
620 774
176 651
518 361
326 28
510 394
356 355
735 331
259 792
216 349
112 631
316 687
688 17
92 781
784 405
719 723
265 304
788 159
114 760
424 208
693 474
726 576
23 536
213 771
85 118
707 64
306 573
314 74
666 340
207 475
