1000 832
400 570
250 533
727 269
598 866
482 986
442 363
699 255
724 153
271 330
854 212
887 711
184 255
968 548
969 925
874 836
167 41
129 290
451 149
811 983
208 451
553 275
241 155
513 468
5 595
717 978
362 612
250 550
729 236
851 606
515 191
852 190
643 589
758 970
396 269
792 651
771 360
181 532
913 954
440 424
531 113
593 803
528 370
155 806
150 65
717 431
84 67
406 354
436 217
729 646
399 328
257 994
581 384
31 987
570 116
455 6
44 843
457 69
380 94
714 261
764 560
867 911
515 576
858 59
492 803
300 835
518 808
162 232
876 81
763 994
616 266
105 3
105 566
252 612
107 123
27 80
475 129
842 524
531 86
222 809
93 651
128 287
500 565
367 653
131 706
611 180
846 239
487 227
233 440
14 102
549 414
238 471
188 624
836 981
952 354
78 938
952 947
551 708
103 268
247 188
436 409
674 128
119 238
102 943
815 693
487 708
765 691
954 193
965 464
579 645
880 850
761 795
279 61
807 815
612 979
617 591
452 567
906 888
547 830
86 235
538 893
287 662
203 545
657 956
630 816
965 790
18 393
971 285
572 703
203 492
976 181
459 422
843 923
396 513
439 690
892 273
540 501
342 417
807 486
927 366
131 61
276 941
142 858
468 532
621 154
127 297
408 980
168 660
275 742
928 566
544 111
192 545
416 489
372 903
645 370
682 159
529 241
501 345
289 788
677 248
577 252
487 226
30 98
755 799
479 505
943 173
539 92
251 969
608 408
778 789
242 998
347 954
207 254
464 828
357 101
551 801
800 877
464 809
115 113
350 237
816 54
390 31
893 279
411 987
635 289
311 247
289 409
567 572
475 930
614 839
873 393
771 228
239 774
931 760
277 26
528 36
323 394
115 973
335 899
395 743
740 535
297 886
501 646
51 584
631 968
515 533
298 191
626 379
314 28
276 543
34 339
617 749
610 773
392 335
37 238
829 954
930 94
870 849
789 583
59 642
179 196
500 637
363 676
25 862
327 222
557 46
190 749
503 783
299 417
952 651
256 677
622 765
703 477
342 782
585 735
89 669
475 601
924 20
805 407
714 201
78 803
381 531
704 48
623 174
518 236
907 12
916 236
61 191
172 785
86 727
979 656
450 724
938 86
711 520
484 321
256 579
422 711
851 430
343 27
929 478
527 709
372 988
689 410
75 439
146 7
823 983
890 302
70 751
485 155
622 30
760 721
196 151
53 399
550 374
662 498
269 69
460 538
402 215
695 546
704 745
178 194
854 61
718 308
771 969
15 489
592 6
679 76
978 298
938 14
278 756
286 101
419 388
593 697
293 25
887 759
29 989
830 162
644 57
304 954
465 83
312 599
111 103
247 643
960 473
858 152
537 420
341 932
683 518
398 325
276 280
998 217
453 405
216 48
378 722
591 752
108 319
30 145
430 101
120 278
600 458
299 38
930 918
569 636
257 84
520 622
122 21
35 694
79 762
817 849
388 376
218 342
25 525
155 892
68 843
313 151
713 294
826 256
113 967
429 650
805 83
332 535
334 999
321 342
49 242
890 220
739 784
750 175
597 627
129 85
274 623
430 371
780 8
483 153
596 244
193 489
805 999
442 134
873 104
617 251
748 983
898 79
865 70
124 969
617 243
9 611
977 327
124 660
410 550
897 440
316 652
224 435
522 168
131 951
205 874
909 93
974 227
789 542
897 811
913 63
141 719
412 924
474 564
623 507
860 542
314 704
530 792
196 422
577 869
553 838
917 988
518 459
432 666
548 461
529 483
41 154
40 539
534 871
211 298
366 790
291 709
535 64
257 219
72 551
78 710
559 314
801 120
42 714
679 800
349 687
644 634
68 508
290 141
177 495
532 237
845 354
442 808
720 23
823 411
887 376
584 880
842 286
530 381
630 94
940 287
79 112
653 594
414 423
577 328
693 30
659 337
894 688
72 610
694 646
953 873
576 856
793 811
741 822
570 355
351 701
500 215
143 756
150 620
969 354
641 770
776 586
578 276
979 116
425 726
312 100
358 111
786 62
77 723
433 442
931 58
467 204
26 113
734 644
80 93
499 970
748 258
212 654
337 557
119 1000
887 288
680 971
662 108
797 675
900 975
876 426
642 213
96 874
444 718
43 78
822 403
78 84
868 639
427 975
913 538
576 539
979 230
383 650
893 552
876 282
720 618
568 796
851 709
386 175
315 592
400 176
263 280
304 450
975 979
76 524
783 860
576 258
818 179
664 711
251 409
445 336
550 521
77 387
282 191
959 61
830 49
884 287
94 663
525 378
751 433
74 927
755 746
357 728
408 927
32 5
560 579
250 214
877 672
685 117
849 181
997 188
817 719
911 206
759 146
645 625
12 967
192 382
237 577
698 50
870 65
283 908
389 16
261 397
699 340
743 630
531 806
364 166
821 720
17 385
369 969
829 74
82 270
203 21
983 877
741 277
414 900
326 978
187 472
920 653
571 386
746 892
172 586
49 3
323 667
381 774
446 147
615 416
924 310
9 231
840 614
789 836
641 897
25 831
598 440
822 89
757 172
247 182
236 789
795 466
45 669
415 294
997 201
252 372
564 59
157 381
424 506
96 623
286 858
939 503
165 753
859 855
753 240
193 441
259 253
505 667
842 762
872 326
267 241
593 826
255 155
877 599
919 603
86 238
890 112
208 307
791 47
484 435
952 456
523 686
308 177
666 391
965 35
71 581
243 713
827 523
491 520
913 991
756 891
690 660
127 186
18 934
406 779
114 898
233 72
187 358
197 709
851 926
326 107
643 185
576 666
551 467
11 928
101 398
130 516
103 763
949 583
429 726
896 854
60 737
109 207
888 376
309 114
825 987
453 371
222 585
493 858
322 672
127 97
87 16
618 909
394 536
405 10
513 449
780 927
747 388
813 828
99 540
145 768
479 918
886 620
260 231
68 464
354 673
517 557
828 29
343 413
245 324
321 647
875 772
840 858
142 476
380 463
370 95
319 723
367 163
814 301
756 580
995 756
373 242
794 673
682 34
736 803
995 311
872 19
393 909
704 871
985 34
121 734
939 300
549 595
398 128
931 946
643 655
895 846
234 372
848 196
114 631
652 167
404 353
402 685
123 329
23 215
335 327
94 154
726 382
399 66
679 144
689 244
946 753
391 514
757 83
653 347
698 526
670 655
636 868
819 336
90 260
130 248
812 808
200 955
707 674
180 83
678 826
699 462
766 492
748 264
739 615
773 231
648 8
654 914
964 111
799 945
254 397
96 972
602 241
216 85
379 30
661 511
675 437
139 757
587 649
523 22
148 917
426 970
2 782
836 283
779 245
537 940
555 612
276 334
391 665
158 162
510 70
605 519
298 303
405 921
484 663
804 571
832 977
482 177
811 482
473 56
880 393
178 981
592 512
668 646
295 79
857 198
753 616
702 70
252 798
379 700
704 582
544 33
885 106
431 948
775 987
383 695
401 572
682 132
838 471
66 34
265 366
556 51
798 332
557 295
118 426
296 983
443 859
127 448
24 16
898 480
833 944
722 598
658 463
304 712
684 753
246 53
148 942
575 231
780 473
814 601
864 551
936 543
890 810
50 786
140 181
567 896
478 687
844 236
229 661
636 589
349 377
786 291
511 289
950 540
744 551
138 210
956 359
926 881
110 492
701 568
208 757
687 987
628 268
644 474
699 336
312 71
245 563
953 55
627 365
284 961
861 538
668 573
338 5
805 922
637 365
657 922
819 344
799 512
558 580
200 704
373 616
326 421
636 341
