18 46 5 1957 3294
1 2 8766
2 3 4653
2 4 7288
1 5 22
2 6 7068
6 7 2269
1 8 1036
2 9 2127
6 10 9056
8 11 709
6 12 3470
7 13 3382
2 14 9000
12 15 7955
13 16 1558
6 17 1965
5 18 7312
6 13 1309
3 11 553
18 4 6746
1 3 8445
14 17 3083
15 14 2146
1 17 8573
7 12 458
1 7 4316
13 10 2395
13 18 4115
17 11 5603
4 1 8431
10 15 6911
17 12 8366
4 7 1411
15 13 6243
11 9 3409
2 7 1185
15 5 123
10 18 5873
5 14 1633
18 17 8190
14 3 3880
16 11 4367
10 8 1208
15 8 8514
5 6 1816
4 8 1902
8 62
2 19
7 61
10 78
7 58
