18 46 5 1466 2799
1 2 9916
1 3 8450
2 4 1522
3 5 6405
4 6 5515
2 7 3682
6 8 972
2 9 3851
8 10 734
3 11 3745
3 12 5336
11 13 1532
6 14 380
10 15 5741
6 16 8202
4 17 9202
8 18 5635
1 12 9253
1 6 5349
10 3 9705
14 9 2457
12 14 535
17 5 5545
12 9 3709
1 16 2353
9 17 3747
8 11 6266
5 16 8078
7 1 8524
4 8 7306
9 8 6416
17 11 6308
15 5 2122
2 15 1942
11 16 9469
18 1 9949
1 11 1134
17 16 986
14 16 6206
10 12 6624
1 15 3918
9 18 9313
7 12 7875
13 6 5505
16 12 1456
10 16 411
7 39
8 26
6 35
5 77
14 17
