18 122 5 4789 7034
1 2 4693
2 3 491
3 4 2858
2 5 5989
4 6 3769
2 7 8299
7 8 7266
6 9 6289
5 10 7128
8 11 5797
1 12 8765
12 13 8387
10 14 2338
2 15 5342
15 16 4545
10 17 8682
12 18 9001
13 1 5902
10 11 5216
12 7 6704
16 10 4106
1 4 5735
2 9 4521
18 5 9890
13 18 7484
10 13 8823
1 16 5181
17 4 9987
9 5 5074
3 5 2161
18 4 2726
11 2 7535
5 4 6702
2 14 7118
12 8 5825
3 14 952
16 18 9884
17 13 2969
7 1 2800
15 4 5945
16 6 5167
5 14 6253
18 2 8182
16 11 6622
18 15 8656
16 5 9308
8 1 3617
5 7 2536
17 8 5023
4 7 4325
6 10 7869
11 4 2498
1 11 3040
1 6 2832
11 14 3672
8 14 2016
16 14 7667
16 2 2691
10 4 9719
10 15 5211
15 3 5915
15 17 9108
18 3 3525
6 3 9056
12 9 6842
2 8 2779
9 15 5266
7 18 9868
8 15 4998
13 4 25
14 4 9532
15 6 3355
5 13 730
17 6 1448
14 12 289
15 7 6746
4 8 9579
17 12 6734
8 6 5771
17 18 843
6 13 3858
16 17 1792
1 9 961
7 14 5676
5 11 3843
17 14 3450
18 10 8350
15 11 3997
13 2 5854
9 7 8093
11 17 2313
15 12 8611
7 16 5150
11 7 6131
9 10 3322
13 15 245
13 16 9789
3 16 8054
18 11 4300
9 13 1507
15 5 1873
7 17 2290
9 18 3247
13 8 4448
3 12 2460
5 12 2422
2 17 1532
3 8 8922
18 1 7236
7 13 1962
3 1 64
12 16 6666
11 9 5817
3 13 442
3 10 6753
10 1 787
6 11 1799
1 17 3428
15 14 7711
6 5 3681
13 11 1135
2 6 6271
10 59
9 51
13 64
9 96
10 28
