151
288220711098749764723792
234591370920146881264307014384320826205350710652879204843085014265690214155376180697041492449817733974018454129478115643272
4845625575958
62309819444276428565418072148297019784049816925473306890901809
487272661999771640006709071263935488682193042011048
4465183312261157284324025574
47003925586596577758886602367233693433025676902674638496067217884246334553111795894117849069175998990104317800087994709289592
507738520054311053722462228840149995903121612363642154931365433650491912032126258870900902552
9760724006032515911584708511976945865723974533148257367384867184751820720601292596275850838718270030592222742605408897877239492940446153027231567192
1783547083394838533108727469995396858492830518332456684543644966623771536169154049546793818299752716693167121350123005581322614445251303642679511524084717727696789940099
6187412205776123818593443996962628176703862208613687975140544422858745562468459502176807073056758102605966353430746917457460530142508725718476788827782528884523244867769257018
9344744270180715026575900461565145648931614809612391885914766846720270490248407537037171643134348947427586899239266801705108797931
236990849749953517662946469575702795361636757202155133863850476677031564054566268358696356167142422065583
76092771983913888085585239649896053732852488696581906533667674091731887914583209078014095516829595077321556310501855103401819437572771108
312791374779986501632321362329136122729515312104406
4992505096436306167676595264281665353469255757369706428886693287547034080333237955679524515587952946444358529363556
6924933858537470799868765030991367976116689471090127265641430344821149275086460199143425110728426205399181325218591335218481825319221458042192997998778586591583397658332420
33914876637566316756888374725990023485523484403495779432009171616012375884954477987819127
731705101121607882951743218648734476497249946639415186635487302646153845980990608831116067889206918136537862266960335087552397429682300
267224295031239210498747717826465228097640612018675889069129065495
841307909036546739158574014352402792807527450545224098791215257422047466203608356287837782595667494516402647083765506658353472301512753357877786
2736210349272277832343515187972084670026887242670477770091816032
84501538443264341362703066198884803801885955617001700698420040072039606256791502991431287705407376
35923840673567570650395894899668056925462054782319407725986495106070246824944671208483393485200502941665886553363989360725237956840823265864981475349441243023689256348645615
5800349272013818776569977689297831988608303786653410549505790588147826895096801169377836103953037446253953968796871288
16887542333122705926122560495898679822276165028658869680170224406705990305967717287841271139006951282161481296484507541096226287452426983483873092314129639423276
74700695741685775788102244917623725569789341208125481281609144973505289612747294588108823461823499635635448141901301698263852399239606
3203412862618232244328918283
8513421994309443902500883759840917551090394766319530335013717069187905332799843481181170921820632145484399469224763234527110610
8504488544936985210342958456726274573097632648328322133916348589193288779825289825156354913187471945040686555887773292777407034928041788180258678128862892441384295848859228968
565550918959049957446888171071670517356126342013485441957772285281292004582960032956394224194907367211752963532018486458412127376
888792663979571672660586287782489616411827933112273338034379156661346779910426389427631848720656345500
961762607339842422235410695900569793547450662324603003105237756096051429394883987874110097844630553621000516
1599438927431008
475667665046540432601118238608082405939755021879219478695400858522858492453331
477954033508382306706490033190960798563600697
324871167818758818052527650033294504115671850021
79619249708612838477368413372209321521177011025981468226979920350733113671498003213704086059944940631461884176007081499498773066556669871282269362593547254464533051944482190453794671
877865079540776276421829128794965555
347866218772698928146902114275141433989244968550435323209111521131874373216
65556907298617
66982131105299534734871709719811698409710328746042618162787524
2787965422802935728048407757665269625890366914081104557129373840870533731059579827860004105077027327949283678345232136269957115743781617
61199738117146791649508978162
521706608020778645268754645563756061177721077235313673759820802192030940012156004337992682405966456236675073396816738830688884061049735219357
156345532598477948029672791496695932742125240770373596991314717085293281793869438815148943316020184045912401283003226820255989459
70374711509821017690337691635440472631118380305972911087315937532920201668624363029283300124226433357126199596060648839646292849
9230812450220104082921782184764780467250567986197227262318907402731194913609198991217701811979080678617757283655005387301970111873
88182376066297444018534199190017955807793741718397701234207725250802005056897835230320959785639682617123819356591020706842980839037534222355369155170452397904354124576617
898080363396288560721923317560157161138234702031877691135946479229672267990797449772952639427571
15176310014999069688196484961183622514541603416669271528442296243117195023046361865493356389719694700029239296585122191489258263052858467400528247734720148177107574287536147053802442153702015091572
580019589630642204060106110375388964404004242509000360386911070578518955773480318
49377693037359199161052745121350637188129916664714373287751644627977849728674833931116640628780599169597539044680022109975220521837969282601245626753943482941633564159643273844
18663327080335006711930711254782728461451398247492755194850881059811062459575291831186568834708111412
4815549480737385992785643112021877505197230261866946452379625201375506822101138242793238228021224409949510096021883010567673914282072395390313399686847437813513149442469
10
63710328891879999654608130701088068014327331634172934324198080007565
94164871898953283060484610354723396001218993161662144456850874770484664607019190830434327555774028388843440559642094516449704342837300023220795205998914827876
106267
397242231004117594718786607815728421978639586351549562560752930775784546936161803614151393275891502094017680938964117605623994529634084210209391560460706801730141154150191407354569
80571636648944667109767249141770894293675566224248136486802166597722074331211615973718073276811856271926954036422063203069963499029427787
959
9627761667506954856528931976760345872142889982826472596241791242719507394414195341763379563730236941466636123302812185638053250402718299036979786063709485147581
9396662808333801117874429641443825935312183829906476245798137634833339340440302745
975524777905226377287450905702
1520121318705522766181665648462702785222768630675003644610643512930079143625543851695994552974628715139
1855220783965938111036322543099383223545161066513332463236138815806629368712536763937167395611651753311571082407062770716398075728
616261243762149499614810403411644694905318318251403806468706743178712824544434582561511507409743607573524129030122857520250074076480786843862
6227660460352527843840582324309743077012
65586247501049353681021014247441633730003503749283250790548016762524760401320089719577095623827488990122420417137325434690684708306097088
46459180541092337178234172793118616284790759666158572728290378944669093989523603608363488096025302565504591209305667098320661869659827793185834282157504788849662646
8657346994592848645054618829222648436632950550891240624991478508821281718541307461386700779671
23482499457761836662328477159284269593514818974411918252826708449227613650179197184219705545719407741842079634064797653139515661856
2374924143743113007503875881797466948916729677401932206518646184206989414114098359422363916652530284575195168007947988289687234126921768460890123937841676136134
13839
869720634081294406624978634285433850772364552697939639016903910707385010997769411031291200735607242014265004464865138409351949143832980
690304063906410714519260945024447278432096580873361975059523881454084132641167167152
9484276070079148016149710389147293109108535933225882224018385136740247530599361795
86225928276671910464743223775358816030562375495127789263807996227679048728935108697511738478370169008950734022419162181497242321
6493432135516899915369170208741674697772558673774655879612980524870082608113877567055248347260632682818514546608173780952583364906594730972465180172057403272232291281
35147209550645861014777508699230136798495651998468443827578425454116848362653998687212781164393979384477563944757513113434798651623298018961679292049206538617167942366
80635274005567656200242384362265948813673
76520365590375235140018411584787944270612931705210217219403995324843554308547248678846349048281097
9613764969427472680836093062718717395383269390547437022845643136081318931577779061607533917900626435761537342484185894615737466133940462094020
5038718735735748031903124008251472570885146043519007125862529118336261994252848775257118082816774755838505388766714987643847325220601389145183463435965965603942
23350723577003738551430517915171346314502226499751146914545945466887063886926901275500220439251649059258009283222904440710981473915593180026011012393070077050584995265993554469534489936894586515
54446621713440883504387092420649143712456226198822812816579792153206238365702494690788556453404173947
8936129717763475466734103901824935332179792004619197204239208064238374036162497475480463833548388957288370909219556687119534770540763101909861177532605637470339138369298493681206827780154518712
2110432109861255195604439908416623584363041811794190977362784566947169652346797432689778337066864708113966490962879162932587621302426720
65574327253461751647028916691454149868134882828043088636572588429408908899268847567380066074562818475556502861060595977966708796392598239360515713459040879317045
8447169568082922049216402955035616934619045172691715466564490922399310519667638522963197858806554899358511873
59244141666003668323801992015566062322311510646571295623834656720349100981406481566552015820034685940097363033800135
6417497137538321015957054918361852386731727039763972690332841744651459405835349239784
45380803506858422404969445393252
791340424493290710532402675104330004101610186022663575665244926267196317310814690425131843807072720992035314097629153402245083594252661415798067
7591596380
701305917452312902122414209679416002086829936694587302
7881176326118790284394377635806505154410752032387469954452814711983472153781041934707205822557577142131183437807666789355890524540726301737173954966360204606519520160112707
44649620858542946157059135670445424305498962543153385099537005158477906285532739728790460391188407078039244298562836234220046867907559698533448449978594872862029029527260333252
64212
9250138886297162004761196792905222136942341955067239581625926168410726659324
514997218186653200969399684047125652292482888573
8328407970889367826848293371694564696263521179244597576930448622683734603861431952503754595803526303336262137778967940160715485919709183177973271670459129419169815102
318737551605849594561692968612520395091341373459099972722354131094971246690371496065786
88810610321647770113
76958366787209985083295239642797279943446251013332230908745623076679982699513139218914896683836822649
6437142301286978713232436656883778563224146476033991616003588351692518736615310149103295740490661311084451700801679609412090336828706110216629809281843551346429875367189531782230571425371
36710041768059666421297510452689531243151779454449173550021
4844077019678072028
676747402061661635199883074787160027845675862973698281847534426178494447998641185446623309429533222087653056201328633901908443115784603413664179739835181833
50760729559688794914602043723011876775750714774337553491586132565209231586183039724095626562692784284855706897476086443252017448883979289123962478010332948903637983391836913624
57784720878554256563807572590131134469841950297694895113589982116508845441765329993763521386879404967184500113307678415982051652765722729875741743171824183436628838993926984007755
3675115512303371014743927421514305075605066233543965478495151648318214127933645892151101601162287
70237832800531097908881125994174574822179109950628282394870057318484906352537195489022581784752571030089927099394458206
77601178182739431544595748096192353692334729446645330495969807133548841506183522062267684781073635482325509588967900917159916311772278737632452
42879410420660035384555169083291651222908505724148566362496020216744094080717395797402511290666587035796030266886358309247733432698329737755690560
2445050055267192731687351761894809486317131204279075781949487507080919719616496555128814566974101535500986638254148507997557522042140955523086112331
1318696037353691266468858392047125331239401467850996631606627
4193380634375179350712474714450454444693451271909720990599578204860370484357728256705181424183370963563123585019943484676549720549401500
1108411164747272534456994060935507425322341379584720227
576757141728368092684364587277465055604868689
605268343148572534990704867695765413541423607277930513497778564562884949118875214940047974686291549969751668170045449999762956653608505005104406141
6514855185870109792543226890599365
2948074430004421801528071639209046837797365871694423063216588181074346970457032296893851944468042777439464804
68696319437192296
482802634861362832800132617252626240495145221971172909472487873184479730927648386812978383309149464140991512034155899
32521961403172477704377838885964391139
189779002001796940924492425634921859448236319376562344371023645687641373755426658073036822168695251803496649440848660435843688497813907248224
75233850772307631215849790270791828308580930821538753412
66538551323334786286553334817049901296786290116036892441306084152992670770257807803025390100958465031641149999942326745853862723376567664855334913672449871
3062291597713715771306077516295841781508324504487145342313888726703084646404416751237092278462997112527882311022490762868196239780676291908122228986108475
41829703446971450592384250985176067463599283313175330935148551419992669154746824
776696129967176590486686517067543581819408934477825196535036007709629341105425916503947780762958548410190511004112071102607703806473641295406674920620595924224072281612613488794190617339238080040720
66756323305078850686104361201924503187402465462247700188397114369846492242572255766953921694198045256378947760355550355646682872990282535872385988585427693405892242244622471
82050298704198209094420379607725223000790840195009519503905699358475675967383063881816882772321211291010542030544461670984706468668514335826
4260965760942454859927720887493391464954004231590974120613895308221707993518404384080049031964365913403100863065359792388028064559969674047903
18387981644961753796
631789
78174308166918835478144886197311960571294719573443428626718396756499708867684845600971885214598430027171993034521686334273749567757928846016784294195815361532654196420430524599682569877273491447399
1722340643227830915876108006587938776097581381549398821857450980161436250253626886447908819151178503215693754867963314126703295780622741832935083147852344267547008728000
499000259909577456706250968988254209085474
579187696249972488495072812572915853021894371413504137413354107818294427525211648113395123380810819589082142727605977117038472231815836973151325360579640158224700345915
16045525899311526547143039618232968548078442332948840007929546381105687539208329847576110468516407910601709590248218030016006472497587318643884280507078505196641425371523487245574983379
2966
724749109405204737694265564062109939642376127894104806246915398
88605751001701777449563699385965529770124919851304181627438049763179232518819169916771013695338
74728351191546670108896688694682278378430618524278788472392912487892224124752921664425454402253070329233573138905679864911975481759627845984
6969905879816860383141691697876467225520189401780568501860855129746468961336
56180696563730019753512061230952862859021722921903877728192587376724359933119864
1755266764506042936202907646915649560408277620011901415154470104073065799126339457691976419059554202076945777776681205504939
78936336619286917771045616920961663982099627157999726566460164774704438003449977837224682079
