50
1838540708 1838540800 1838540892 999999321
300235113 300235145 300235177 999999619
18446744072065787620 18446744072065787630 18446744072065787640 999999870
442564768 442564768 442564768 999999107
18446744073067766396 18446744073067766453 18446744073067766510 999999797
18446744072134467324 18446744072134467353 18446744072134467382 999999178
667617494 667617534 667617574 999999846
1470349469 5881397876 23525591504 999999542
703800320 703800389 703800458 999999104
18446744071683196604 18446744063577776556 18446744023050676316 999999096
1767361792 1767361809 1767361826 999999435
18446744071886786368 18446744070064021120 18446744066418490624 999999318
1452717996 2905435992 5810871984 999999107
18446744073129430562 18446744073129430583 18446744073129430604 999999740
18446744072584655472 18446744069209967040 18446744055711213312 999999180
47213248 47213345 47213442 999999218
2104895699 2104895775 2104895851 999999970
18446744071786855845 18446744066018768532 18446744042946419280 999999283
561232288 2806161440 14030807200 999999180
1507602956 1507603031 1507603106 999999081
1067541180 1067541180 1067541180 999999669
18446744072428693295 18446744067305260011 18446744041688093591 999999083
1925849196 1925849235 1925849274 999999594
1370082935 6850414675 34252073375 999999323
1347130656 1347130747 1347130838 999999490
1461121992 1461122073 1461122154 999999112
18446744072593648774 18446744068130037406 18446744045811980566 999999056
18446744072405205576 18446744069796513496 18446744061970437256 999999744
827896576 1655793152 3311586304 999999576
18446744072034195200 18446744068683482368 18446744058631343872 999999147
2132398712 8529594848 34118379392 999999828
18446744071915595744 18446744071915595818 18446744071915595892 999999391
18446744072205655376 18446744069197862896 18446744060174485456 999999166
18446744072275145295 18446744072275145365 18446744072275145435 999999230
18446744072114778112 18446744072114778112 18446744072114778112 999999026
18446744072402836900 18446744072402836940 18446744072402836980 999999105
398530028 398530086 398530144 999999018
761460388 3807301940 19036509700 999999210
1020706948 1020707018 1020707088 999999808
18446744073231088118 18446744073231088118 18446744073231088118 999999491
18446744073687451088 18446744073665350560 18446744073621149504 999999762
975529264 1951058528 3902117056 999999705
1137132666 1137132732 1137132798 999999785
18446744071637048585 18446744071637048621 18446744071637048657 999999583
2034862125 2034862137 2034862149 999999527
18446744073059823868 18446744073059823962 18446744073059824056 999999523
18446744072060945086 18446744072060945134 18446744072060945182 999999803
18446744073145896270 18446744070891274886 18446744059618167966 999999243
1593024788 3186049576 6372099152 999999397
1280037504 3840112512 11520337536 999999437
