53 58
0000101111110010100001111000010000000000110001011001000101
1011111010011110011100110000100110110110001110011100001111
0000001110001000010101111000010011100100000101000000011111
1011001000010011111100000110000111011100111100011010010100
1000000101110110101100111001010111111000001001101100101000
1101000110100001100111001001001111010100000001101010100001
0000000000011110111010011011000010000100100000100010000000
0000010110000100011000000000010110011110000110100100001100
0101110011000101000001001010010001111010111001101000101100
0111000000001000110010001000000100001100001001011101101110
1101000018600110100101100101100100000110000101000001000010
1011111000111100010001101001000000000110011010101001100000
1001010010015111001101000100110001000000010001000100010000
0010010010160000000000011010010010000111001000110010011110
1100110001111000011000001100000000000010100111101000010101
0110100000110010000001100100111000111000000011110111000010
0000000000171000100010001111011000000101011000000001011100
0100100010010001011011010111000100001011001110000000100000
0101011000000111000100100110010000110100000000001100111101
0001000001100000011100101001100000010100011001110000001000
1010001000010000000011111100110101010001000011000100001001
1000001001011010100110111100000001011110001010001111101011
1111000101001000001000110100010010010110010110110010010000
0000010001110000001011011010110011000100010110111001100101
1001010101000010010110100011011000000111011001000001010101
0001010110110110001000101000000000010000100100110101010000
1010111011010000011010100000001101010011101101011100010110
0001101100000001000100010110010001010110001000100101001000
0101100000110110100100000010010001000101101111010100100000
0101000101001110111100101001011001100010011101110100010110
1110100000101100100111101011110101000011010011010110010001
1101010000001100110100001100111100101000000010111010110111
1111101010111001011001110011001100101110111100000101001001
0000011010001011000000110110011100000011100100110101110000
1000001010100000001100110010001101110010010000001101111100
1111010001100010111111110010100000111000100110010000001110
0101101100010000100100110100000100100000110101110000000101
0101000001100000010001010000100000111110011111101110110010
0000010001011000000010001000101111011001010011110011110010
1001111111000011101000110111000100111001010011010000000100
1000000000101010101101011110001111010001110011101111111110
0110101100100111100010111011010110010100101101000111101011
0011101001001001111100000101101000000101011001011001000001
0101001000010010010101111000001000101100011101110110100100
0000000110001111001010101000011100101000000100010001011001
0010010100010011110111001011011101101100011001100100000001
0001101000100111010110111011110001101101100000100010000000
1000011001100100001000110011100111100001000001001010000010
0001100011000000001000011001010110101101110110010110000111
0000100011001011000000111100000001011101010001010000000000
0101010011011100111011001001000100100000100000000001010110
0011100100011010000011101100010010010101000011000110100100
1100000110000110001000011010000100100000100010000110110110