5
72 40
0111011-1-1-100101101-011-110000011110-0-0-111-11--1--0100--1-0010010100
1001011001110000011110011101010010010100
77 33
101-1001---0110-1--0--110--0011010011-01010-10-1--01-0-101-01-1110110000--001
011010011010110010101110110000001
76 26
00-1-110--010----1-11--00-0111101-0001---1-001-0100-1010-01100110-0-00-00-0-
10001000101010011001100000
73 31
10-00-1001100-10--0-01-0010-0--1-10-010000-110010-1-010-001-0-1--01001-00
1001010100001100101000101010000
74 28
010-1-111---010001-1011--11111-11101-10-0-01-01-000-00-00-0-1--0010--01-01
0001011111110100010000000001
