600 99
463 511
107 260
494 218
407 554
114 186
165 584
409 397
259 544
80 542
449 420
265 178
151 325
401 216
327 216
497 435
531 78
16 258
50 563
316 345
365 587
135 274
590 461
224 299
147 599
438 552
84 207
122 262
262 117
435 518
219 216
313 164
428 155
503 361
575 334
571 4
543 336
126 363
209 163
482 120
83 259
69 567
362 596
127 208
81 444
156 169
177 172
317 58
489 380
361 22
128 380
73 469
331 395
167 103
363 269
272 195
272 258
43 295
162 257
117 419
586 365
229 456
176 29
395 362
13 402
223 8
54 531
572 500
451 141
141 550
75 200
572 79
73 68
249 149
79 42
295 389
404 81
471 86
409 111
160 269
353 594
95 478
489 254
235 309
158 248
578 188
527 538
272 345
250 442
458 440
17 496
367 124
155 133
480 489
318 127
408 489
93 576
446 327
155 84
534 434
