900 768
306 503
786 503
223 306
236 786
230 236
586 306
635 425
717 425
104 425
364 425
747 717
128 104
757 221
464 757
195 464
245 221
126 245
21 757
41 472
352 472
377 41
214 472
875 472
580 214
281 88
838 88
506 281
811 281
192 506
781 811
484 714
362 714
546 714
683 714
74 546
675 484
37 100
851 100
788 851
647 37
765 851
633 100
667 700
793 667
124 700
311 700
309 311
4 311
804 45
575 45
332 575
371 575
234 371
598 45
479 896
689 896
520 479
298 896
593 896
665 689
238 703
68 238
242 68
345 68
211 242
623 703
51 883
526 51
385 51
802 526
508 51
752 508
119 734
558 734
276 119
152 734
454 276
735 276
186 475
255 475
181 255
682 475
749 181
388 255
761 825
191 825
510 761
54 510
339 191
716 761
699 288
715 699
638 715
620 715
773 620
284 699
500 611
490 611
58 611
273 500
440 273
821 490
487 759
848 487
627 487
16 487
642 627
790 848
891 228
112 228
376 112
473 376
361 891
38 473
474 430
99 430
885 99
827 474
162 885
150 885
527 79
640 527
725 79
175 527
613 175
545 613
131 457
770 457
326 457
200 770
566 200
831 566
678 410
805 410
426 410
96 410
11 96
432 11
579 837
315 579
800 837
661 315
170 579
858 170
431 676
854 676
711 854
232 711
481 854
63 481
591 456
862 456
443 862
685 591
55 443
782 443
610 791
212 791
540 610
607 212
491 610
709 540
779 379
127 379
707 779
239 379
185 379
625 185
649 865
401 865
867 649
588 867
656 401
451 867
151 524
365 151
26 524
17 524
641 26
383 26
690 31
836 31
22 690
428 31
463 22
592 31
525 196
516 525
179 196
146 525
744 516
688 744
36 190
275 36
342 275
834 190
213 275
483 190
18 732
398 732
664 18
378 398
861 378
681 398
390 329
178 390
763 178
271 178
643 390
27 763
846 160
356 160
7 356
289 160
114 289
704 846
648 270
210 648
621 210
698 648
618 698
436 618
539 225
878 225
712 225
863 712
148 225
760 712
84 497
803 497
844 497
449 803
65 497
222 449
568 258
764 568
889 764
493 568
892 493
512 493
297 14
495 14
93 14
766 93
116 766
841 766
350 76
900 350
543 900
133 350
603 543
468 900
486 840
141 486
692 141
810 840
167 141
49 840
895 227
751 227
24 895
219 24
720 751
1 227
509 570
291 570
272 570
847 570
729 847
340 847
601 477
887 477
458 887
399 601
254 601
331 601
447 511
668 511
615 668
445 668
818 511
590 615
53 397
110 53
92 397
814 110
314 92
808 53
202 684
532 202
437 684
672 202
415 684
564 684
249 653
282 653
873 282
156 653
582 156
518 653
316 19
265 316
798 19
453 265
819 265
189 316
666 274
320 274
849 666
427 666
199 427
246 666
349 600
881 600
337 349
268 881
59 600
143 349
571 594
722 571
877 594
572 594
164 722
30 722
61 302
644 61
882 302
776 61
235 776
505 235
694 108
115 108
587 115
596 108
23 587
839 115
561 215
589 561
107 215
357 107
208 215
452 589
710 753
48 753
419 753
292 710
42 292
815 48
157 894
585 157
775 157
812 585
393 812
515 393
886 787
101 787
168 101
833 886
604 168
485 168
549 395
244 549
534 549
817 395
367 549
387 395
10 733
253 733
651 733
448 733
528 10
247 528
496 897
372 496
269 897
517 897
354 372
433 354
201 62
139 62
380 201
695 380
180 695
67 180
628 91
153 91
353 628
784 153
755 91
609 353
750 113
748 750
391 113
363 750
318 391
396 318
52 120
325 120
488 120
466 488
686 488
442 466
806 250
574 806
125 250
650 125
411 250
287 574
662 792
134 662
731 662
455 731
158 792
871 158
69 612
257 612
299 69
338 69
469 257
277 612
421 279
229 421
663 229
370 663
13 663
9 370
718 188
646 188
39 188
459 39
746 646
739 718
165 828
305 828
300 305
35 828
44 828
304 305
290 159
740 159
860 290
90 290
637 90
874 159
560 3
70 560
183 70
78 183
504 70
595 3
34 441
636 34
224 636
629 224
655 636
137 636
77 523
226 77
816 226
514 523
409 226
608 226
422 743
344 743
507 422
404 344
296 404
809 422
778 98
206 778
323 206
50 778
826 778
557 98
460 606
122 460
369 606
155 460
402 122
420 122
294 423
659 423
654 294
823 659
97 823
301 659
756 807
541 756
264 541
333 541
674 807
322 541
835 553
216 553
691 216
392 835
118 835
176 835
142 502
801 502
351 142
83 502
47 83
341 801
439 630
537 630
194 630
237 537
94 537
768 630
193 657
533 657
605 193
701 657
166 533
660 605
754 184
799 184
406 184
870 406
670 754
876 870
780 550
634 550
624 780
555 624
384 550
209 384
538 697
263 697
830 538
556 538
197 263
40 830
680 713
551 680
727 680
879 680
866 879
696 866
461 60
172 60
8 60
785 8
728 172
730 60
677 130
335 677
898 130
859 898
417 898
111 677
373 66
359 373
241 373
231 373
407 359
434 66
334 893
173 893
767 173
480 334
519 334
82 767
12 494
312 494
346 312
794 12
489 12
842 346
95 260
824 260
204 824
285 204
719 95
15 719
386 758
857 758
267 857
136 386
745 267
796 136
355 626
708 355
368 626
446 368
145 368
418 446
673 771
400 673
548 673
382 400
89 673
581 400
403 578
106 403
576 403
347 578
614 578
772 614
724 554
616 724
797 724
20 554
669 20
293 797
438 721
864 438
569 864
327 438
562 327
513 438
498 321
726 321
482 726
822 321
478 482
140 726
492 850
135 492
360 492
336 360
205 492
832 205
266 182
117 266
85 117
389 182
169 85
652 389
286 278
328 278
374 278
522 374
412 286
476 522
783 530
736 530
32 783
820 530
584 783
774 530
573 899
470 573
64 899
577 470
855 899
622 573
632 552
313 552
888 552
261 632
251 888
559 632
529 240
198 240
845 240
283 529
57 198
471 283
161 499
105 499
307 161
5 105
501 499
394 501
308 324
330 308
154 330
645 330
693 324
777 645
617 147
256 147
671 256
567 617
405 256
71 405
149 583
544 583
547 583
317 583
429 317
25 149
535 856
29 856
80 29
602 535
280 80
416 80
619 366
723 619
413 723
295 619
2 295
536 295
6 121
565 6
310 565
103 6
868 121
303 868
769 829
843 829
132 829
450 132
884 829
28 843
795 33
102 795
375 102
465 102
75 795
43 795
348 123
252 348
73 123
542 252
741 73
467 542
531 319
563 531
218 531
343 563
217 563
177 343
706 207
138 706
248 207
144 248
597 207
890 706
262 109
408 262
233 408
171 109
702 408
174 702
742 521
187 742
56 187
444 521
658 521
86 521
687 679
259 687
81 259
462 81
72 81
163 687
880 203
853 203
852 880
87 853
737 853
789 880
381 129
631 381
639 381
243 381
762 631
705 243
435 872
414 872
220 414
599 414
358 220
869 220
