1000 500
466 938
48 179
598 272
852 177
190 614
820 390
258 517
448 395
907 401
555 317
465 260
644 309
120 593
204 262
85 273
916 10
836 839
602 894
374 320
1000 319
176 7
183 138
379 226
12 562
741 149
107 384
162 451
522 870
920 883
982 283
516 565
267 228
23 152
647 480
8 794
231 845
28 893
341 486
785 584
906 798
115 654
737 40
698 387
843 360
457 745
257 529
442 586
664 121
750 17
469 216
663 166
157 959
335 987
790 940
587 995
944 780
608 685
972 422
21 844
441 20
463 789
777 396
415 683
911 797
423 879
169 569
184 849
460 970
756 994
313 841
731 759
961 265
619 41
863 491
865 289
151 686
246 636
103 688
633 606
498 599
409 417
72 382
889 66
6 899
673 669
145 545
494 314
548 513
464 16
908 775
132 829
727 770
499 525
496 603
377 738
321 43
620 816
122 641
408 227
632 482
612 419
862 726
933 136
399 143
655 869
139 701
776 490
613 363
492 180
858 150
955 261
475 722
527 270
978 238
931 388
661 675
615 4
604 977
234 97
368 504
971 334
831 14
997 572
275 945
343 130
194 96
126 68
64 559
391 305
579 691
784 578
135 778
336 284
102 110
762 413
585 846
806 503
817 301
800 394
224 622
92 588
108 736
999 953
154 927
550 345
452 78
740 828
796 769
160 837
671 905
164 36
708 607
249 630
58 884
624 444
878 34
815 84
435 791
148 822
850 742
349 372
563 840
52 724
853 552
253 605
859 73
706 609
33 430
286 823
50 247
915 904
280 968
371 811
83 383
752 342
656 979
425 142
827 211
489 278
354 628
930 79
650 467
125 75
277 254
124 418
163 512
324 913
670 147
898 814
479 27
310 42
723 235
866 533
695 326
328 104
833 485
358 956
679 704
672 404
857 824
488 61
538 456
362 233
53 595
472 281
976 225
739 100
570 367
1 291
932 370
648 924
861 882
631 677
294 88
271 133
187 918
59 212
576 178
200 428
386 70
557 546
437 754
868 638
471 300
80 165
751 90
380 890
903 528
240 577
407 25
201 922
507 810
980 98
91 975
854 116
86 535
919 520
487 429
774 366
596 851
808 881
350 716
446 715
600 118
357 31
917 779
634 812
389 218
692 268
38 748
214 312
842 114
473 560
506 801
111 221
9 942
24 222
657 886
957 819
106 902
414 946
540 359
369 378
453 62
509 3
689 921
352 610
153 767
411 696
99 786
219 244
242 574
667 410
63 403
700 269
274 344
57 521
753 431
873 860
185 651
141 131
105 406
707 531
734 805
732 181
949 252
474 755
129 144
934 434
19 398
112 787
795 416
875 432
981 198
511 340
393 682
749 782
703 158
581 947
318 454
666 186
353 476
990 195
518 95
665 170
713 761
549 256
322 397
658 497
223 117
807 856
626 747
373 910
877 939
534 834
802 196
643 207
876 299
676 220
76 543
547 420
887 134
172 127
290 60
962 835
365 693
459 544
351 580
937 22
71 37
478 29
330 783
582 571
331 483
445 2
193 728
438 652
561 992
627 733
766 67
772 296
583 239
539 965
245 308
891 855
712 230
400 505
307 735
315 832
436 481
113 568
718 81
77 259
993 288
804 720
523 346
892 958
173 119
952 232
297 424
333 215
44 439
757 426
462 248
208 128
298 746
376 251
659 192
161 433
575 678
589 771
900 217
730 30
266 764
402 895
912 282
440 51
867 714
255 536
645 47
213 447
998 493
709 564
237 45
719 477
926 729
203 241
573 26
279 684
18 348
329 758
799 928
82 515
250 94
159 355
792 542
421 392
681 311
960 199
611 660
556 188
292 705
332 592
625 848
773 175
532 65
618 985
174 788
412 137
323 781
702 11
501 553
974 925
838 306
566 653
93 966
189 687
637 510
680 597
743 711
171 929
567 450
339 668
449 123
264 461
996 888
872 32
302 901
405 202
209 304
590 15
948 375
964 984
821 210
287 988
109 943
991 642
470 167
826 484
5 897
725 55
519 954
13 721
361 49
558 551
717 591
941 146
914 74
973 635
243 963
594 293
385 325
896 617
347 140
885 526
616 155
864 694
601 303
537 813
649 455
338 191
39 760
443 969
530 46
936 276
229 847
674 690
263 156
35 364
983 765
502 197
871 381
236 744
809 101
710 629
640 182
554 54
967 316
427 69
646 803
89 825
514 285
935 337
524 205
495 874
356 697
923 989
639 818
508 699
295 880
623 168
662 986
541 763
830 768
950 468
87 793
327 206
951 56
621 500
458 909
