1000 999
658 294
294 150
658 348
658 205
205 640
658 765
294 570
570 871
205 232
294 848
205 990
658 40
232 204
150 422
40 876
232 25
25 908
658 68
908 616
422 905
570 32
848 298
616 531
348 400
150 359
658 852
294 610
32 912
658 167
616 436
232 215
40 919
25 937
905 909
616 911
150 27
990 229
658 826
876 277
229 528
765 250
40 697
570 338
338 601
338 266
697 149
528 694
229 490
658 754
601 237
400 517
490 706
694 865
205 608
277 836
909 611
765 328
40 409
517 892
204 862
422 97
892 326
919 559
409 435
836 372
229 523
294 187
40 43
909 588
490 322
852 88
990 192
27 672
68 92
149 402
908 539
531 394
608 622
435 597
697 755
150 592
68 165
836 405
150 627
405 872
149 696
871 152
359 486
588 644
990 5
911 609
765 115
876 916
359 646
611 511
165 352
865 401
937 376
570 621
401 692
402 113
697 581
435 392
266 567
644 591
376 83
338 745
436 184
511 94
511 856
237 894
627 464
592 207
658 578
908 273
402 859
581 866
531 386
597 753
486 278
115 804
616 196
616 469
856 360
97 461
205 598
32 760
32 487
609 711
511 120
43 510
672 671
836 433
511 918
328 530
578 628
918 111
905 263
392 177
916 321
916 432
294 614
435 59
321 654
394 131
237 716
872 906
402 407
876 575
25 921
184 585
990 573
866 489
862 546
360 264
322 734
892 458
232 162
162 514
872 890
27 543
876 701
517 779
386 770
204 219
581 377
401 662
192 728
386 58
59 132
908 75
692 174
765 442
489 549
658 822
539 301
432 950
113 902
856 978
322 208
909 22
906 975
162 316
405 246
890 845
654 544
890 699
697 351
352 74
628 653
187 391
278 413
322 679
912 189
83 275
413 524
322 79
360 979
978 607
658 949
573 98
640 163
163 924
701 887
628 369
865 938
436 93
601 367
189 970
115 955
716 751
706 980
93 749
588 602
523 775
905 86
458 801
716 85
822 81
435 944
692 319
189 292
321 977
524 726
575 371
273 814
177 412
944 48
486 843
86 339
232 682
614 396
184 280
528 839
578 52
726 954
892 272
734 897
152 941
749 962
321 506
79 516
916 659
801 907
909 379
876 451
150 331
458 961
359 96
941 135
845 664
338 488
132 870
887 425
862 541
902 551
319 994
755 256
616 715
944 197
5 886
659 383
298 553
52 153
25 534
352 797
376 798
442 30
489 211
98 168
165 785
319 968
207 9
644 76
658 899
338 306
546 248
331 2
706 67
27 867
692 803
394 972
826 529
909 450
760 989
866 253
272 147
779 178
671 565
682 421
204 594
339 718
319 54
753 875
692 869
622 21
458 632
994 913
113 668
551 190
887 772
668 691
372 279
938 958
886 976
450 108
360 952
924 998
450 3
570 795
59 449
770 185
111 925
367 625
622 889
872 599
514 31
760 183
135 833
76 802
609 46
541 787
280 522
436 171
925 345
654 552
92 864
602 337
894 271
924 141
804 589
822 641
641 448
113 127
541 66
611 638
609 727
622 41
248 883
697 508
534 733
391 493
990 270
658 563
625 542
989 238
192 752
822 557
383 840
196 853
528 737
168 819
528 988
544 815
925 473
529 504
975 566
601 657
52 505
422 343
918 792
108 695
421 721
911 291
697 213
66 880
925 686
433 612
152 850
208 595
9 764
621 4
539 712
589 956
625 808
165 605
919 209
360 159
93 223
921 630
473 746
405 447
529 293
514 945
949 99
528 172
506 222
74 374
961 249
92 846
450 457
205 860
489 119
402 485
326 963
876 12
165 720
867 6
163 89
539 33
96 613
721 201
66 106
862 901
833 100
924 262
301 967
870 129
994 341
2 550
372 687
33 268
405 676
846 344
322 868
925 202
990 84
868 34
178 107
712 498
132 216
644 315
278 626
92 777
141 636
880 703
734 230
958 122
141 287
119 847
559 547
627 700
246 134
967 809
322 69
676 780
147 57
749 982
980 681
728 103
264 226
952 788
31 8
219 24
442 739
271 446
543 841
860 324
204 361
779 429
610 491
906 855
331 503
848 660
846 336
621 169
529 155
998 231
272 940
949 783
505 364
279 741
232 247
804 590
621 747
306 234
998 769
487 584
155 342
962 735
135 817
22 750
74 465
909 519
293 417
912 42
671 806
514 285
100 830
202 900
869 974
875 424
364 472
517 176
106 362
165 388
42 50
473 495
315 414
905 37
542 878
342 311
30 243
285 154
962 667
473 888
491 133
955 399
770 722
970 140
850 631
345 373
944 635
833 497
86 290
765 349
788 440
207 891
120 276
733 666
626 556
590 455
407 992
519 323
196 951
262 397
168 986
189 983
806 784
243 794
968 725
703 17
208 80
970 193
488 160
402 49
676 934
34 774
290 380
581 650
734 693
755 818
30 710
511 60
268 145
247 453
57 456
230 15
573 844
192 729
96 810
270 518
646 355
598 53
355 874
911 340
735 683
9 832
413 47
331 617
226 825
697 14
653 927
754 156
264 235
671 494
74 971
187 233
400 242
970 389
522 138
978 959
348 39
486 704
167 26
621 452
696 767
301 114
97 791
505 309
498 673
491 515
522 965
968 674
992 820
818 13
608 690
734 257
745 763
897 244
880 896
628 77
229 877
950 835
980 38
414 166
867 267
938 709
866 200
747 554
528 805
407 95
495 420
846 603
938 109
449 245
246 807
84 643
168 212
979 634
273 218
715 893
635 91
612 438
127 346
578 540
230 789
145 305
712 259
880 462
76 240
76 571
132 564
523 993
690 260
174 390
902 454
784 600
171 732
216 538
113 72
178 926
266 661
373 813
788 651
185 587
883 898
291 353
231 304
772 368
986 827
14 330
718 121
213 23
93 933
975 946
106 717
267 445
898 501
802 143
447 903
945 299
728 467
213 981
440 620
156 829
687 492
401 254
571 689
72 191
892 161
595 929
531 170
940 996
552 110
92 714
89 423
306 914
98 507
106 251
905 637
67 173
122 562
620 164
489 509
362 125
344 258
6 381
673 327
491 935
99 586
965 188
270 645
467 71
449 987
958 365
993 10
399 513
299 652
767 854
531 198
653 142
168 314
487 521
772 387
805 939
745 70
285 466
978 313
689 560
276 656
726 973
313 437
345 221
808 663
729 408
361 335
397 799
774 403
13 922
780 936
429 857
712 985
603 239
747 419
466 28
39 195
625 329
567 281
281 823
893 535
944 356
314 834
691 947
620 203
422 863
902 502
789 179
93 593
784 675
668 123
379 382
237 499
39 101
119 430
490 62
598 484
940 252
631 415
871 719
509 289
549 36
138 180
484 849
311 427
854 800
178 479
245 317
276 766
169 363
614 227
388 296
746 283
106 533
609 606
905 18
573 838
251 136
353 811
138 812
36 441
710 932
820 384
855 11
379 615
522 964
134 623
253 851
926 117
901 126
970 426
913 629
142 186
939 471
54 568
36 942
250 882
407 225
949 210
857 781
364 561
514 748
699 999
965 310
970 821
277 773
832 16
305 915
373 410
405 476
316 65
891 596
72 90
832 460
16 743
769 87
827 639
646 684
215 468
661 265
403 842
799 828
769 545
892 619
348 548
485 370
958 7
399 274
828 157
70 284
809 756
958 443
314 347
427 647
636 55
896 148
79 761
502 576
230 948
134 312
397 705
49 478
461 879
149 146
435 649
394 984
739 991
622 895
410 768
408 873
337 569
327 118
513 334
156 393
834 997
393 953
601 282
443 960
808 758
880 224
187 496
690 655
548 525
419 793
69 61
69 885
193 137
120 669
843 51
372 181
363 269
586 480
91 73
794 648
18 56
749 558
498 762
898 228
113 220
476 928
825 574
888 439
788 104
683 286
138 482
671 730
636 582
807 416
23 139
123 116
93 831
727 320
616 214
942 307
973 1
956 790
122 685
887 151
730 702
140 354
160 350
844 665
104 325
397 29
178 633
717 102
540 19
807 199
982 483
148 677
245 995
909 577
725 670
617 742
337 112
845 536
1 45
195 217
326 713
164 194
982 303
293 555
921 63
420 920
669 917
81 206
259 470
183 580
392 966
671 318
7 378
667 782
216 398
845 82
694 786
846 526
840 837
575 418
405 300
926 572
873 723
301 698
733 236
452 411
62 78
364 404
272 688
792 357
602 395
770 288
360 295
90 302
473 708
432 261
17 969
439 459
651 35
362 858
552 475
171 500
472 604
551 255
369 105
820 520
524 943
455 957
867 861
660 642
47 724
787 931
994 923
166 757
423 816
436 744
410 778
173 512
858 904
99 297
487 731
257 124
793 481
982 1000
287 241
14 463
708 532
31 759
489 64
920 537
668 881
440 431
41 930
574 332
741 358
62 175
938 144
85 333
976 434
141 158
201 375
392 130
321 182
206 527
933 366
225 477
479 771
584 824
253 20
916 736
845 707
842 128
814 796
734 910
407 579
732 474
109 618
564 678
933 738
342 428
419 583
210 680
477 308
462 406
140 884
462 776
293 624
994 385
314 44
452 740
83 444
