100 4
59125853 17299560 1984839 112784760 411911256 73501108 2769919 5824227 871347 498876138 93091646 3306453 1894410 3087599 255963619 10043428 16679094 2132299 4548882 332670043 7194088 9321712 882782783 62201307 72346 563573106 4500440 860488841 53018671 67326108 805448969 51654540 502775019 47618016 810919524 62260408 2963063 52447735 4814769 3036502 498267651 210769086 8774455 478336736 23781582 9304572 2903677 6434351 502272 1692134 790098114 8391560 4469283 91390166 17714656 525622906 62050404 994248089 56234642 352225750 98456698 73673697 1207986 580028790 964622251 3698978 83576190 38136930 24058564 86982376 37983722 8108790 257547671 4077438 125941707 6475992 166887693 6001565 258681303 3808020 64070265 473478 3808031 5645871 9247878 540630847 42662799 1962736 9369485 486803707 65828880 3841658 83195070 504937518 4180571 80297776 196652077 16496741 5872209 4768639
8356227 894192079 36347962 81836313 51350669 69644467 28897644 2206634 4921196 4168805 7508616 5509307 58037777 8658397 39792621 85503176 3297677 61888135 66064371 5766089 7549559 91417199 52166512 70452605 563373094 6035263 757246981 65804713 8739212 808406136 58274410 337359135 4871500 3265785 60432622 6489157 7397935 613665338 996096695 79960958 447721954 9775956 58240888 7021262 89178725 48719742 6853780 616174 24627330 888808518 9173950 32086194 228811388 786655123 426070093 82825563 425449926 804894025 516620809 28973327 17036601 4353587 32547509 640256639 32790422 6692788 97277647 19805487 71602174 781889 443248318 7103514 3620975 85334459 285176351 68434877 3686892 530784745 43537668 33300046 5235204 412448946 1160861 106314175 78535193 8474645 835504149 28205053 63664189 56141283 796708118 7995523 115298752 170106454 3581928 40262100 39059806 4342793 5438696 940845341
901
8 24 3691879
15 55 6049852
62 45 28013
84 55 1631368
58 54 3448773
99 75 6128999
57 89 490173107
23 69 55741358
92 16 959709084
3 7 7802771
18 73 331698329
95 5 88215897
21 20 356297849
3 21 210656726
98 95 600677286
10 69 7723732
76 40 29079808
93 65 771943201
56 74 700194764
12 66 38278
87 15 483305518
88 83 28607716
5 90 70591921
6 29 1221016
87 24 75620763
76 15 369783260
11 66 37502035
42 50 52364784
15 38 4749556
28 25 2944471
41 82 96618635
16 45 4100032
51 49 19171407
31 71 6092074
68 46 722018043
46 45 34051617
61 37 32253833
38 79 66738825
98 47 8979812
63 85 9012989
13 99 164172883
63 10 329273716
87 73 9894758
60 65 6661376
1 14 4632237
35 61 37367676
94 26 1486157
80 16 56973133
29 84 560046839
52 65 138551
55 71 87860611
88 85 398013043
65 67 86266782
35 22 9173801
43 6 525491940
48 25 3973178
32 17 555173829
33 85 5321664
80 89 4814619
43 7 51792
19 78 7005989
53 23 283239817
19 97 4293838
39 76 5889849
42 33 3983112
35 49 75429695
24 72 514170142
84 43 90484137
7 40 7016966
53 4 63430818
98 67 95396137
66 5 526881
83 11 33072468
68 76 4882367
80 27 8482865
56 23 414452408
6 7 92834432
97 89 52713078
49 63 217420599
19 65 951290084
44 35 1843426
50 43 685946494
90 66 9453625
71 19 291459940
79 12 77469565
97 65 36130072
4 62 63807502
56 85 597832921
48 56 45141624
99 41 928668
100 52 623279301
85 15 7227332
37 92 4061926
3 93 5938805
6 87 508580900
34 83 11783472
32 31 570236368
31 84 633210912
92 100 274998149
75 83 2159139
79 35 75121932
5 26 39855291
76 88 191374936
61 75 66380373
10 73 855419859
80 40 9196293
99 15 22933166
93 62 72596429
82 99 9851407
90 72 5489851
89 49 95574576
31 83 96925218
41 73 1245146
100 12 2593005
53 18 5109250
23 73 9983358
87 14 732725445
13 7 53176248
95 67 737291671
61 54 500978645
34 98 41112023
62 64 53997232
81 43 907257980
62 55 31432612
17 97 2977198
45 28 760168557
51 73 977380780
91 33 106146727
36 42 60040451
26 98 526720175
47 92 5130052
94 53 590012683
70 5 742135353
62 17 81107835
2 70 1821164
94 64 2158613
95 47 97879546
53 32 7831998
84 20 983098
5 82 1329259
71 73 155894550
7 70 20883101
29 58 700829620
53 47 29769980
98 71 604445240
80 81 59496914
52 87 7410271
47 24 79656145
63 3 53711659
49 43 98859884
11 78 5891482
83 71 9401112
4 51 213734220
70 79 2709449
16 85 1627146
41 33 34218026
100 1 735800950
1 99 3772830
11 61 893915
68 9 4645140
21 11 286297180
46 32 680194
12 6 75247897
88 78 11758715
27 49 92954208
41 68 40906952
58 19 90544332
16 82 16896231
86 32 9086647
19 98 422235799
59 93 1959204
20 80 97880860
65 25 795925800
75 51 90210112
11 87 29664161
81 9 4407703
56 68 9421813
29 54 9921439
50 97 4869697
67 56 756506907
5 27 827620065
97 70 64726569
89 67 10510125
31 49 67657539
32 78 783888882
86 72 9143602
57 80 1342737
43 35 479381432
63 89 14715396
89 79 9894458
95 78 714210117
61 90 6573003
97 52 595122151
52 11 1791925
74 63 541875280
48 100 139911448
41 39 74248639
39 5 2006592
22 76 2356759
79 63 1878704
48 63 79281349
52 25 226003
67 46 81959430
79 57 45630866
99 95 64636270
11 62 7226454
62 57 755278615
67 35 12915188
60 31 680888017
19 77 7940362
75 46 232654
46 36 427050871
67 63 279053241
41 52 42234641
43 56 934459
48 60 4865393
12 97 91471979
100 38 2813805
93 40 9304894
64 83 42279136
92 15 98867240
22 49 69419297
17 38 26355650
13 50 744294064
97 93 4658894
53 90 9044067
72 17 920718811
14 56 393230230
87 18 157358480
21 51 7370505
36 34 565729174
92 52 2198131
59 97 7269911
87 94 39555929
96 28 5655185
9 16 89669600
10 95 3900037
19 80 5190371
17 34 7809986
83 25 710583303
90 35 45952075
3 74 28428768
28 41 94488696
36 87 4582732
21 13 19294091
75 19 416948786
24 56 892166836
50 33 17725732
33 43 32852187
1 18 58053616
56 54 4113987
99 37 7391908
95 64 7481180
86 9 7978570
43 68 40422607
84 90 24772245
70 99 7421519
33 23 84692081
48 3 86385345
92 10 8349857
27 71 9669111
73 44 110557279
40 10 441183867
31 77 3622607
63 6 9388426
50 20 3568440
85 24 13345712
87 67 617814
63 2 8504929
69 57 2579442
59 25 538877516
20 42 8327623
64 79 1320422
98 14 92683635
31 42 746687573
43 13 767676
44 67 9798821
10 36 5325624
23 38 954032456
51 27 18432830
100 86 618606660
82 31 204002089
71 34 144795567
9 66 7647901
88 24 6777213
59 41 5220125
97 88 8885261
52 49 87533199
59 82 97804403
43 32 6115335
31 88 5032816
75 77 124385
95 80 5460912
39 86 23419696
77 53 14752198
27 20 29874129
14 35 55488516
73 24 65442563
68 75 760496372
4 93 62359094
10 68 30833653
21 50 700302644
5 45 895886164
92 74 429581237
15 10 319505671
4 56 68409440
32 71 68537237
40 96 8413990
22 24 3386795
21 46 96129565
60 96 14802117
68 59 449533038
13 36 7549109
55 12 594656002
67 100 55910434
79 97 591169545
90 28 989146932
72 85 469616792
44 32 63649846
86 75 7543379
54 91 716349
49 92 91662356
81 10 5756700
52 8 284144734
73 90 60121662
13 79 8625198
79 96 3683190
44 64 36309128
60 64 282357286
7 52 77923560
8 56 6839161
57 86 58103978
69 6 28064158
43 86 458318894
87 92 8084810
61 12 242287
64 70 49415299
10 25 886709
73 2 716511574
16 43 3231856
49 1 8748572
18 90 38583285
60 100 55743098
61 97 6141292
33 3 7421785
30 76 100236223
75 80 7790007
34 18 800652508
38 28 52110283
57 28 594833516
10 84 30764588
93 38 811957909
41 50 4751034
83 77 478694886
91 99 64876
45 55 9799405
54 23 283170044
20 4 36366495
84 96 96460927
65 42 239230081
73 16 1538722
6 34 691324294
69 60 29957870
17 19 671302477
6 18 420785230
1 70 19728162
31 16 9455339
83 82 555703995
85 28 6010679
27 93 23464794
84 88 302257928
85 93 30150377
48 19 96832123
11 69 96094637
33 46 66400215
34 24 823913772
21 89 7972633
10 41 4374653
34 25 9713940
94 2 722318092
53 43 7843395
77 17 33114912
61 89 823388778
5 85 36624414
31 9 883095349
25 79 60744312
58 38 7475719
37 5 26238092
9 74 472733574
55 6 6515443
56 82 5949877
88 67 4629845
67 94 67010560
42 57 3137969
87 34 724453
95 76 4312673
7 25 76176464
1 75 95204620
52 51 73389583
33 35 38021751
39 57 6561622
2 13 189177939
94 69 929515
58 82 2441080
87 58 9010247
8 95 320305312
13 67 901397713
75 48 612797914
4 70 47528887
14 86 44670525
46 91 20797970
3 20 80846444
10 27 91432171
25 41 9819768
2 91 59855714
36 8 2659869
86 21 212680641
58 74 4489945
50 55 46029860
22 10 10696652
34 21 42739078
45 74 159108541
51 65 159831642
66 63 732937
25 82 96393308
76 98 2939972
73 6 21301310
59 79 4749213
14 34 41801652
37 77 9763655
58 97 2750041
7 80 1604427
89 4 1238931
38 75 36989652
23 96 748892840
45 63 18622279
2 100 14097389
77 67 5940797
24 26 671160194
72 49 10476711
14 31 33057045
27 66 880302564
24 91 6011282
89 7 520809612
92 35 7856946
38 6 748390535
17 44 964219497
30 62 9187161
15 82 7307769
63 61 3481466
76 2 323830746
1 8 58172291
31 70 5495187
69 77 823257
7 99 905889298
17 76 77083059
54 28 65849904
21 7 7625584
45 25 422332197
47 77 719749569
67 8 76145118
78 9 7374599
5 77 45726077
83 12 845299356
70 96 25197493
43 51 311866258
81 28 9028671
18 98 47618104
100 79 632701023
58 57 42506252
96 82 3855613
79 40 86605074
7 28 7146340
8 26 4375169
92 86 4363531
64 66 29161243
73 48 842261711
89 78 433378252
15 59 291410185
3 61 4865633
3 82 12231969
58 5 2058389
38 65 821144124
8 68 8106631
51 71 406709912
35 42 16302925
47 19 691802395
10 57 93680973
98 38 68329685
40 28 36249150
54 43 80377273
100 10 16950291
25 17 3087506
25 55 513266544
98 66 581667781
59 84 731869715
97 66 32440857
63 17 222594465
14 62 17279894
73 12 499506
23 45 2827998
81 91 3029915
92 96 918265825
23 49 693338066
54 15 45913023
54 86 6440233
64 71 476477969
89 69 182609430
88 54 8348662
28 1 24734173
64 58 7774235
43 44 184397454
30 3 8169857
86 17 15195794
80 87 7121360
82 11 85696858
85 55 9913232
71 87 85338414
20 86 7913976
78 85 261001853
98 91 45457579
29 22 917341396
29 41 5782158
82 45 57456094
7 27 40159110
1 87 4896477
89 64 603018930
44 14 91335505
99 87 91851863
41 44 548654907
91 90 840637195
94 19 37718022
71 62 9463044
83 69 63271691
1 37 376021220
60 71 65348585
21 82 7052577
51 50 398962487
77 66 6891866
33 40 7624798
54 66 1344129
5 22 4615031
29 76 90501833
81 22 59349271
12 19 70625911
72 84 5200829
90 7 41935949
1 3 8006905
15 3 509788350
100 15 9404075
77 4 961377
6 96 1297725
27 24 321591063
88 44 607657094
11 67 58111294
76 31 588972743
40 59 81966055
94 29 25943334
39 67 52794947
75 18 82921097
86 49 338056102
1 68 58085031
2 86 639429560
27 45 6470956
98 42 7206838
88 98 651845432
38 83 6813257
46 59 56893502
10 33 547873614
8 91 858103243
70 34 2152241
96 55 2034867
49 33 744529866
4 12 459095
52 40 169109673
58 3 66140325
17 28 5946109
65 17 8719948
17 23 4763733
41 11 543672
54 93 45957354
9 96 4768329
30 10 75724376
76 13 21945769
89 56 5853716
22 51 71729677
8 18 15231483
72 25 366400442
81 37 24468844
72 57 45172627
53 16 20806843
79 94 13615938
55 86 2786464
80 71 460646
22 99 56175073
22 17 1377321
75 10 477035899
43 94 1919048
58 48 3280551
73 14 933862
65 2 59249500
41 27 365111923
57 18 666461329
87 86 1261420
89 29 607173107
20 47 13191169
9 67 445196648
42 8 331310800
31 50 5408137
83 80 94536723
97 90 733946433
93 16 662351836
97 27 344701661
15 22 2903063
20 32 79876117
70 91 2127845
6 26 347815520
34 42 54212034
16 27 299953114
39 97 207051997
38 62 8044751
71 69 885494
85 13 7224763
95 28 380499375
51 56 8921689
73 8 88302821
56 76 4872525
67 48 6298506
39 70 8062188
71 7 8734371
2 82 93879680
17 1 5935717
96 52 161942104
5 78 10611872
22 82 30303513
2 54 40350327
16 26 6964318
19 79 741680514
3 37 51130753
4 66 698394981
48 23 32092435
80 25 9572892
92 94 87798695
52 48 18999908
2 37 744919324
98 77 731619413
58 72 810640688
14 43 787095101
14 74 3735978
56 5 438946
60 73 39424451
97 96 48027052
95 22 1477831
18 54 7623915
9 56 7574397
76 57 840895862
98 39 439832499
18 50 669666685
88 16 54714133
8 13 91124848
19 23 2390914
28 82 286729966
62 2 629112561
51 18 4724105
96 100 24685848
45 71 418974070
34 62 81747744
84 77 64970086
61 79 64933221
100 29 741070444
63 33 6680461
89 65 346938045
27 53 98209472
21 38 95853451
23 44 396163864
35 34 373984440
79 37 77256603
46 65 8921161
21 100 553197873
96 11 68000446
46 34 7165079
67 24 2381297
58 69 3421083
91 26 473979531
57 5 485193082
6 60 160773397
46 37 43668040
94 35 60208364
19 91 32286800
24 90 911684175
25 88 8797286
66 67 8041828
53 78 80065221
79 83 1310930
56 16 9226611
55 3 1567180
49 36 733956253
64 6 54905514
20 5 5306444
5 61 597676
37 24 599256739
6 95 59617055
96 66 534535750
20 97 54789100
57 40 546190389
41 34 155000012
79 81 42246802
96 29 97580597
88 38 53295563
45 52 78007711
50 6 39657536
6 33 761359954
67 57 926473517
10 77 8689325
54 65 3865032
55 32 932041659
61 28 193035965
26 90 80551992
20 10 326645987
31 78 9669268
60 11 10494937
4 6 50666767
84 19 94001215
21 76 8033889
61 78 51806806
47 46 52146604
26 58 24314718
74 52 2421218
87 72 747383426
1 93 99213864
99 18 406481278
61 45 667983674
63 25 10718726
73 56 73996097
97 48 4158145
92 22 2486573
45 49 91707835
76 70 6410039
3 98 17651368
99 24 3746098
79 55 56433292
67 21 48807215
13 66 643655
88 11 4946826
18 36 2876600
7 2 68704902
2 46 217024442
38 36 34423396
10 97 361304462
33 13 327560871
81 45 864483456
54 8 832244445
41 31 177081927
86 60 8190406
23 31 826184782
93 11 9580296
20 60 9446986
16 17 41032831
95 49 7206391
69 76 720731167
5 62 469587678
47 21 694201484
76 80 4669808
14 17 638178228
31 35 82100245
94 54 4660586
67 28 53339275
75 69 539527310
68 19 4823820
72 78 481351800
77 32 341805580
43 82 160379606
94 84 979785829
83 95 731994739
54 32 60372521
92 31 3604109
90 15 53801921
92 28 7783275
52 37 1614633
66 71 9383087
10 91 169350854
90 100 3027269
46 94 74288992
49 7 1990634
30 95 93020965
41 74 5434094
56 55 698609691
64 35 104089604
19 14 4630720
55 52 65399265
80 14 601531
8 78 1370788
47 73 7424361
49 47 12198108
73 15 56576225
58 39 91753139
25 74 3824012
47 85 3425245
43 23 8937849
39 59 212508080
70 82 457890604
36 55 8404153
88 40 978640
96 87 166277278
73 35 15933834
73 78 745127084
27 32 439001456
79 92 93473526
66 32 36533877
35 89 75134542
14 71 6849378
40 35 6792900
16 58 94696038
54 85 4295346
51 80 6296587
87 19 81709952
13 65 3729703
25 13 8740753
27 46 290817791
23 26 398072225
81 11 254983846
82 52 25164642
66 44 962780548
14 100 7588622
89 76 365611963
23 91 77918268
48 38 266902148
31 63 149702622
12 63 74299686
63 76 5511622
63 15 38494704
33 84 4825725
42 26 694865116
50 32 964204923
10 61 65735307
13 6 4323652
4 33 9284350
2 8 5413633
78 69 250099841
8 81 934003872
44 12 33336894
52 3 17676274
74 65 8750739
32 89 3467672
29 30 3221735
92 82 74019619
84 58 62366945
12 2 9501389
17 68 98283190
78 99 64776960
42 73 911252117
76 47 13296633
30 100 9135023
10 47 7752866
69 43 792542080
35 72 79283792
12 65 26450348
75 23 92353554
92 61 811255111
87 5 9632870
91 85 517194
80 86 2278394
32 3 614608492
31 30 630692680
95 74 6171797
85 25 45256920
50 3 6827889
3 97 7611628
56 93 4163965
39 28 5792998
52 13 67642379
76 92 56706026
100 13 5261326
56 81 11401216
30 11 4097484
30 99 858937237
70 14 1342646
62 23 88388546
86 50 8293292
3 77 836344282
4 83 5287928
50 48 46580145
46 13 81457488
93 49 2263509
83 36 56469380
80 66 2669561
35 37 952494410
33 22 4601908
31 3 62073844
24 1 4336147
34 91 273326
94 11 260777275
30 12 93183648
53 31 524564
7 88 266333452
35 46 454477159
72 56 219936743
10 24 98694988
96 39 69011925
37 4 49742839
6 79 647320003
202349226 38796726 38110595 67383043 344433577 126806748 5863774 507392 887990 45475779 4834415 64281611 34077286 50138109 4934289 910303814 99614215 97706301 446928822 230221205 977085293 7630105 121090 7428084 149858923 9817896 1841093 81170299 2033353 3251547 90714576 71543821 308040521 15098783 2229248 6958480 6778482 3119435 44074366 691542443 59867237 561983628 5783690 87385322 7025621 821924459 282981013 77844958 832601482 9213042 237359 7240785 69691151 2743082 987062566 22397096 523328824 2982608 3620338 106604973 932066 6471445 14339817 9991333 9267220 84151401 46582818 477209454 10779106 5369310 889054145 48716182 86276618 8421235 9442411 27714083 4279742 7681806 9302831 376768895 40860789 78113501 54514067 71601974 58865349 36489316 603661798 953480579 86538798 44379473 7162870 2076335 5035222 36490857 4929869 263183090 9600049 5125157 38945166 4422550
20176464 33708071 987282423 613246982 27094492 166725083 3715496 8344527 96083245 64818435 71205898 71777956 730572413 15446705 9239277 954458312 8489307 42058177 925828027 5331240 69793014 146354127 3871821 33227298 91626449 7657945 5618986 1601115 5076174 76325551 48009008 2502861 1113969 5207338 9819409 18824225 36477037 20760296 3884851 3945926 54319838 34998990 735466593 956668090 74645455 1651764 9447744 3864653 854505265 2239133 299895773 2098986 42475757 18948869 94648032 36251133 751484278 5754276 36287877 4040093 1494671 782163 93341628 50110874 201900758 16846668 93617250 57843975 54550152 397436179 239940263 3098872 653899783 8906775 7502336 257045793 6157643 7218283 6618330 9978541 6779423 487804 900690611 7382394 67834653 66103256 55324291 498561058 5836091 80549519 62921237 28624100 50050293 8694818 64886308 5382779 314037465 293836163 880634336 3944177
891
31 43 9988868
63 93 2842307
25 29 4656938
82 9 1925793
14 63 349315644
98 9 43764845
9 66 3983887
7 22 337527025
79 76 454089692
86 73 167183233
39 21 858873
88 60 1071171
61 24 785090994
85 23 87393980
97 23 2720789
93 26 29986360
99 65 903477522
67 15 905953523
22 96 4405932
35 25 153942350
13 18 370348600
82 65 68038497
92 77 355522976
61 80 378578940
15 54 59948624
89 75 12702119
22 79 4829383
5 99 6978355
60 48 7698894
70 83 8126310
45 26 2831814
53 9 809545506
38 50 8540837
17 50 7717753
40 100 47143833
19 86 4954543
88 19 720314772
76 65 512869728
100 12 298339158
98 29 7202197
19 17 392642790
38 34 290240760
80 29 43261872
49 9 97556
13 75 80072496
25 90 35083859
56 55 4544599
2 95 1642123
13 20 5906389
56 54 2753301
9 6 35115907
83 64 2124610
95 45 9936303
97 69 49821671
53 13 5402927
42 100 5817989
46 98 4564339
63 58 7658021
3 16 686717
80 4 77624755
99 88 726805089
73 85 644226422
83 97 318158667
61 95 313088
80 82 5438618
1 63 37907480
60 3 6807201
40 53 6537136
21 11 67930801
64 26 8605512
36 89 42607021
11 41 1950916
82 61 6096681
86 57 7636017
50 55 2795535
79 67 257642488
82 93 237297834
4 3 32085127
51 80 4233087
52 92 7456875
39 19 98968384
59 28 1230409
6 40 6523138
55 72 829112213
68 32 318780910
24 56 5756099
11 96 382748966
75 59 75546106
8 54 430737856
25 78 59152589
13 96 72808099
95 22 5270204
35 77 68647196
84 77 99849563
90 97 255745548
77 8 4135460
35 37 4932523
11 18 8411203
74 60 91767261
84 27 3979146
82 4 930648594
36 77 2587828
32 25 774106003
94 56 623367804
32 42 605990348
84 95 672504112
79 80 33187311
79 4 310451447
100 78 560878384
33 84 6757177
35 48 579125213
34 67 64573372
71 3 2001781
80 7 114353882
31 96 43262928
38 87 815424996
76 59 25670409
34 86 205316503
83 41 66353098
15 2 8100223
76 73 415861303
10 30 3661058
46 16 74955366
93 45 47328505
16 14 676359586
76 4 4183892
100 67 5716451
67 41 629691521
47 84 34986639
14 89 274356253
42 11 69789562
9 3 38065512
32 13 6982501
66 55 401127269
69 30 60752032
75 32 78465927
82 34 50456727
55 41 191182038
94 29 780817410
51 30 606184528
77 43 913785055
18 81 4360246
47 65 16387799
12 51 508743029
78 50 548733
42 13 68442530
23 100 3729054
18 51 9718871
57 97 32736492
63 26 970896
86 44 3991833
25 21 66431002
36 66 41925025
66 15 211837068
19 67 1931931
39 43 6711907
85 35 262865998
96 67 99379103
41 8 922761911
77 38 8746800
65 73 24126439
29 11 1657414
97 16 489288224
40 99 45869886
56 67 50025770
93 52 6413759
56 39 49393150
75 96 533167498
3 93 289454433
20 53 3647648
10 51 5723327
17 85 4866709
10 68 50926429
6 82 688186015
68 95 485509350
99 49 37036034
62 32 4576253
69 49 525229877
14 6 5097945
65 20 9566399
6 41 112946003
51 83 7397634
83 76 838947734
35 41 331567896
51 73 932865667
64 81 994227657
73 80 31221709
46 78 81292515
24 16 925748054
22 86 60679204
63 95 87031309
32 78 4220589
53 68 3671911
40 83 2962163
10 3 24460637
14 56 6493690
62 87 970100064
6 7 582015710
71 74 286475182
17 67 9335013
51 6 791263381
72 96 2129211
52 83 7048670
46 35 6922653
81 85 71613474
86 82 522202000
80 98 709515
48 75 973167392
60 89 273262791
90 13 97162297
6 48 19689750
93 47 61573659
51 72 797413941
87 70 97374710
60 75 206896609
81 19 876153385
12 83 481285670
49 41 35105027
29 85 641042
23 99 50228083
11 56 7473095
15 36 37780221
43 95 142990612
93 76 57013081
24 69 18106878
87 40 1564478
95 51 717764694
83 66 968070280
70 33 69714478
11 72 46824132
75 33 190460676
56 72 8338954
57 39 6862000
23 81 3494138
65 33 3929374
29 66 4708474
78 77 643387441
29 36 9094300
5 40 3619388
46 64 854064591
13 21 458980181
37 5 2317312
53 26 62536316
94 57 826594679
66 67 8961223
60 15 3845821
22 25 28066972
47 96 85973605
87 96 51249990
85 32 669266226
95 65 70568687
86 53 927047834
75 16 95138584
28 44 4373137
48 66 62227694
5 48 507535822
84 81 402109233
76 45 819012451
67 95 30571087
39 80 6203410
22 10 852785583
24 89 34646331
40 44 51916093
36 19 7295724
100 33 709509876
64 52 93305370
20 8 3374520
40 15 19885140
78 33 1380701
85 60 2955985
36 13 48908524
2 36 218018
17 73 646636457
81 62 2728966
25 59 70943419
39 89 6209655
57 12 366456114
8 17 50078
48 29 58516847
24 94 4358963
6 97 28889579
40 64 216438250
8 93 325699324
81 63 452785117
90 11 818015067
80 87 638712
95 10 292045152
85 20 458149173
68 57 5280098
21 97 9824550
32 95 50872658
22 98 33154027
25 57 94565819
7 97 5982194
32 41 8681346
43 97 5307742
76 85 9757441
86 15 1654746
14 55 37865036
100 25 8986532
35 20 1075706
10 4 33672680
100 58 5393112
5 26 84109150
67 59 255632360
75 22 771313294
9 28 30970942
37 94 163248539
91 30 38850818
47 46 532287970
9 20 6030718
72 71 854808139
79 69 9805409
41 60 511377
63 18 688903717
73 70 93816594
60 64 473978786
74 68 1673261
41 13 25335706
57 40 56427365
72 89 50025347
68 84 614465437
58 47 9437643
15 55 6799347
66 72 90331823
70 52 9998964
27 54 25986200
76 28 1270341
96 81 48328999
51 35 6781613
93 43 250598571
64 28 997447054
16 52 8667839
73 99 8255141
5 27 647805141
17 97 909485212
59 45 2049267
74 88 27170428
47 20 4592721
32 67 10960066
8 86 7010488
36 81 533182675
30 74 68733
75 7 548559161
20 76 9043045
92 22 880417432
52 77 373782718
4 42 350894035
76 9 924288375
98 53 9546226
34 57 972275476
15 4 51996631
14 80 1637736
16 37 9341833
14 44 2019124
95 49 41647937
76 47 8911882
44 22 57525108
89 47 74765634
82 72 39996905
19 35 31663060
20 23 4102347
58 14 87796006
45 37 4497828
14 27 80693191
60 62 91962543
83 27 15580675
65 56 17871756
14 74 44721185
96 55 6976946
4 39 17468811
9 99 2452038
87 47 34786
72 45 713054140
94 23 2805736
13 60 315547346
6 72 8965549
57 32 541435521
87 91 81341587
6 89 564158
50 100 914346009
34 30 89938
2 17 77593427
87 15 94942531
52 73 693142850
7 50 89623940
81 67 44993308
62 90 1327886
91 27 2570962
26 51 2334939
74 76 6054945
84 58 515265188
62 66 3029154
49 58 8768420
80 32 9203982
31 4 5911772
38 92 719296622
76 55 77173500
45 11 61253807
70 55 430321288
43 38 71193644
43 37 3001280
1 42 32595880
76 66 79807104
20 4 977113725
96 59 51349001
33 13 87554599
66 6 139595039
68 33 125987146
52 9 41610733
2 98 9387957
11 68 78217898
3 72 54262901
55 44 666164818
64 15 501062859
98 86 363113074
11 5 7756909
49 14 6779459
29 64 8535289
96 57 38718838
24 91 77127075
77 15 703583527
53 56 2897798
82 31 822436
50 86 834259
70 45 97762514
30 47 82758899
23 22 60607683
22 64 72870573
20 58 9357264
72 53 441839339
7 65 828764216
19 28 5176650
32 54 489243570
39 15 6886002
79 74 8956700
68 40 21151196
66 50 309451650
47 41 81007448
8 9 336291057
17 37 911968694
50 72 67439961
19 37 261803829
26 36 8616538
8 99 5299151
62 26 807545
72 47 365853242
45 62 3922767
90 88 86640399
51 8 94678798
24 100 84209607
63 60 631855942
61 3 8300961
79 40 687623523
89 12 393280402
88 41 18204808
69 65 49230896
54 89 18834218
49 39 6179965
55 64 25704513
46 92 38072160
3 43 54477484
62 27 2112848
81 3 993895
31 24 7983895
14 90 82491291
46 85 551919561
39 65 1584826
35 27 26636705
47 21 5116682
58 24 98368061
87 75 157791612
64 27 9510876
53 1 9856490
49 62 757399691
61 66 12130968
26 27 88988608
8 70 5238176
100 44 145393
8 15 343076377
5 58 888971251
22 63 75732721
92 14 758716144
60 65 191880974
51 15 6614894
57 50 147682133
18 24 74663070
71 53 240391690
56 12 4160831
87 56 847684666
56 37 98620158
27 61 7133911
5 63 71108947
10 83 118401988
11 92 4074383
6 70 86062716
21 8 27388421
13 2 28891986
7 52 6715141
47 60 5008449
33 54 73966941
47 62 86311381
5 17 51648738
4 14 19373617
40 73 88030347
10 43 70893296
4 77 9794183
59 43 5812340
75 18 62467443
41 90 9311920
70 74 6418520
45 86 836352544
37 13 40601589
43 40 434781142
57 87 9403938
78 57 6384495
85 65 31090893
78 18 660911537
73 38 39900490
48 31 59259634
49 82 6716261
27 68 3893992
91 36 89341196
49 33 18435929
36 62 714401513
34 41 4003667
58 18 64908133
30 93 24178639
51 39 1228813
69 25 6573855
95 90 33320638
90 64 91067238
85 82 73004425
7 90 85264414
84 23 114699
88 21 2667847
5 29 81035354
9 60 1176760
45 79 161035903
60 38 759646396
18 73 483908770
7 30 344289539
83 89 4041265
75 50 67991069
69 51 4339650
58 80 62432025
92 89 62335294
36 16 158858
92 47 443628982
85 14 99870074
34 68 3355952
48 98 699108987
25 15 97098106
99 28 4201394
63 37 944576146
7 86 8556876
26 30 49421418
61 63 66890711
4 97 2212719
54 1 8884123
100 9 8893917
99 39 903715754
13 72 864336983
61 55 603655
52 97 5462186
83 9 23522702
26 66 523892014
87 88 92147121
81 45 6911121
9 14 100935401
76 22 946032284
85 70 877578919
92 23 5055301
18 47 422510891
75 84 3626075
47 8 332695445
55 83 24834419
4 45 6366678
52 25 60092327
68 9 21306165
82 5 9520647
82 67 588328397
59 85 4217413
2 56 492037306
16 51 40423965
91 50 19454702
6 83 428413973
54 82 6657122
24 46 6506307
91 95 6938408
49 96 9269086
60 71 984311
50 25 2068784
36 35 4574168
68 78 18911603
34 53 8859929
30 9 3121787
39 14 5999832
23 24 628555966
20 73 74818832
25 97 747045
5 52 945569957
39 33 4503073
17 33 82918927
27 70 1727343
46 73 94553332
4 55 723501165
30 17 2207791
77 73 34842866
71 37 485534735
88 24 2815550
70 95 847192826
52 66 46064286
98 92 3521560
57 62 19642922
12 80 7536147
30 85 83577446
15 89 5799077
38 36 23366410
60 93 580684958
84 21 9409788
37 24 62066690
15 45 2110829
27 74 255696350
14 100 6273407
98 27 738745728
55 87 5668775
53 69 1585422
77 49 982446759
38 2 625062874
98 16 5216667
62 20 31056225
88 18 356798
79 33 967817854
44 66 52736577
91 6 2859796
49 34 4094901
97 78 6532917
22 88 72805479
72 4 397191684
81 2 794371999
6 4 672576445
67 33 92944064
79 35 31422361
41 69 128276405
74 85 851398057
49 59 6190523
53 37 65822083
86 5 3893692
25 24 2182493
18 83 11544988
84 92 293053163
52 53 241716160
18 42 8933560
75 19 642276111
70 78 1420201
99 24 63116247
31 14 3178502
95 72 108716014
25 94 18709721
75 24 173414406
7 64 41142133
21 63 50941721
87 21 40012825
33 18 647836627
92 2 39900002
44 45 32036524
84 100 24225171
50 82 402212149
79 75 328812096
64 20 959027
68 66 497366468
49 63 130304268
84 31 16569479
54 41 74140057
47 79 61415050
15 22 79369321
97 27 279930129
8 62 3209492
81 47 300471
15 34 7288626
19 26 53872861
49 28 4943902
54 48 9801016
48 77 64372338
72 14 879830908
28 72 1389914
36 46 5305374
20 11 3785735
97 88 7732915
24 98 8879921
37 44 2684690
61 25 92986911
23 21 268818283
20 31 36551612
41 71 67401756
11 8 7623492
29 65 5981110
99 94 4251213
96 86 17125994
33 4 1796491
86 9 238370
83 58 90177149
7 19 79003753
45 84 5396835
95 82 8761288
33 34 257056252
22 6 3523020
99 48 8996089
77 26 4521563
34 3 176320253
81 86 455646130
90 17 2971003
56 38 648995253
99 75 370736556
29 43 5870324
35 56 91221039
66 10 901486183
22 77 57555179
25 63 57522044
35 60 541589
56 10 4812630
4 90 5872684
16 76 4355668
34 96 68766428
37 46 4709043
20 71 32795420
25 74 543002414
51 28 2369314
53 11 9799026
84 69 4026821
74 41 6433160
60 37 55708070
4 27 40946643
41 14 263717662
40 54 3130446
28 73 6583117
61 14 528162436
43 87 8432568
91 93 97000963
20 82 594119244
100 10 7737679
12 13 64716653
27 7 685583741
99 50 896690959
78 58 384545860
11 88 50053940
93 5 822931561
11 9 4320711
28 80 4809429
6 17 76687589
20 69 3386846
87 34 4816055
68 29 5048831
41 16 2601878
26 90 2683595
76 82 646912900
61 39 963455074
19 46 2473382
78 23 8776491
78 14 693301910
81 17 566934207
1 85 61903618
21 51 1589762
32 16 4331534
85 53 65052444
23 41 78124200
61 7 8611323
87 69 32077754
13 87 782128839
35 32 46210452
64 99 251981150
27 72 4800421
7 59 10113540
86 2 7439274
19 43 72186799
81 26 70097914
88 1 18954241
98 50 315359910
56 51 2413159
34 79 80791851
83 93 510997385
91 83 8764820
99 59 531581332
5 56 5576320
85 21 94028012
72 69 552483557
35 91 73953972
24 51 671535
34 64 3543619
20 50 9569839
18 93 9547896
9 31 738095831
78 45 4054378
67 35 905942077
69 23 9374865
28 23 35839865
57 41 73290643
63 87 468636376
63 79 5842576
57 52 58413758
39 29 8458137
94 89 7136817
74 100 14599047
64 63 307290301
43 68 65588662
6 15 18837698
78 55 224395897
9 85 5844947
1 71 567843311
51 2 6134914
47 68 864263282
63 68 6921360
91 53 9147960
57 99 9915239
96 52 600180562
15 42 7661345
85 18 2991586
77 62 39496837
44 62 442949125
83 1 743234411
6 29 629903256
15 33 7268932
85 79 331418473
71 14 278585036
48 47 12756801
100 51 1523571
43 81 96074145
18 16 97169364
46 15 9361020
24 66 15303802
97 54 2623462
72 32 618758081
39 42 17381330
36 69 184767636
23 13 25530035
90 55 525081984
41 19 466605562
81 72 61918761
11 89 9654626
13 86 338809858
29 88 64317278
91 37 7093910
17 47 46572362
16 1 33948739
10 74 8443072
80 23 969290215
11 50 8472740
50 15 1992763
26 80 447196143
63 70 5120960
90 100 416047299
99 32 8838833
26 75 922109
25 54 574112293
52 86 37976265
62 75 381312989
37 20 73960233
23 88 50929213
66 84 122720763
73 16 90644968
11 57 6979106
40 55 15787691
46 84 2786869
42 49 28554306
61 100 344395528
71 39 4264175
11 67 7834532
29 13 2288010
87 84 6477041
80 88 38086351
66 31 9680550
29 31 651374
40 39 410842926
23 51 28979631
37 49 672174145
68 22 37423259
34 39 5605940
30 15 96230093
7 69 74069027
59 5 7876238
19 16 3897271
77 13 828518542
19 2 824868992
61 49 829818
44 79 583742377
9 75 887772625
8 45 2175791
5 20 82256109
38 52 5012011
48 14 282463408
45318962 94639878 711955 882163907 48360598 3843397 79022310 430682449 8043202 317597514 812881798 503180415 2128562 623472502 2480050 54986212 2578328 79588868 6780573 94037653 46796455 16751652 324006 638417 8417202 372906362 20348021 98493334 522850860 798056052 94008777 45663043 8784539 5827732 1182283 309785085 8548723 697192069 483444 6610334 8904742 156225608 6262176 69647459 912895856 55046437 2036148 343551164 51399959 372530374 56857849 56007866 860705773 58381001 6508220 15388807 580988606 837009734 2468490 926947091 88550762 884395770 41679342 7758069 578914176 84753076 9996611 8275957 32301476 6702348 385480 56275129 75009150 40428189 94313726 62857495 77212840 871514543 8043621 297567485 9913581 559037064 90743050 4180453 36906481 69471349 868448607 679395989 628467269 7914072 590088707 981560526 5029647 6572331 5359931 57877261 99252601 34725226 67278146 7210236
388339258 685358 4430726 49315572 47135630 982348145 54699209 49323211 961691201 8882236 269396364 3855495 19504212 729134968 933120899 18211947 30474454 94464445 36824517 176308788 818344836 4751776 300095750 68957686 621421336 280075061 6141412 726846191 95653315 970449865 154086615 852795989 8824880 50242527 71691455 382355519 3230611 38688 972692124 8776308 12531934 1005014 2143170 950457113 600299203 511085419 1653236 4073251 808023634 473208462 673966 35616149 766741114 6214015 48804704 2500192 27133231 2892776 8177608 9308759 8020252 165800248 223300610 35899879 7889203 45837234 67718468 573160718 2050687 47464769 406558 2126731 7857627 8195165 1093758 37975070 10374879 5144874 4765584 9554490 9256475 802696660 364124985 40897002 3559859 300898069 497854147 6829740 875128897 90058813 148696436 709896719 75277878 241666010 7776601 95728162 5710924 62811533 2202830 99978131
906
71 57 7371871
69 64 2748241
18 83 346397455
38 80 497223
8 69 3203418
53 41 477517208
56 72 26884697
18 5 35543823
20 55 7892922
74 49 61641817
73 2 30555451
14 78 780360038
36 40 278703673
74 36 2555091
59 32 27033047
6 78 425888282
94 80 8394076
70 61 884906342
81 69 79106877
64 27 873755747
35 82 4369608
83 45 21224218
20 1 597275962
87 98 8662289
76 75 929062
65 72 55333108
72 25 7891144
3 23 948500213
56 62 21382825
77 66 4744040
19 18 26367693
14 95 1402438
27 77 566139187
35 36 300758104
80 67 3840248
51 54 620927202
87 82 4478665
99 64 48183679
60 37 252690001
91 62 825010595
8 33 5524200
45 72 68266884
14 4 191524677
11 23 906886
92 98 2770790
84 49 14393536
30 57 201365462
91 30 9417398
86 83 571283810
84 55 1833565
25 47 601286102
51 86 8782028
85 21 397789934
67 95 5670714
41 78 3748657
84 91 21497675
98 19 8481013
1 50 9365459
50 67 877126586
45 29 28476955
54 33 95862857
30 33 226725709
32 19 984843151
3 62 6847490
95 86 564014792
37 95 740072976
99 14 927447010
49 59 547262137
30 34 402763611
1 23 479688675
88 55 29993199
40 44 41316840
30 80 952451
4 80 2165546
20 90 4597846
34 35 6834220
54 11 8519061
37 65 51347893
50 11 49881910
66 90 99398362
35 2 7138587
85 53 6465834
37 30 16692358
15 7 134327240
13 48 274408547
60 99 693438740
39 82 3107150
49 91 9065725
41 100 9286994
14 1 965674285
79 73 59914736
17 98 313977959
6 33 311992574
60 90 13453994
63 20 75737784
48 65 666176
10 5 509292945
100 43 95258946
47 72 1538861
59 56 29701178
19 29 198923688
28 96 285471947
15 22 9000360
86 23 206264525
76 45 8656748
10 43 234934240
89 85 48601782
39 24 49014348
93 90 828395242
15 2 79343037
100 89 9657317
49 41 5518522
39 95 57288919
70 95 307815698
94 68 77906929
28 25 4315300
61 86 57152593
22 42 678521979
61 57 190852257
58 70 6928650
94 85 8386884
33 45 3483278
46 75 376072889
10 91 312025968
77 81 34423415
63 73 8728880
45 28 9193195
2 33 7366316
42 80 2089940
39 85 39553068
57 38 5759910
40 45 27370308
23 74 85707204
94 11 294662939
58 72 5706835
65 19 3523873
78 69 3124386
50 15 7283038
64 86 355909290
94 77 3091254
13 69 99812353
54 79 553587303
67 57 48627541
55 41 509990190
26 95 46964824
66 52 9782598
68 89 8173862
96 42 76653632
50 79 2208602
13 18 73072932
88 72 7787724
20 91 5775705
95 68 510711888
89 4 98632592
77 59 334197403
22 37 878407443
35 33 830232301
26 56 659787464
49 45 2927184
47 6 3032142
30 24 536536867
94 25 376885232
6 44 166617030
58 69 76796937
38 51 30156774
28 84 626863156
40 69 8160104
81 73 72066529
54 59 5772361
53 69 4253156
6 31 692669111
76 60 5005527
29 25 18383641
78 12 31111341
96 93 16372140
11 2 627458102
43 62 238505319
86 19 60271136
28 37 49647899
60 89 451686867
92 69 5983229
87 86 7877521
21 48 278454
4 85 683996167
64 32 908537209
95 96 9759441
91 17 350349904
85 1 9600409
60 53 9292447
14 54 7734296
54 70 2282408
72 67 49561930
13 52 4090394
22 14 382458025
5 47 460789
66 87 6344523
65 100 6649465
81 57 968778195
58 18 391482293
6 96 3659797
34 37 238277330
69 49 507460490
52 88 96148127
16 9 511076404
91 99 299369179
83 65 68408681
68 62 6865610
9 54 7179747
96 18 322453482
32 27 7020701
72 64 79960176
5 21 24046930
55 16 254663823
22 98 5450444
43 88 23028416
15 13 9578459
63 59 953494073
56 10 67982150
25 46 911797097
17 14 4345690
68 66 3792547
50 87 9896593
19 85 1802849
51 29 993044
67 56 1048524
23 13 163804008
18 17 3093781
71 13 226793640
92 80 89823442
70 26 7671618
30 69 2827132
92 46 564375228
98 71 4806294
9 97 93728028
70 35 8871228
87 81 527395522
5 34 811502677
23 28 7539297
30 56 989128781
31 56 91533209
71 88 128346
18 69 7693424
34 98 2058624
26 78 467959000
55 8 114698017
24 64 9553348
72 85 195734
82 43 563885248
18 61 5921028
82 78 22769367
69 6 312725020
80 12 66626316
11 28 1842636
81 51 498231525
90 73 928287890
89 63 82325211
56 20 856616305
76 19 772713964
40 88 624958549
70 4 1371897
91 65 29869189
52 47 56745335
58 40 2196490
90 59 9725283
63 32 855795680
31 23 42582209
3 4 1146847
58 71 2105402
89 75 62802073
89 30 12222874
73 31 81363053
7 29 23459
8 96 88071901
45 55 75955439
26 45 164882993
73 43 38815989
5 4 42615165
63 2 14646697
10 76 499304979
91 24 200309165
76 27 3568923
61 59 51570535
89 26 505688796
45 14 882090522
13 99 1467803
5 94 847746804
81 40 9282499
88 12 96860333
5 37 590757
75 95 8482863
20 78 47306995
49 92 7266499
99 38 20365646
84 62 791209306
29 79 934890309
8 46 836390991
87 7 21929490
70 27 18817513
16 38 6691302
49 6 16875716
15 3 941072471
28 57 35097114
80 1 686409945
40 68 77643982
50 82 8698122
92 99 7160249
97 59 8790987
8 14 314101042
82 34 465113246
59 42 55551837
38 77 6662809
30 99 561831271
52 73 9976313
35 74 92299791
71 9 6513422
36 5 9944455
77 24 61967366
29 43 3547504
22 16 456221
38 81 919938243
14 49 563932603
47 40 9997976
43 66 7617081
15 66 1858829
94 73 52079793
31 9 2890456
43 23 43483976
2 8 64639
81 23 2779524
100 95 662708
100 30 99285667
77 76 22382403
95 20 93259767
19 92 188502212
88 34 167993362
65 3 3230625
43 24 984044020
78 84 6443209
59 31 8377432
18 25 494399011
48 97 21092301
63 70 27846089
56 54 488891914
90 80 5993845
100 32 4466769
43 27 4485448
51 40 5030559
67 77 366811805
30 25 745016608
10 17 5340562
42 74 31531413
65 67 373838860
66 38 41727663
74 7 840448800
61 54 799135997
18 79 6742924
90 54 24627854
46 98 549813
48 46 399253055
5 69 1478303
24 95 528461
94 62 34139017
72 7 7380530
33 31 164717
54 47 903395527
42 28 78515048
12 30 381826765
79 10 42610589
48 74 2878005
63 5 73747259
77 9 12181806
46 9 5257175
82 41 8348397
60 48 48908669
28 31 835248871
4 69 35962528
59 26 24151158
4 81 95942594
96 71 714012731
37 18 206458619
57 36 1357224
80 29 427801
99 24 829907214
84 75 78130648
50 44 24906369
38 93 50537887
77 32 12300644
21 13 640158837
21 70 96737656
31 14 9045895
62 64 347338143
1 60 934221323
54 35 47502892
93 9 661197368
37 84 8117885
39 73 45479808
94 93 316709524
32 4 735137755
100 24 9255048
97 79 95043648
40 74 93594801
84 21 74315477
84 23 2899621
37 92 9170549
70 60 74004000
35 99 205056626
88 54 31294039
13 42 6957433
12 21 66769214
81 47 964189811
25 51 538949608
73 62 44907722
55 73 4112541
14 26 28503687
29 86 55778069
89 84 9552328
23 42 4701757
45 79 5270041
4 98 14198066
27 8 543732087
73 92 4434014
41 30 727422858
62 100 6050092
7 13 6295686
72 17 773238283
35 8 53688803
63 85 84890639
82 90 915749447
57 21 22595642
71 1 697242390
78 3 6112936
1 39 5869793
11 76 4638422
3 70 961818
10 93 64340916
61 63 76635781
14 68 651952356
71 77 5010632
100 45 556217760
47 44 727392324
52 84 4701459
28 71 13265194
63 24 7182360
28 64 872115984
23 73 753120263
81 50 335888958
63 36 405203195
10 54 26046969
32 62 2514280
55 14 3284226
68 32 32851036
70 85 14834991
60 92 894919837
3 35 94098484
95 56 48056131
15 12 6206210
88 41 186669161
59 60 889743070
63 30 87554746
90 49 531581201
34 79 34658734
23 85 162091700
82 51 69343258
32 13 377632824
9 82 7143835
23 5 9887388
93 61 2958967
1 68 358467500
63 16 16978676
55 87 14717360
71 65 8255253
53 55 63663679
18 30 1976514
4 19 3376874
75 1 3173302
86 44 1032393
89 87 21137011
14 15 83292781
49 21 9565809
39 29 351664824
85 69 66235996
69 38 4491831
4 97 32393260
74 50 159535814
71 46 22665468
16 13 898363973
21 58 65739545
22 94 27525823
19 13 650515037
26 76 72750066
27 97 89128540
6 65 52906013
40 98 886910750
95 97 2946414
66 50 61083498
10 85 58182327
86 70 55009524
82 94 366528555
79 26 70677432
25 64 854492394
98 8 6456285
65 51 72419447
94 10 945655943
4 46 4000043
38 79 341040826
18 49 4402790
40 15 1479265
96 77 622527377
83 31 706333821
5 3 21292324
15 27 77240292
28 51 3068820
45 6 2690919
32 11 8796448
74 54 10898462
88 46 81231655
47 99 938509378
77 16 1034217
36 73 8794552
85 83 73059798
76 28 516115
92 47 1451816
8 73 17678460
13 51 7576814
78 18 569536966
82 79 7038638
58 80 760798979
78 38 3239127
24 70 910316724
45 98 9862013
76 23 91435264
55 38 393559903
10 20 5916077
15 89 682179149
68 87 28158550
94 37 636369079
84 64 92511273
59 33 99376391
18 70 913939718
2 70 55468466
27 38 319651306
88 8 5279986
94 20 5401892
60 43 871264479
13 97 333559595
19 5 7153655
90 51 14823715
20 19 585848667
91 61 8398968
71 50 7880545
59 21 758708340
39 65 382183571
18 9 22128154
83 74 59212835
31 32 838736868
52 16 3897971
6 56 83097523
29 60 1891672
38 64 89330705
11 21 169580849
41 22 37612235
25 26 50905659
47 51 2193182
46 33 5523276
32 90 978651665
83 34 18706027
68 82 95469758
42 43 17608103
12 42 69754937
13 1 274051339
55 57 986755188
59 50 932419832
87 18 6855488
50 100 1035581
47 62 479002
79 98 545094191
30 68 16044448
93 15 190151
23 16 26565622
94 4 371761693
22 31 428530853
74 47 643833
32 87 54250786
68 76 7789063
98 6 90846165
18 24 2090949
47 91 431906808
91 39 29806383
75 36 137547534
64 89 53468731
17 100 713960961
77 7 746113674
85 29 7535114
34 25 845907323
60 63 61604328
28 69 70011405
4 13 589590645
52 59 51005971
15 99 6836163
78 53 164160888
35 66 101231895
75 32 1275943
54 84 3613886
46 86 8641912
17 54 777469631
73 86 86551720
46 89 900272852
89 17 670698494
27 45 22851381
42 1 6162923
12 83 7101322
93 3 904124321
53 94 56503006
46 3 97686505
41 43 3637897
66 98 601488978
73 5 420963341
29 74 44943525
56 100 7424850
25 37 86227430
22 96 2840135
63 29 34008563
88 75 226000282
81 74 67531554
17 99 1013980
68 73 80084410
45 24 235567194
79 60 961351266
81 60 652683
72 2 70843401
23 37 7167599
35 88 7597653
92 43 38018570
25 84 341494441
93 57 7077990
3 48 3296692
62 81 6323400
86 66 37480357
31 90 479426802
26 77 91023833
61 81 80813995
46 85 699924
38 14 6349024
91 56 212199011
55 31 264722468
25 13 357273297
75 9 2616182
80 18 854250965
7 16 79368765
75 25 66350933
81 41 7995194
1 90 7883849
70 50 811978587
57 91 7367985
9 10 603240249
34 8 32895965
9 61 6465785
13 36 93905405
15 5 15655613
18 36 83293502
1 62 5656537
92 22 92399015
68 20 32069303
26 28 922246736
14 64 414010
25 68 264717296
68 56 71923483
63 65 790014515
95 13 805775
68 77 676660758
4 61 27546000
35 25 167320349
93 66 560487316
49 33 180151166
80 40 305029389
33 28 75663004
90 99 452843230
53 42 90717229
95 34 229182508
86 20 2556946
75 56 87496811
5 87 29721724
59 74 95501826
73 99 11199787
84 15 7460552
53 50 318211699
61 5 8479431
43 2 14038205
42 69 5727205
59 87 431113502
85 48 9014186
61 83 8054047
98 55 2125605
70 56 952006258
84 7 36537384
6 14 7964433
17 67 2225137
45 86 92618686
3 96 8601105
26 41 3738603
11 18 71574260
55 56 64611394
44 12 557559510
86 67 1344560
85 65 95273031
9 36 1893084
88 73 356317705
59 55 734379
80 48 160457943
34 13 3575333
3 43 8985939
100 28 1816189
49 86 4678906
69 72 3773573
15 72 7809547
38 30 505701256
40 13 1347064
24 93 9847486
26 55 66173862
96 58 6096713
32 98 34375338
66 2 221232327
45 88 779257
67 19 7166295
14 97 85691959
95 47 2111766
30 7 14739505
64 40 89289182
74 96 7978748
7 28 4534210
47 41 162155802
53 44 21717966
15 97 8075791
58 47 17286670
81 44 6644877
28 70 33643918
26 19 46169902
77 100 2932348
61 60 6829484
52 25 1567166
30 79 4513391
79 27 5925045
43 86 5960969
74 9 40619181
71 3 408283
71 93 794279366
10 40 528793638
82 86 736126034
34 89 405214295
93 41 1463180
5 30 4553100
55 2 36962068
85 17 7269804
83 41 768426432
99 70 929579634
83 29 464349788
70 34 253951908
72 98 65167754
72 49 800469429
57 4 2931454
80 33 3035515
64 66 8883915
77 21 248312072
85 43 685032840
71 22 1415123
24 34 790309608
63 15 7004162
1 3 411314635
40 93 2532038
95 87 10461289
17 40 207043651
59 47 8675635
21 56 6786022
67 42 6152173
28 48 3589936
85 67 70739140
7 19 37583848
58 59 794679645
75 91 567653412
32 39 35034426
45 94 14010170
87 12 20341717
59 89 68659962
93 73 634478180
31 34 7196697
51 3 1533615
88 96 65798475
14 44 631527330
24 15 1789633
64 42 822626303
34 73 841771309
79 6 95092982
40 91 732075858
40 71 9215494
100 86 5125685
71 11 35026612
49 61 61016400
22 50 386484883
9 70 5833101
65 16 714991
3 50 3684202
46 100 3287012
85 9 39079533
21 43 15830698
7 2 3779236
91 63 4591198
39 93 572978884
84 19 994567266
64 77 796618941
84 29 169671414
25 85 5343239
80 47 254008
11 84 9122174
76 4 99425538
10 13 89707616
50 63 3121614
90 37 932274665
26 46 794415221
63 67 9965569
6 95 747154562
89 18 82196002
92 54 50007558
2 29 9381467
57 46 230383
91 25 77231861
16 25 74509833
4 55 944661691
51 76 1005114
48 70 1309463
42 83 7790662
94 9 663977817
38 75 596229109
12 59 5905625
39 5 316323622
53 15 624188
85 47 673315
64 88 792599533
86 5 99380097
84 74 82876662
16 36 524919699
77 6 9362385
97 76 996089377
15 61 8506355
51 92 978553404
27 84 74131750
32 84 2231513
85 22 5464753
85 92 847711660
23 72 375871334
66 8 58508256
67 32 9423540
79 15 15967422
25 81 4838537
94 90 8829794
61 12 541228
95 98 955164883
62 74 667837848
17 34 93078216
2 84 9775415
11 75 68057210
39 86 7973888
86 97 1970386
8 6 700530687
41 50 86154199
17 53 492302638
26 66 739284940
12 62 484329330
13 89 72698191
59 5 66845962
44 7 310631400
48 53 60005
56 79 498956843
64 79 7322175
87 91 81826266
84 70 2937967
13 77 91952251
93 87 39514525
54 99 85646478
63 12 38616020
9 6 7012020
35 63 73169391
51 73 25329075
67 47 1405763
60 4 70586771
87 99 895879535
16 78 9660906
58 39 1407814
25 8 49927289
23 34 7330665
10 69 461975
30 17 86093258
43 49 871480093
72 26 7209177
43 13 779458829
7 1 906505046
92 76 50651378
79 72 85163103
73 54 634909382
24 6 20975178
4 99 409755516
64 49 9474527
93 59 2235530
13 63 206164500
24 97 448331047
67 87 4048149
77 40 8476535
8293425 94922819 15110155 53489490 35576245 6127541 183769139 1177210 2780898 928656516 608634976 2143465 7126875 30524807 20337965 522387172 12691172 977938576 3921351 26796086 871484748 8202894 1937776 569812 48036985 7758801 860392 11211087 32320653 81018630 2876467 53044552 5820057 247214400 484436627 487886280 3150726 65189680 4906084 74289290 705783896 19713218 59446062 4790511 5295490 6029085 66699229 7246773 7646819 518332197 7635550 22617464 419445292 580137097 901101375 78326541 38909744 28468939 4873079 5247225 1355105 4412340 89899849 895053966 66886612 569121717 95776797 3282241 325508 503255695 3416308 90210770 64318903 8128398 561408772 658507951 95426664 902004833 700555826 605466489 8389670 47249195 319083012 138043483 49425269 2051760 544586133 449205735 13004785 299194805 3571829 6831270 414784451 93123881 212738952 568918698 37750808 8341507 11967240 766645066
1583831 101661642 18437458 2829028 29033005 271514438 713707288 9156579 51576875 34636615 1592052 4317940 64195952 597062338 183684488 965365530 58789657 739483686 9981816 2048553 494985079 572090047 358978711 864149669 72259834 12784453 50800024 82104369 2505168 420072294 9186566 3466138 9979915 76984890 756610454 1582300 36755682 9713562 514897019 654919780 423587935 33075514 4861881 6296051 172742 3153645 5723039 82709197 97680805 81691214 5837162 448746172 3985983 626764179 2339917 7498638 117744 2883003 840430804 926695788 3491574 62033436 664930071 14073332 7063499 9750522 2071158 1554337 36120982 335588925 9502391 73639930 2378043 7565184 3709872 2478259 53636227 69297119 2380995 7016773 561493837 6894281 320176319 9691320 75613750 869967982 233776239 6502664 796552066 6020129 134079642 7453003 589282 2742518 901051070 77658355 5212351 62443457 71069622 508006522
919
10 32 11291093
92 43 13446454
54 93 4505818
73 75 3482502
51 83 945452300
20 79 72234176
34 2 39481759
64 50 369077068
23 25 6691711
85 39 1902783
75 47 3541631
46 87 28937716
4 3 79612443
19 48 706003062
55 41 2078911
35 70 6183907
87 42 812429832
71 17 338530
67 93 69570057
42 80 91017489
57 76 577390056
11 90 414109474
94 16 3639736
59 73 65579275
96 78 50809732
42 25 98113761
44 61 9168038
33 1 522276596
79 30 34208844
36 15 837988583
69 66 70430775
61 38 856760867
43 85 148297286
12 34 28922548
2 8 1212788
20 67 507620642
52 31 8434300
7 78 24129237
57 74 9916609
1 58 5422085
77 23 2235383
29 14 5774970
15 94 1328357
51 2 553319169
5 17 1487923
44 87 147975397
2 90 88360907
57 31 22689375
4 54 52850357
34 9 794495424
19 87 3488611
78 93 2537471
55 77 805910204
6 7 34926055
80 85 84657597
53 62 690925303
11 8 156903046
20 18 955622
84 3 48964814
62 17 5551598
70 85 14705580
84 4 751441268
56 99 835096890
52 43 513873573
62 75 3485201
66 83 2908217
97 22 407713954
36 34 456984232
61 27 6340220
18 41 5789639
49 88 75824246
63 79 5560049
49 9 16481200
4 1 700281048
22 39 3577576
72 92 91947608
92 18 569771653
47 59 263892625
37 48 8807159
2 48 25343014
82 47 8556089
29 24 653238804
99 12 8079893
40 28 143702897
78 87 961173065
11 54 538646958
43 20 2507496
63 23 62045821
52 69 703752322
19 75 9951053
30 36 3122354
32 93 6950173
25 52 900544
34 55 282695276
65 6 275716440
46 85 902609147
40 65 3225405
74 78 228311235
63 96 6806775
100 52 9068848
7 73 47608647
11 83 92600910
90 10 429471473
62 85 26941847
97 73 7641257
17 72 73674504
96 58 259560
48 65 386996420
22 77 232014
77 27 74597756
48 12 147655181
6 12 647111
93 68 974409293
69 42 6475129
1 74 405330298
71 78 9300191
18 89 65369600
13 4 763336215
40 95 1586178
65 72 2564047
42 54 6430037
1 77 3611550
47 17 3379834
79 18 3991322
58 15 2254406
19 63 4734805
11 57 252508910
65 74 153496645
37 82 85923079
10 37 519035221
37 5 7947343
15 63 78906025
43 38 9525536
98 1 1062117
6 89 6888874
66 15 7257005
77 4 51208175
1 50 16687458
18 56 511262482
34 70 813142560
26 50 80723537
85 97 92572897
76 67 9343567
73 4 9143022
55 10 97385435
65 78 1970266
32 95 54492063
47 95 53549401
68 95 596154949
17 33 750633562
42 75 2868252
11 47 741964423
67 59 66917983
89 54 40199087
40 76 670558118
36 59 786656011
54 17 27213069
22 88 807839253
87 5 84718953
73 10 276998821
58 62 271035
74 58 7714545
68 52 9971358
20 91 647027343
84 9 6926459
88 33 83037824
87 35 595962665
11 70 7548748
96 52 8948198
24 81 9189540
49 83 128124444
71 62 234555952
92 70 81963129
20 40 1919587
46 11 4037838
13 62 9212311
22 5 759676815
47 20 87501705
50 78 5772832
27 60 91823889
95 11 61981820
75 92 93696686
88 19 80735396
16 56 4153469
84 33 1079123
24 17 98787011
8 28 2012840
35 100 2280486
86 60 128732096
21 31 46352282
79 11 43395113
96 90 20256178
4 37 3461639
72 97 7544960
3 10 71462162
43 78 686085749
30 68 9441270
61 87 259881168
95 96 38895534
55 83 659071548
86 88 467376980
14 76 82843669
17 74 8128264
42 100 5273695
82 55 44609176
44 56 23625336
22 85 213838235
38 34 581489130
74 60 1239609
71 42 6604570
71 85 684502
61 63 69956292
63 39 1851445
63 44 69237031
86 52 149518310
98 75 69377262
93 83 871199
59 31 23059987
52 46 6385520
45 75 7807533
78 55 976390255
29 87 7916908
91 72 1418665
28 93 510124
100 36 1026878
86 50 22382226
87 79 1934316
1 85 64095147
36 72 45378800
9 51 815492754
32 67 4972586
62 70 38450462
93 30 86946319
64 100 130813960
62 52 323433764
19 91 55121007
84 99 40667854
54 100 6074237
47 39 676356645
3 70 29274240
45 88 46472442
4 96 33729551
76 92 2993527
60 13 874120236
69 7 9390398
98 55 127377775
45 96 481622783
40 11 88750499
55 47 842267871
43 25 16026549
28 18 87449352
59 23 307907721
59 75 110791483
36 21 6392290
31 11 745872919
81 19 28807791
37 99 7321865
66 38 6717754
17 99 35637472
49 19 17586959
62 87 29015898
53 25 1158447
23 89 89986040
98 66 582322017
51 62 74701618
46 84 89879816
35 66 525180366
76 24 7047982
27 89 688203
35 64 1535001
43 80 78624916
30 11 727136237
66 18 339802733
78 97 3718059
89 59 439758873
25 56 29298242
35 30 4231912
76 97 19037379
48 96 7974178
38 80 1897319
25 28 23130363
6 45 9210211
89 53 12252379
62 31 154598146
93 69 914472730
3 61 1451183
11 50 2703497
44 74 51316668
76 58 1164588
55 50 9908569
31 77 779009691
82 81 68976594
69 87 4288944
32 24 230954685
18 16 52339259
99 95 643719174
2 92 2191647
55 20 62381870
84 73 577831484
65 47 6658811
92 26 5160039
82 41 3251689
13 77 4582158
43 40 97845170
64 4 55319929
83 90 9633944
50 92 2311970
56 50 233997578
15 60 8600472
70 6 22715
37 77 37166285
12 45 98340980
31 2 16292184
79 36 840961898
10 34 9784397
83 16 82624731
33 3 652855052
22 8 8871024
63 24 44676560
88 4 335118075
13 50 53912928
63 62 388601935
20 61 709037098
57 83 23300699
1 10 667022573
35 99 7621108
73 92 7973428
29 94 23935476
78 18 60879708
17 55 77024293
19 28 45477530
61 8 10149973
22 56 66706156
17 90 778035260
65 69 3071280
21 95 9567415
5 70 6232017
40 72 471276366
58 24 475428421
80 71 3810977
23 43 539697790
19 72 867666891
15 43 49172026
6 57 35977970
27 100 6066071
83 9 4349397
35 39 41470515
90 59 88433691
14 54 55718733
93 25 219432295
80 66 5854652
41 5 994657273
44 75 749629221
32 89 167909897
45 47 14359342
66 96 45771629
27 24 5579420
75 68 44953434
68 51 13527945
27 4 1267968
65 34 505891
25 48 502982
21 83 5166817
19 9 658666632
90 41 25678858
6 54 67950967
92 35 440618807
35 98 7456007
68 57 7460235
19 39 8486138
68 98 88719492
43 1 7461838
23 33 782418769
42 32 2994110
43 53 7005389
43 73 975990946
39 60 3640291
42 12 380686478
96 60 924847152
50 51 4568839
28 92 3482981
87 80 44117182
17 15 39891143
12 60 6277281
100 84 76884461
73 29 6958760
97 34 20224143
88 20 9445237
77 47 45563913
50 46 55372171
66 51 399946768
21 58 3122337
17 56 462326822
11 41 9955948
39 18 51507960
82 76 4361198
8 16 39400825
86 8 513267
13 98 3874521
6 87 528854
73 47 955508213
3 23 2621181
90 35 3245708
61 78 671333959
86 34 70580475
68 27 69574760
35 83 6893969
5 13 218957847
21 82 7126768
73 16 8059407
10 98 7853210
19 13 264091741
30 27 42634772
12 57 448636008
85 100 59838062
48 94 8291802
8 72 72561227
55 9 8227379
3 47 22963221
65 62 4967495
12 81 60244252
67 60 86678976
9 25 734911296
40 89 9714142
67 53 1800575
36 54 865970258
11 6 68611403
28 34 6792469
9 56 423799
77 9 175675276
66 84 954986775
35 89 17505668
42 70 42721368
48 14 57754262
72 64 9661457
50 96 3821337
38 89 221961852
98 78 4552412
27 7 112795808
6 94 6104998
51 65 372021204
30 7 88121220
80 92 519343939
33 68 40519689
39 77 9646313
83 99 6521831
75 12 72150973
77 43 32765933
95 58 408997668
6 36 53115783
25 12 66734232
84 45 11854135
51 96 284814378
42 26 52228710
24 93 29319453
80 41 19379759
63 5 557735886
67 54 6641482
42 41 303719860
74 48 469228819
18 29 5459514
47 74 161955495
98 61 833818
89 22 756144349
41 3 14314832
47 34 6777906
21 7 35212292
54 22 2863897
23 15 6657943
45 15 9042897
58 53 69415822
5 44 440171957
95 78 8320647
85 87 397363111
75 85 4067885
47 23 7639681
24 4 502581657
66 49 93620531
65 27 2534513
97 53 6264522
95 43 581748993
48 46 78944202
81 67 618946699
63 34 22169826
79 71 562741
89 47 55527220
7 44 18369759
97 61 305693666
21 62 8238884
55 62 82729797
8 9 5124198
100 29 6553249
58 22 507665775
52 93 972850
43 69 2300346
2 6 7691596
15 74 400609823
97 25 92365491
81 97 855614386
17 43 268573498
77 82 73775063
65 91 1674947
26 67 148496151
13 85 62285074
86 84 183548101
100 93 7145285
49 14 42882591
91 76 9178352
25 44 230471930
100 28 65663975
56 23 747921806
23 78 8056208
86 40 737998215
51 59 890865586
95 42 439815473
30 29 186229997
9 66 536949005
5 89 920861475
70 86 3958262
85 38 275892890
31 83 8700534
92 23 2010622
44 32 519806184
74 31 9536445
70 53 3473171
70 23 823230501
72 58 168564448
2 32 999173386
70 37 40236647
52 40 84049800
93 80 947098787
4 2 561353347
40 48 7853641
80 13 411714883
17 88 372427040
59 65 60231738
9 53 2349121
83 67 2300757
92 13 36147946
81 72 29903048
6 79 7798475
26 97 78452484
95 81 569651140
9 88 450241076
30 12 94299364
9 36 8650466
9 37 955791364
20 34 911218
76 15 4309407
7 100 67349465
46 6 5143746
6 47 50341524
49 97 844989
89 2 8842373
91 60 73458999
87 47 662498
53 90 982862710
58 46 328811365
45 44 11335558
88 80 442313145
40 14 480357968
76 46 532852497
28 15 292944050
26 94 56948236
51 41 645100232
15 9 31170048
80 5 96577264
16 35 539007505
19 80 166511
34 31 5549554
65 70 97556305
10 89 927721
7 67 867793444
94 1 4987700
38 63 5905027
15 97 92790561
99 31 9730059
45 93 44053201
39 88 558189303
47 38 69982069
98 77 6998927
53 37 8441961
59 91 17254752
81 94 33131986
92 98 940328143
90 4 61998971
40 92 245640425
19 46 5112932
95 52 54173878
80 22 4308240
6 38 697841565
53 6 5251017
62 32 352439968
99 43 93202344
41 29 4830723
40 33 45128423
62 80 27590624
40 6 527791105
11 7 106675979
56 64 36932529
28 66 35421313
43 67 46511328
90 37 690052780
73 98 49257729
84 81 272581690
50 85 4242433
11 85 5806908
13 45 2920021
39 24 186009877
11 5 9754926
89 73 9289480
83 58 12233853
13 97 21251553
83 75 7455176
50 68 71595393
36 35 1857617
77 71 7687617
95 39 21579543
80 30 8342935
38 88 5645595
95 16 80594725
50 23 48823545
67 55 2443710
63 60 19521076
71 94 404804930
47 40 8815777
81 48 42116582
66 64 98027774
32 69 536306738
76 95 182666137
43 90 17785355
91 49 6688435
69 39 59845921
61 1 4245555
14 81 949118715
3 91 6120681
36 98 8314764
93 27 907244
41 52 334028298
67 94 51010643
47 29 4332400
20 75 3396862
49 51 39749748
12 62 9405357
34 11 2749588
14 53 79792251
49 55 8006377
82 90 555538
23 85 9760212
97 84 4993182
80 21 37862379
35 48 9252324
34 76 73763620
98 59 147780461
62 83 75017205
70 33 770892951
81 85 755477
91 98 16093754
38 25 13692807
96 77 298527270
38 16 176967783
26 18 813187633
67 38 49520503
93 75 6263853
55 28 50297115
76 38 647280393
47 30 5321825
47 90 176005183
87 18 1895058
20 99 45815594
36 33 85909426
59 66 929917542
97 17 75131240
51 4 281887563
58 20 741364106
23 16 213395066
96 18 930022163
14 47 164380
24 92 45833324
19 53 13189316
84 39 530109308
61 43 2900162
31 86 627192138
76 74 299868082
41 83 56989038
94 4 44797729
64 55 330871966
97 46 518184734
26 53 8822807
32 37 7260692
26 1 78798782
13 28 17591472
43 89 48369184
65 32 37526839
83 23 17206096
86 99 451265918
71 28 6902824
5 46 39332009
3 95 894896031
13 57 5450667
38 39 8083433
89 94 2396492
34 72 6004199
75 79 5559342
71 14 7497068
43 87 63568645
31 84 506423423
46 37 88216884
84 48 6243134
70 12 8210556
56 80 24070521
27 26 4002056
94 96 7522467
4 82 1318453
67 73 7287990
98 45 915358357
81 30 61713076
59 69 3289806
28 83 40486450
7 34 38687256
84 96 44132302
100 14 8825373
5 10 7629758
75 55 4991872
69 21 2837404
42 34 990666
97 64 9331276
87 24 22388683
3 45 48341993
51 57 929601812
64 84 369320564
66 62 12353125
54 40 1734804
22 71 417621278
30 56 5248868
95 83 838155260
6 68 6102518
23 9 20340518
69 84 59705569
5 65 932257023
99 79 85207380
8 27 148692428
39 36 3810625
22 1 79913129
63 69 41148625
54 57 7008872
62 74 935826674
38 97 495418773
24 82 337874548
19 44 4330320
79 93 60240721
96 6 49983225
42 94 547633102
3 29 69998252
93 3 4439743
73 81 852776472
52 82 9525963
1 66 8513883
60 5 1282795
70 17 6455826
74 70 1458
46 69 393736
74 84 157715728
34 26 500402752
40 91 54035648
93 18 381262
55 86 67212325
38 90 2379589
89 7 45777540
26 38 11892465
48 6 39311244
28 48 8989527
84 20 960289500
86 45 1604993
48 93 13054377
39 90 381915480
72 10 70497828
66 94 9406787
8 59 66770457
16 79 276607
38 62 91043700
78 11 448974167
26 84 7678961
8 53 4369144
69 24 954815
92 83 7763448
31 15 18085250
17 69 4092276
83 76 6861366
69 12 86584558
58 9 6624580
76 85 7605528
81 51 96148230
23 12 767383795
80 39 9000066
98 19 95104660
12 90 89561159
100 9 479776669
75 18 41652950
60 11 976701743
44 55 643296905
66 30 75465776
15 7 619813
78 12 465520028
20 60 5616900
71 83 520024474
45 11 50286476
84 43 69340382
85 88 9414040
38 77 1577726
38 72 82056660
19 54 141339
75 36 215072001
7 65 47518552
48 27 85235185
6 43 43711406
25 37 5477151
72 98 4703291
34 14 3435037
13 76 5693556
22 11 416047342
29 65 86918654
63 95 5261604
77 94 2358204
59 48 34287122
79 69 31905678
71 58 678348209
58 6 2883778
39 68 879071724
89 86 2925278
5 24 59258250
21 41 619529466
78 31 19811234
50 83 6233438
51 10 2481921
10 87 858784517
68 79 1078238
96 70 67555421
74 22 7309573
43 83 325131676
29 78 376547732
83 3 501250631
80 53 315377473
53 82 66504540
30 39 9146871
30 15 12073122
40 15 7105412
58 52 87785467
17 14 9450073
83 36 689707128
66 88 592855537
73 25 4340318
71 65 180821416
80 2 91254888
91 81 63984748
5 21 5742383
84 76 1669897
100 16 9902713
30 51 26995931
25 65 96387273
94 47 57297738
25 90 1523407
96 93 62646812
41 30 18382159
55 24 98043737
99 78 9572044
72 100 4030
45 35 39944409
79 67 3832909
13 9 382083
88 64 91779449
61 85 145866269
65 93 2152593
98 94 8859060
86 63 11007807
57 53 82697880
36 52 650185
59 88 72559002
1 99 8118704
66 100 13428530
13 65 736342318
29 27 606341717
22 78 7769574
59 2 252470323
52 26 17881444
49 95 6513251
61 89 49525013
32 70 190375409
79 83 843087416
13 2 1709741
28 70 781054
78 8 2409252
37 76 4303724
92 53 564471853
10 26 2620957
51 75 7796334
65 96 9048515
68 41 649149
84 36 81553934
26 36 58418232
5 14 983272450
49 96 389964481
25 29 1027365
50 38 3379752
50 47 51278158
6 83 4083571
60 87 757191
50 74 177946136
16 86 67762801
7 93 54955787
78 10 224955226
83 74 97381616
5 15 1443448
32 94 4754450
52 67 64579456
35 3 8531097
16 48 96222176
48 73 9199982
91 10 724642777
