100 3
8892 9738 9857 145 714 50 9828 64 8631 51 14 108 7990 196 8463 21 270 274 260 82 6694 59 185 1322 23 15 1069 3 265 3014 789 80 7 437 70 9494 34 60 841 67 5889 59 888 74 380 9453 89 37 1676 43 1256 29 363 123 22 1141 9313 4 216 5 618 652 656 5908 83 36 237 22 1 58 5855 6531 82 8841 9218 723 79 61 4 3537 3943 48 4428 29 9896 859 8366 4214 4473 938 54 936 780 946 230 4137 21 957 518 600
74 2538 857 19 4594 30 571 3420 8834 63 649 338 627 1704 2435 5280 6471 3167 404 3 564 555 3373 75 3783 817 4194 2598 2448 1168 41 61 334 443 313 115 6774 354 66 8702 8921 42 22 40 760 814 721 4884 956 1836 3616 3134 2831 674 34 54 55 19 86 6338 22 25 100 79 1366 92 5 2 68 887 78 9383 155 75 866 156 189 80 2993 999 87 873 2334 32 205 25 47 908 7841 524 6106 6608 561 80 935 6728 6013 874 5830 710
897
57 67 4066
39 48 9400
33 30 119
50 49 157
100 92 866
74 93 4561
79 19 87
2 99 781
58 27 84
36 64 4917
93 77 1904
43 62 5141
46 92 104
74 70 608
64 13 7532
6 19 47
64 53 2243
73 81 95
76 65 71
12 36 46
23 74 717
78 96 2429
54 55 3
18 81 69
40 82 7047
9 89 4965
4 34 55
53 11 55
81 26 6753
68 83 306
88 11 668
64 14 774
7 100 562
82 52 6662
14 91 109
87 19 438
12 23 32
16 51 231
58 28 39
73 72 211
68 5 829
48 83 556
31 97 3414
30 97 77
29 35 5
29 1 26
37 11 3431
95 45 847
61 18 42
41 21 447
4 70 8160
71 59 92
20 68 425
70 13 53
38 27 75
37 34 615
72 7 513
94 1 3
75 82 44
25 17 8075
81 14 884
61 90 3373
1 63 6422
82 38 723
83 16 211
66 48 620
51 20 14
90 84 7279
24 94 21
76 11 82
13 29 24
26 90 28
82 29 294
76 5 4906
3 52 5868
23 61 8899
5 35 773
57 13 744
67 21 66
95 69 8655
76 31 6
25 57 620
48 36 423
3 83 1457
13 27 4849
24 99 96
76 43 941
51 41 621
92 89 799
43 18 940
39 23 9460
23 14 9162
20 55 132
82 68 60
72 27 7694
8 26 3805
48 88 4154
68 94 685
74 85 70
46 100 4863
31 4 705
40 62 8
100 81 5
7 17 6358
23 58 7916
82 20 1851
13 40 77
66 58 33
58 33 8524
79 72 410
76 97 72
89 60 5403
24 56 772
30 50 35
29 52 5206
82 37 9303
48 79 6136
85 91 7263
43 94 854
4 40 640
88 20 267
6 71 66
16 66 5151
4 84 76
30 91 4589
62 59 37
97 7 645
50 38 27
78 44 75
24 68 89
80 14 3957
72 19 205
10 58 14
97 21 2443
51 53 103
16 65 1534
19 45 36
17 27 322
46 41 94
94 28 75
80 61 9078
12 73 2815
62 38 201
99 52 51
64 3 952
38 63 8049
61 57 97
22 18 194
38 85 96
42 57 279
39 81 7607
68 71 20
14 63 24
35 98 9101
44 26 131
47 59 85
1 50 88
90 53 27
54 71 80
58 25 45
43 65 128
14 25 60
48 89 967
26 23 45
33 60 16
97 36 580
47 88 30
35 62 641
13 46 1514
24 30 7041
66 5 28
19 98 2780
8 19 244
5 73 4253
94 47 3836
100 64 208
32 69 93
20 43 199
45 93 3758
54 28 606
88 55 258
44 54 859
45 38 198
3 47 73
42 22 66
19 28 95
38 48 1409
44 17 17
78 43 100
90 73 531
5 14 45
95 79 5101
8 73 81
36 18 71
14 69 402
93 13 45
82 33 78
65 69 37
65 78 152
68 88 64
38 17 45
77 57 54
61 74 80
77 37 6616
15 94 2743
12 34 9727
76 78 4287
84 32 9325
89 16 8849
95 6 535
38 77 275
9 33 134
96 43 1491
2 63 539
92 41 4421
86 39 3540
72 65 11
18 25 5796
97 54 9
94 79 9
19 29 5423
83 21 27
73 13 812
26 93 473
84 9 41
8 56 49
100 6 1560
28 98 20
16 91 211
62 66 3140
55 40 2721
62 73 8743
56 68 18
65 41 3151
79 14 366
55 97 9078
9 61 7067
68 40 314
50 48 322
10 31 53
68 22 62
12 93 634
11 58 41
20 97 9791
38 80 20
49 25 950
27 92 6752
40 67 2854
24 78 63
95 7 75
90 6 200
58 75 43
76 84 7614
59 45 59
27 68 17
63 25 65
8 84 6226
96 92 7509
87 71 84
38 69 59
13 63 2889
77 42 1597
72 78 337
94 16 322
45 54 65
20 32 4453
58 54 165
50 55 37
37 22 66
71 75 87
1 33 7015
70 50 22
43 37 453
25 52 12
45 99 1022
100 83 135
43 55 7041
100 63 481
97 8 206
32 76 501
10 4 585
51 43 4982
70 53 685
8 85 3453
17 60 1805
31 54 91
89 58 65
42 25 37
48 35 331
97 49 5997
22 62 29
29 44 89
92 3 46
84 86 100
6 86 37
67 1 337
79 18 65
57 62 785
99 14 32
9 30 3481
31 62 64
51 67 9140
10 14 582
74 24 902
73 19 827
5 31 1151
87 95 7996
52 89 67
44 69 264
24 37 743
53 50 221
33 13 4184
35 99 59
33 95 9
64 10 83
32 79 15
77 81 62
94 78 627
55 21 16
75 44 454
40 84 998
7 74 57
34 78 73
64 12 100
58 45 99
19 95 52
38 34 61
42 90 4607
32 42 99
78 75 95
41 72 610
42 4 94
52 58 34
82 44 5454
5 34 617
83 42 68
17 30 980
81 4 5714
3 72 83
89 14 64
6 89 299
35 7 407
98 51 1243
41 75 60
53 27 6999
47 19 54
4 43 6161
99 20 83
82 51 3643
11 89 5351
84 21 1
98 95 20
65 73 25
50 18 941
57 21 35
79 39 8943
60 74 577
2 58 5968
89 42 97
82 63 69
39 89 55
59 27 330
40 45 9790
27 88 4439
17 40 3267
74 59 808
67 30 81
37 21 5525
83 46 55
21 46 6211
48 67 239
13 67 96
75 100 3744
60 37 588
1 97 61
36 6 541
14 35 27
60 20 4355
100 73 25
8 37 11
87 37 787
91 22 929
11 71 19
6 46 89
32 12 629
36 4 946
49 33 3
26 25 2
93 73 87
49 40 723
45 24 61
2 56 964
33 84 9695
31 93 29
41 81 974
2 54 4337
55 49 5356
52 92 6772
10 100 78
93 81 996
4 1 1
14 44 46
85 93 150
64 76 978
69 60 73
60 68 7913
16 92 65
23 91 16
49 74 3079
70 45 1460
43 5 93
65 6 4774
94 80 381
87 32 88
19 51 514
54 41 73
4 73 539
21 90 80
21 43 892
96 47 8497
43 54 20
49 2 8501
36 9 2953
28 51 8830
87 8 315
22 34 48
77 98 99
56 4 3185
83 18 1987
26 37 766
65 5 6338
97 86 556
50 27 399
67 89 41
23 2 108
64 70 2
73 69 65
15 60 950
100 4 926
26 59 35
3 77 8515
52 34 89
52 32 879
78 66 364
92 43 53
33 14 19
32 27 355
4 20 1
8 60 92
19 78 261
62 52 61
47 6 3588
40 90 949
49 67 36
39 7 555
54 78 171
63 27 79
6 68 66
68 26 4409
24 25 917
37 29 481
44 87 80
59 33 61
33 31 2550
71 36 699
79 29 610
50 13 702
5 91 75
18 27 50
5 72 732
69 12 5061
4 26 3861
2 28 7317
95 5 59
30 31 4051
11 42 36
12 8 48
25 22 1776
58 1 341
38 67 8496
7 60 79
16 68 11
42 38 511
31 91 204
90 56 55
86 7 84
30 42 73
52 68 3520
17 6 47
95 16 77
23 31 1035
41 20 273
78 55 380
2 91 538
29 93 565
15 26 5840
52 40 1536
69 51 50
49 90 3336
61 28 54
18 93 9005
11 68 657
54 30 7
100 74 624
64 1 54
63 28 75
24 76 569
37 65 17
25 99 13
11 59 3742
27 48 725
61 1 5
16 97 98
33 57 2123
1 57 19
5 94 1376
38 23 668
65 88 7221
35 51 841
12 21 1358
43 90 90
64 81 1177
93 84 93
25 56 6587
85 50 585
36 41 9771
19 92 3328
9 23 232
79 15 6
3 19 52
93 15 6499
71 69 970
48 55 3651
9 75 2537
44 5 47
83 73 1500
83 41 8663
25 40 34
47 53 852
63 51 74
8 17 56
68 62 46
14 6 145
47 43 266
2 87 49
87 85 3677
2 83 7996
53 26 40
52 96 3441
64 94 70
56 86 7927
93 37 24
8 65 8129
60 63 265
17 28 2664
74 21 4493
46 95 32
84 15 97
82 65 62
85 10 525
89 82 562
41 40 222
36 82 17
41 66 825
60 24 4343
36 56 4865
14 53 32
71 47 4484
97 12 57
56 61 596
26 30 167
56 30 2351
69 35 2326
23 16 36
66 13 975
74 57 8
90 72 7891
23 83 7768
35 39 5952
12 52 17
20 79 78
60 21 24
4 41 4308
63 45 51
64 5 46
32 91 700
31 69 328
37 63 8850
66 1 52
89 40 3641
55 93 15
11 36 901
46 67 1426
54 73 905
65 9 87
61 38 49
95 37 5627
95 47 985
87 78 888
53 36 589
28 76 758
6 12 48
48 75 166
93 36 79
22 61 662
99 86 3234
67 96 24
57 50 3390
30 2 85
66 28 92
88 77 42
77 70 79
25 6 45
83 1 758
34 77 596
8 91 84
64 98 5281
63 58 984
97 2 629
35 71 99
34 93 19
16 44 30
6 18 451
34 44 96
47 74 1115
24 48 1587
26 27 773
83 34 142
35 42 511
44 28 46
100 58 141
40 10 599
41 19 38
3 95 9
49 44 45
84 66 16
85 15 252
18 51 40
48 18 65
59 30 1303
51 29 7636
40 19 467
77 100 6358
51 89 4301
96 31 3653
21 94 984
42 24 13
24 9 2296
36 20 445
18 94 83
82 86 34
41 11 7127
12 9 560
56 51 25
54 11 569
30 79 678
15 69 35
55 70 229
13 54 857
79 8 1235
88 5 9170
18 38 144
50 80 47
3 25 341
80 9 9926
12 55 506
8 88 4426
71 29 975
68 77 35
40 43 845
6 79 1776
1 42 3128
95 89 8497
65 45 785
89 20 3706
23 41 86
54 76 2692
33 77 254
31 16 15
97 64 5246
48 58 49
67 64 91
3 30 6693
35 30 5615
19 60 461
95 97 803
52 1 23
100 3 1953
50 22 914
37 5 991
83 30 1879
22 64 382
63 72 361
65 67 16
70 9 59
8 67 962
97 17 321
47 30 93
89 24 26
38 93 3665
84 81 350
68 59 34
66 42 977
42 61 738
63 15 923
60 38 486
99 6 2531
27 60 35
98 34 9992
96 70 90
10 71 7978
67 58 856
48 31 1416
64 40 393
72 37 4286
32 14 135
54 77 192
49 75 6440
54 94 8
76 14 503
34 6 55
45 66 1519
50 6 8721
74 3 593
24 51 3979
28 41 8
33 29 505
33 55 1053
75 2 1867
6 88 8304
32 26 25
71 22 5405
56 76 8962
93 11 43
75 81 9132
30 90 2990
96 2 4
48 87 16
6 23 9
36 68 4378
54 8 4
67 86 7964
11 100 6969
57 83 54
15 9 7811
6 45 44
24 39 1402
49 15 121
10 45 8588
31 37 4487
35 25 5956
21 7 810
63 39 222
46 80 7688
40 63 7888
30 7 17
98 29 7042
38 88 87
5 47 6008
100 47 14
84 5 2
2 4 93
71 90 14
90 65 615
26 95 466
94 82 82
1 70 8471
62 3 43
49 78 367
52 66 3600
85 13 968
49 46 5
18 59 7672
65 100 76
74 90 662
70 99 9745
1 24 4415
83 55 2314
12 4 6940
29 30 86
77 25 16
96 49 764
9 32 9078
27 41 344
36 61 86
80 93 4132
71 63 39
91 68 98
88 80 1172
64 48 595
63 87 8864
22 73 4
9 67 480
92 34 51
20 2 4403
76 41 8303
3 63 7314
15 8 444
43 86 9305
79 21 86
28 37 43
4 61 5588
61 27 2288
77 43 3640
96 84 466
8 78 97
54 88 772
31 92 27
41 56 60
26 79 691
98 88 375
41 71 100
54 37 24
53 24 4215
81 13 6
64 29 68
92 8 4
94 98 57
82 57 827
32 5 60
84 24 9008
75 95 18
79 71 4479
64 87 72
55 37 177
29 81 8217
8 64 782
35 73 4028
55 64 8479
42 31 392
79 28 7554
17 10 603
81 52 749
26 67 88
81 5 6135
91 80 3879
1 25 2162
39 70 4383
92 98 24
100 51 681
17 20 854
85 89 1985
43 80 13
92 86 369
7 36 223
35 2 212
24 27 450
88 29 36
12 2 760
17 45 3306
40 70 269
40 6 8847
54 32 315
85 55 814
4 90 9069
2 53 5257
3 44 4580
55 52 12
64 26 2391
7 12 7955
45 84 4542
70 60 708
19 66 947
10 76 49
71 85 2383
73 16 28
71 43 934
77 49 2125
78 48 83
3 97 79
41 74 4629
100 18 8991
84 95 67
3 66 45
22 96 264
2 37 92
23 50 2931
72 89 257
32 55 13
51 90 36
52 63 537
61 62 27
76 27 391
83 86 326
31 86 7095
64 47 5787
45 5 646
22 95 6728
96 66 477
13 60 7
1 56 57
62 25 29
43 16 26
25 27 83
17 58 5
100 30 8348
50 54 880
385 93 9726 87 239 575 599 4836 19 68 4659 96 6872 28 606 47 75 3 203 402 4042 1827 1938 49 4 658 822 851 7503 5668 6986 32 3393 614 663 6504 2112 630 530 344 11 69 59 31 57 93 7191 4592 5518 72 94 670 392 3684 5520 694 77 132 7573 6270 80 2826 148 95 51 474 4508 59 849 24 683 4357 2452 4877 22 592 30 710 56 63 6054 7294 760 4451 36 92 85 312 28 528 4952 9978 4227 76 4336 821 40 818 984 779
75 284 542 673 51 3595 342 6686 100 11 7556 23 6369 65 18 876 259 2925 84 3753 4535 9234 4345 93 1657 47 3503 7720 3469 247 2991 7736 8473 2746 44 568 582 3597 25 9 657 24 9346 8916 27 21 5588 73 9652 12 95 87 66 773 90 370 72 32 1720 591 38 443 2441 876 61 6981 5840 520 55 76 14 74 6745 19 4391 99 7 2132 515 10 67 9278 77 51 735 916 93 99 6 709 8056 386 392 719 6713 16 5535 351 7381 60
920
34 60 716
18 23 438
91 66 240
13 11 936
54 30 96
38 74 100
78 11 611
82 91 272
30 97 5357
48 97 3764
51 53 9678
78 17 4721
70 100 68
65 99 12
6 57 88
87 8 407
41 39 94
64 60 127
98 77 1884
11 43 98
9 75 5843
7 31 30
20 84 88
62 24 4947
33 88 936
39 83 3311
97 3 61
21 71 324
23 78 352
55 51 533
52 87 465
31 12 99
49 75 809
45 48 6519
62 73 175
31 2 278
16 38 1733
48 10 1376
91 30 2801
10 14 2921
17 24 74
49 52 1703
79 59 97
61 6 64
15 4 923
15 92 46
33 81 6682
73 98 757
3 29 841
30 13 1122
82 31 484
78 70 841
79 50 281
47 70 86
99 60 8149
3 67 42
80 72 863
97 68 17
21 92 674
38 27 1
99 37 86
63 41 142
43 61 306
66 32 42
86 55 200
23 17 5735
32 50 254
73 9 376
29 89 696
5 39 6278
85 46 48
15 71 99
22 83 46
27 33 2
8 49 78
18 57 118
33 32 7630
24 98 6331
88 37 320
80 97 9430
7 18 4865
46 11 359
12 17 8338
17 14 282
86 51 77
47 10 812
27 83 6952
64 74 41
20 28 83
69 2 4649
44 59 92
93 96 7966
57 99 17
65 2 515
25 8 711
9 94 3950
40 82 400
33 98 499
26 15 37
63 51 210
30 7 1869
100 28 5729
99 22 388
25 24 3114
98 71 4992
74 33 8007
27 5 677
1 53 94
2 39 488
35 66 616
84 97 30
32 22 28
94 91 54
37 44 95
97 33 996
56 91 847
21 31 82
79 97 4098
7 72 69
30 15 8504
97 74 2755
21 69 439
55 68 155
27 7 44
86 78 760
16 50 5826
2 90 73
51 34 41
64 19 140
26 60 553
55 50 26
64 66 3271
18 36 32
14 63 3661
15 10 507
96 88 9853
65 67 656
78 3 151
29 81 44
5 7 8012
11 44 5
3 69 80
18 79 9851
50 69 5884
87 99 75
23 21 580
34 87 941
90 97 9843
95 71 3068
63 69 81
31 70 733
15 35 2535
45 2 856
70 22 535
86 1 2937
34 22 9352
4 34 5624
36 31 85
5 20 69
12 61 48
71 47 773
18 95 36
42 40 14
73 1 37
72 99 1830
94 52 58
48 62 3122
12 48 644
75 52 5995
56 61 3880
47 69 69
58 11 279
59 55 9466
6 18 42
7 8 959
3 25 851
64 70 99
30 44 211
23 48 522
93 31 9175
6 65 772
44 51 6502
58 45 4193
24 53 5899
64 92 80
96 84 6669
16 46 743
66 43 594
73 2 205
17 77 522
18 89 987
86 43 848
96 58 68
15 44 38
7 33 44
97 24 82
25 64 559
49 71 432
55 88 259
40 11 7695
39 32 83
64 86 600
54 4 17
78 61 442
34 66 2234
67 36 280
89 30 41
94 35 237
22 93 616
36 53 445
12 33 57
8 34 69
25 9 592
70 42 744
58 74 1271
93 6 100
77 93 63
76 25 59
17 88 93
35 64 5142
83 66 8270
69 59 6207
8 20 535
77 21 92
37 24 560
49 82 69
80 56 55
77 81 8747
67 35 89
89 40 98
90 66 2
43 40 3812
6 29 100
75 92 23
58 13 61
50 13 8881
49 10 615
96 73 599
24 51 53
43 62 923
31 42 2621
70 91 461
100 71 1597
51 84 72
12 75 9830
54 11 49
95 22 29
4 73 589
95 64 7463
21 46 9092
71 25 972
24 43 927
61 34 6329
94 18 9926
99 45 8607
85 51 732
24 9 1834
8 89 91
82 93 8460
59 7 59
80 16 801
2 58 4
81 92 6843
77 65 946
11 91 787
21 40 9968
8 30 436
47 65 81
9 82 28
57 56 322
16 82 50
47 14 451
23 34 3800
4 25 18
30 62 1583
28 12 971
53 15 20
17 28 3446
73 53 2883
46 14 76
13 91 54
9 15 7183
55 99 468
28 87 460
78 50 5733
78 97 637
64 56 52
89 35 994
84 50 38
68 21 20
24 76 854
53 50 240
93 58 346
95 70 69
17 10 299
47 94 6287
72 55 76
4 63 682
92 82 6753
17 45 652
60 57 35
35 97 729
2 64 82
10 45 70
77 86 1659
6 64 4241
14 53 7955
1 20 48
71 63 69
33 36 5179
26 96 8607
47 3 79
40 7 6219
60 90 173
50 48 3223
79 9 9048
70 66 38
11 42 14
16 9 83
26 13 57
16 37 27
20 42 9070
75 74 17
6 67 908
86 19 72
85 66 254
89 81 430
20 14 8619
98 92 54
72 47 78
59 42 53
94 54 934
58 53 735
80 55 68
89 84 840
81 12 666
36 58 918
60 51 67
91 1 41
95 88 5156
47 52 509
86 48 110
34 26 2770
88 74 62
53 40 652
55 79 113
60 11 705
18 47 58
55 56 914
48 3 8817
48 49 14
52 21 47
17 20 8839
81 18 890
95 97 2416
76 69 75
25 41 99
8 24 16
65 43 139
61 66 717
10 43 716
99 61 7396
77 39 35
75 96 548
51 81 88
47 4 4378
79 42 1029
75 95 595
31 94 6867
69 23 31
43 73 6362
10 25 321
52 46 76
44 68 9939
62 28 1
79 48 9627
59 16 356
33 30 16
20 66 70
69 90 95
55 87 42
58 54 34
33 55 50
33 28 6
82 1 98
47 19 721
26 28 55
53 81 15
89 4 43
40 31 94
81 87 6606
1 48 92
35 25 790
26 92 2766
14 27 7874
34 95 9532
99 35 816
40 29 568
10 52 350
41 17 244
11 33 3994
98 37 620
23 20 86
67 98 8564
72 68 3217
38 23 79
100 42 319
61 58 373
71 66 900
55 84 991
51 25 144
51 35 78
54 99 6324
78 38 21
1 4 8914
49 45 2359
86 83 379
63 39 7227
20 76 76
29 21 77
29 76 6168
91 96 189
49 99 57
54 79 23
88 51 2146
78 99 35
90 86 739
62 26 380
33 93 5181
75 58 209
97 9 1099
47 31 184
25 28 520
46 28 7147
97 83 1397
31 95 6310
44 67 317
98 66 9822
5 63 6641
70 74 82
1 42 234
37 38 523
46 55 481
17 67 515
17 50 9
21 93 822
37 92 81
63 100 253
77 68 64
2 36 3
80 82 29
9 84 22
55 25 470
28 49 1606
54 56 659
60 92 554
33 95 41
92 85 56
44 88 853
71 13 5343
52 7 8341
64 34 64
13 40 3849
58 39 8677
18 75 776
13 85 582
99 14 42
17 51 3240
87 59 9011
77 27 873
46 100 9561
40 56 95
8 57 7
63 26 8507
48 43 5826
21 72 9117
22 69 680
31 97 49
58 24 97
48 87 6704
49 37 3
61 59 698
100 87 2097
9 19 7
33 48 8697
62 72 60
41 47 914
65 27 5
17 25 3257
60 98 782
29 53 7020
97 94 4769
74 100 8796
69 20 95
34 31 399
29 31 5249
96 20 154
10 76 431
14 88 555
17 9 606
99 51 7864
85 16 1295
81 58 6323
50 18 2413
44 18 9323
20 45 45
38 80 544
49 35 87
39 9 20
80 7 440
92 35 7141
47 80 403
49 81 2515
72 82 11
27 94 37
33 21 3
24 12 5857
38 57 78
13 64 142
1 51 76
35 5 95
34 47 830
68 28 67
57 88 725
98 81 13
59 4 427
59 22 22
97 61 90
26 80 793
35 45 54
20 9 7
26 2 2411
8 26 27
60 69 76
76 18 3347
68 45 477
49 30 40
91 9 95
65 68 597
13 6 154
33 87 664
59 46 583
75 23 58
41 75 1749
93 35 67
97 22 943
60 61 79
98 57 932
90 32 92
80 87 8440
88 69 39
76 16 96
38 68 890
83 95 22
20 74 93
88 12 770
75 73 35
4 32 59
87 26 1703
5 4 94
26 21 49
64 21 4764
88 77 70
33 40 2661
40 72 6005
9 26 4
14 62 26
82 10 89
100 76 3
83 20 2290
12 67 323
99 20 300
50 49 260
39 59 88
1 31 428
60 95 927
76 60 465
69 68 9433
43 34 24
76 68 1274
29 86 3413
40 86 9824
57 91 185
87 64 168
97 89 400
1 44 9606
84 77 7155
78 64 35
85 39 8110
1 76 6381
19 77 3565
8 5 489
5 1 182
20 86 8635
81 44 469
93 80 9168
36 62 2891
98 1 26
90 100 571
88 15 98
37 2 38
90 14 935
55 18 226
49 27 1609
52 63 9019
56 29 55
79 41 3616
9 29 4426
4 93 9
25 19 350
69 54 3104
100 37 4
13 1 13
20 57 99
35 60 635
32 59 1140
5 68 49
96 22 1935
19 96 650
31 85 968
67 91 49
67 9 41
3 44 555
2 89 558
7 24 472
4 28 5194
95 99 36
57 80 24
8 52 80
2 8 7768
99 98 7
56 25 82
23 81 15
95 94 232
28 64 430
24 75 8673
90 62 8661
86 26 8692
32 24 62
65 92 334
13 28 64
12 97 73
51 43 293
84 37 5338
11 27 70
31 45 145
18 37 4989
10 40 324
50 63 29
75 37 710
33 79 38
54 27 38
99 18 603
60 33 8171
90 12 247
7 63 212
88 90 674
33 100 8594
65 78 5
19 7 206
38 79 14
34 57 3563
77 36 38
7 15 4854
75 59 27
63 96 97
99 50 85
36 89 74
72 2 716
18 42 66
86 52 821
60 22 30
54 15 5733
18 14 3232
8 54 39
83 29 71
66 39 288
51 65 51
79 96 267
23 41 959
82 12 3
7 90 7429
39 69 825
84 16 2132
79 89 711
95 68 3780
27 46 1989
63 93 15
35 33 8064
100 58 33
38 30 1
31 49 3779
9 78 7512
17 31 52
22 37 5257
13 3 56
93 56 6436
61 98 992
90 8 33
72 5 3473
31 10 3663
42 60 19
49 63 50
30 86 2091
39 52 91
87 67 183
40 85 3030
64 10 7373
70 85 7419
97 8 9214
5 56 49
87 17 32
15 41 494
64 45 46
86 8 7593
84 69 4467
58 65 209
88 48 353
36 91 1654
96 31 17
57 9 502
67 21 6079
29 30 6
67 85 13
27 29 75
22 9 1
71 20 1
28 45 902
23 24 409
69 10 95
19 5 721
45 92 2072
16 68 9663
33 43 501
93 40 81
90 38 247
41 92 934
65 31 1514
54 71 53
66 92 13
84 57 595
91 4 3212
74 61 5729
26 52 4372
59 81 8509
68 85 102
35 22 35
67 4 8540
33 29 8698
85 79 9590
16 57 46
3 33 7515
79 93 26
24 46 41
27 12 986
45 32 62
47 39 7033
76 84 6340
40 63 89
66 60 6
17 93 3421
85 62 543
28 81 2730
2 28 40
95 2 238
85 55 601
53 90 3647
68 9 31
67 100 610
90 55 369
89 34 33
96 72 30
75 8 773
69 74 365
66 13 65
85 32 6089
25 80 513
19 63 291
18 59 2828
34 18 719
88 5 787
18 5 427
19 42 123
87 37 82
76 79 78
92 8 22
36 35 713
19 69 5
54 14 47
90 95 2026
29 66 792
21 55 95
1 57 988
29 24 649
46 49 63
77 58 82
18 35 948
100 86 7
14 96 97
57 82 48
59 43 42
12 10 34
87 75 471
38 28 4060
91 85 94
19 28 9808
67 20 359
8 72 58
57 63 624
60 82 3057
30 76 8242
55 62 5094
71 99 4687
3 28 808
42 32 322
11 53 104
94 49 53
96 13 9117
93 86 29
32 69 5937
27 19 615
14 48 349
98 41 1175
87 30 992
88 54 841
4 60 2178
4 6 895
2 17 15
34 92 47
80 65 572
23 96 9679
6 39 6206
31 35 3363
88 70 1958
100 5 96
14 37 42
21 15 1911
56 70 49
92 72 9
58 20 100
13 59 15
73 72 81
29 1 2052
39 92 5480
68 90 18
17 37 86
61 48 53
82 66 96
86 10 188
68 84 162
38 39 2818
54 90 712
21 56 381
7 70 5831
23 44 72
50 15 9213
4 65 1457
100 45 6314
78 58 15
72 14 427
52 13 66
18 26 41
53 87 5
45 11 4810
78 22 5257
37 81 290
20 4 7722
88 86 5
6 47 1041
32 8 50
86 80 7
96 37 17
29 20 3420
4 62 5687
16 8 579
68 94 81
65 69 67
37 21 7927
2 20 6502
15 62 6845
36 37 8736
65 100 7238
63 58 23
14 26 57
22 80 7449
99 86 63
17 7 44
61 73 48
64 79 287
23 54 100
56 31 3030
41 86 618
44 57 98
14 13 154
18 15 199
49 26 674
47 95 2
52 35 626
84 83 368
47 7 7233
33 46 630
7 78 9755
15 49 618
49 22 58
49 24 1489
48 56 894
44 24 509
83 7 9538
80 73 838
67 7 71
65 60 8472
80 24 80
18 66 61
60 31 12
22 7 728
23 94 136
97 58 43
77 12 2749
72 43 699
12 68 8485
328 23 5485 752 5943 29 5483 9950 679 648 491 468 4198 94 1582 76 879 404 10 9875 7005 66 9527 10 65 9 5570 89 368 548 3749 24 4065 107 5 668 84 486 2783 70 1 6168 97 8 86 694 26 203 812 347 19 701 806 807 5166 697 3125 37 16 111 429 57 6043 74 2 81 704 35 84 874 59 29 490 9819 98 729 1 44 574 18 34 31 509 253 12 351 313 41 269 77 510 70 81 32 26 486 3162 2889 6 6173
6 6526 485 94 998 6701 949 212 34 2354 4888 9817 877 905 391 85 6047 2343 9042 890 82 50 26 1287 96 34 1862 2757 7198 53 7828 519 99 8314 9873 6057 694 897 728 489 761 71 811 25 6215 845 6296 706 2289 2 6744 40 712 67 87 40 6198 2866 26 76 219 56 7886 120 3284 2146 821 9869 31 225 46 203 4192 22 31 11 5334 98 650 3984 435 549 387 57 635 48 50 599 71 804 776 131 398 9918 446 33 1149 567 7557 61
889
11 27 65
84 1 501
92 65 6115
95 26 5715
29 78 49
43 13 432
39 23 72
44 7 455
82 91 5674
55 72 81
88 96 189
67 9 22
25 97 556
68 49 81
31 82 1486
61 16 276
33 13 95
76 37 1
36 55 374
66 79 192
15 30 26
43 33 40
70 98 483
26 66 308
13 42 2890
15 74 91
22 82 37
66 39 179
64 29 92
27 33 5679
10 18 3317
15 62 2926
5 99 383
76 61 1495
69 92 3125
94 24 79
94 46 88
54 47 1074
74 7 494
36 75 186
3 48 440
68 80 43
31 94 97
59 91 193
90 20 53
71 42 573
56 65 89
24 99 29
90 44 564
76 12 2361
59 72 2322
99 12 39
55 17 789
3 79 17
85 19 32
6 30 63
50 63 2750
22 41 54
10 90 987
82 16 59
37 3 87
98 66 5579
60 8 30
7 35 466
91 17 226
87 57 6014
6 21 9766
70 44 6554
88 99 650
80 8 461
53 51 502
5 22 25
43 11 77
2 9 3572
78 65 56
11 48 19
28 15 5071
11 62 61
91 92 1773
79 81 2648
36 11 484
73 55 8361
70 90 3820
97 83 27
20 38 995
13 86 75
76 60 475
11 30 855
23 45 35
45 44 340
8 88 465
5 73 74
30 9 77
23 53 222
97 74 2639
10 86 58
57 76 631
9 64 7226
1 14 1450
48 83 775
78 39 319
21 96 482
41 33 5019
7 13 31
100 45 73
64 60 60
56 27 661
84 33 83
82 92 603
20 74 605
94 33 1662
21 85 4983
70 19 314
71 48 40
41 50 55
67 73 719
47 13 9199
41 6 8001
80 3 6660
47 95 2714
54 66 3638
62 2 984
33 11 54
32 82 85
95 33 66
63 96 242
16 51 3250
54 35 1025
27 40 58
48 78 2556
84 56 7046
87 18 14
85 26 825
62 34 790
85 41 528
10 57 52
17 75 88
91 37 1303
25 9 9581
100 34 866
4 32 4706
90 1 82
9 50 91
31 50 100
81 69 838
83 42 96
80 91 1797
27 86 6469
37 24 710
79 22 63
98 19 712
82 77 15
51 28 6205
88 56 149
78 42 301
5 86 13
35 26 3595
16 96 100
26 84 5665
52 98 34
74 81 76
91 71 8228
99 90 650
20 31 1614
49 8 6251
2 97 18
47 35 45
69 59 7532
46 48 52
33 59 984
58 91 12
71 96 67
69 34 9909
36 56 37
13 75 15
40 28 1763
34 66 655
88 49 2458
95 71 73
96 23 626
94 38 384
9 61 7549
12 57 109
93 41 532
23 4 5
34 70 48
52 48 90
89 73 243
1 12 38
63 72 629
17 37 310
29 23 48
26 16 6853
27 97 2981
40 32 975
8 84 3103
18 9 809
86 100 4
23 26 730
58 32 50
33 76 9805
93 4 88
75 83 714
78 38 642
57 26 76
80 27 91
30 67 59
95 38 6953
87 15 429
24 18 96
67 89 705
21 27 528
37 77 75
41 35 844
28 65 1807
20 91 12
55 98 8840
59 65 89
71 78 6613
54 90 824
98 58 10
92 81 435
89 50 65
83 8 77
17 66 3430
24 9 6695
84 3 35
27 54 2529
76 42 8617
45 73 631
57 81 7118
84 47 355
78 24 8325
49 95 8329
52 85 5941
41 17 712
37 99 95
96 15 2140
79 48 19
46 52 143
4 46 270
63 85 45
100 35 5623
91 61 2
37 64 300
73 29 622
31 96 71
5 46 8916
45 42 2574
39 7 26
39 100 221
38 84 829
33 65 82
31 22 61
66 59 189
72 20 9161
46 29 8608
33 97 4486
50 45 9552
32 11 4560
62 82 863
36 35 34
41 61 973
7 15 42
46 33 3878
67 8 251
55 3 277
35 6 972
77 96 31
35 75 72
25 99 18
31 10 96
62 69 3205
12 64 78
49 18 925
2 87 422
7 91 359
69 10 42
48 68 2757
74 94 19
56 16 2
24 39 38
18 29 93
51 86 7328
29 3 9227
75 48 6937
3 83 79
66 67 8076
73 97 86
55 78 3980
59 26 551
22 24 853
40 22 182
3 47 72
68 56 379
67 64 768
6 80 6656
63 80 53
40 99 56
15 45 444
11 59 34
82 61 60
52 44 23
69 97 107
87 93 22
47 40 5
79 83 72
38 99 7494
41 91 50
65 73 6864
38 9 994
28 41 61
39 85 83
47 89 596
64 81 8948
77 46 476
4 19 306
11 35 35
70 99 8625
4 50 43
71 32 744
91 67 29
24 92 928
58 63 531
8 2 8734
29 2 9546
81 58 128
6 22 69
2 98 7207
87 14 1022
46 62 430
5 93 23
22 71 204
3 100 3582
71 18 9048
4 99 711
13 57 14
10 55 329
76 4 603
58 41 1581
50 93 45
46 15 835
77 89 3391
73 88 82
68 88 425
57 9 605
13 45 80
87 83 59
78 54 23
20 43 94
34 92 988
1 96 490
15 41 332
65 63 610
30 92 427
31 41 98
20 25 501
86 67 486
19 100 330
31 35 5071
99 93 1218
100 82 13
22 13 68
86 66 2091
72 73 961
49 64 26
43 66 205
69 58 85
33 39 22
33 42 909
2 47 688
1 99 366
46 64 41
79 77 410
90 50 1495
10 70 4740
86 17 55
35 73 45
8 9 127
41 21 3448
64 57 398
95 89 3382
31 87 34
95 55 8515
36 69 749
8 7 3987
39 47 7781
6 76 3437
5 51 29
25 47 8382
33 23 7191
7 48 72
67 43 477
56 95 175
50 14 1598
86 57 9967
28 84 98
98 42 361
1 11 94
99 78 79
28 60 1025
92 79 57
30 38 98
58 61 19
71 10 7494
86 80 3
66 87 2645
55 24 52
29 62 564
48 77 286
32 73 6720
53 68 369
25 67 782
42 44 297
45 28 8874
9 86 6148
82 35 777
3 93 126
67 98 844
94 97 2763
9 92 4892
58 77 6507
96 47 41
60 49 82
31 48 119
57 94 789
79 2 5274
67 76 9949
54 56 2348
36 62 800
23 2 8922
9 94 1
40 49 9084
12 39 1699
36 26 1589
16 5 57
53 33 16
74 41 5404
81 71 242
86 6 87
10 14 419
39 10 9221
4 65 874
74 86 7305
2 41 61
91 49 3545
92 15 75
25 28 7382
61 66 651
92 6 89
92 43 41
14 95 6427
85 100 1297
20 30 338
56 100 5186
69 60 8362
49 71 8276
30 35 6028
39 57 8995
84 9 1639
46 76 51
91 74 7309
77 24 560
99 89 9437
80 2 3986
35 85 97
37 51 10
81 14 1959
93 52 43
93 74 76
41 55 96
54 28 796
4 96 51
25 55 345
35 64 8
11 42 673
20 61 258
97 49 6587
33 7 8025
36 46 648
72 7 26
51 15 656
17 51 5846
58 21 87
8 31 655
87 70 272
18 58 387
84 23 1321
34 52 548
58 85 70
3 99 4300
59 30 74
65 86 15
33 9 98
44 74 764
28 81 82
39 15 18
37 20 8420
58 13 13
100 92 32
50 83 93
99 75 166
27 70 487
58 59 9889
31 62 3055
93 18 486
79 97 3422
36 28 920
45 6 342
44 68 3185
15 35 3158
3 11 23
39 46 829
17 15 436
14 42 961
60 97 49
71 44 375
68 16 21
94 44 6
95 86 36
7 58 28
30 74 7588
50 3 851
67 48 76
81 43 8
32 16 8508
4 18 162
77 5 10
65 9 4730
47 17 9870
87 46 506
25 87 18
92 68 103
86 21 98
58 76 7422
2 93 1395
36 38 46
43 62 6200
95 41 651
79 89 66
17 21 557
64 39 53
2 94 52
65 99 50
37 5 513
39 52 203
68 33 44
83 45 9316
28 100 67
32 69 66
81 26 151
38 100 742
16 28 23
73 57 18
81 77 806
87 81 44
48 85 941
12 89 341
97 16 49
48 73 2489
24 25 481
46 98 302
74 63 592
72 46 42
48 81 9580
85 62 1
40 92 49
39 77 471
28 85 978
94 43 80
85 78 15
13 93 86
93 27 755
70 77 549
74 39 62
19 38 34
55 8 3425
22 2 13
69 23 9063
65 12 187
63 99 6141
70 6 64
86 63 1176
14 96 7
59 75 3648
40 63 4915
46 99 1292
65 10 290
60 88 2859
30 90 8042
99 76 9509
54 57 4229
60 55 53
16 9 4429
49 92 693
29 8 9487
64 96 71
95 7 9840
48 97 659
15 31 1454
19 20 32
42 22 5542
51 4 8
51 35 234
65 53 32
13 54 180
83 92 1527
82 57 106
11 21 45
52 14 93
89 90 6480
43 12 7845
35 32 473
49 75 68
46 66 61
2 92 32
79 31 7375
87 32 3927
5 40 6474
85 43 8539
36 74 969
52 26 95
18 95 5122
27 41 293
88 50 5585
57 58 40
34 84 101
88 65 69
69 91 569
5 43 78
41 38 1501
16 53 618
61 70 8496
77 20 8669
90 21 8240
17 28 449
75 98 372
72 49 232
75 38 1713
16 10 783
62 50 870
21 68 8436
19 7 566
55 90 5958
15 66 519
96 43 749
3 31 14
8 43 46
4 90 391
65 80 3670
90 34 36
98 37 1422
73 20 544
39 19 28
3 45 5339
63 31 96
15 64 6101
68 11 242
83 33 380
48 42 24
68 17 946
93 55 651
81 82 547
42 66 7
35 10 8
89 98 667
49 16 5954
46 9 880
15 52 9750
41 19 727
99 92 711
34 31 634
54 80 19
20 16 457
64 68 203
38 64 544
98 26 532
82 47 11
26 45 529
34 86 845
73 91 72
56 46 642
99 20 621
66 27 9874
60 11 238
23 11 2097
70 5 4100
97 1 6277
51 77 339
52 47 5774
84 93 462
4 34 784
84 99 7211
75 94 28
71 11 689
32 10 244
53 45 54
68 96 3
73 93 9435
16 3 591
64 3 66
34 88 99
91 97 5249
52 92 3328
32 19 7072
3 12 7501
75 14 3111
98 24 383
53 18 2071
99 50 5
58 23 15
62 3 370
97 21 501
16 93 957
62 94 1435
53 44 47
52 88 9
69 3 54
16 81 55
12 33 55
87 54 9452
23 6 77
70 79 7095
28 87 82
38 69 85
23 61 839
45 61 242
30 29 9920
12 31 68
95 60 13
76 9 343
98 5 31
13 84 730
64 50 46
31 74 4775
47 9 28
76 38 7059
6 3 9222
82 51 415
47 59 672
36 41 221
18 52 8416
79 95 6621
55 61 1116
41 70 157
12 44 67
31 92 90
14 63 80
37 1 24
85 96 935
98 34 591
1 67 3341
64 24 182
9 62 8923
25 1 850
95 90 50
80 30 770
3 7 255
16 65 85
43 60 403
44 82 5882
77 9 973
97 57 93
3 18 1470
47 83 34
67 45 560
29 60 86
85 80 3421
87 53 470
64 7 182
57 31 46
34 82 4593
94 14 71
37 18 7506
96 29 93
63 77 41
20 69 38
80 50 532
23 54 9356
63 41 4114
95 84 58
16 90 61
18 20 8621
6 60 58
44 91 177
61 47 877
89 54 47
66 65 3931
91 4 26
72 44 9
33 54 97
66 2 41
49 13 1160
90 12 7151
33 17 58
74 55 987
15 26 154
81 65 493
6 34 81
8 38 119
63 10 8224
14 46 433
23 64 33
32 28 6231
34 7 9187
32 51 5607
17 40 9028
28 46 538
38 98 14
94 8 832
89 71 79
38 11 4575
46 18 927
71 93 99
48 86 56
45 12 35
2 6 32
100 68 4
34 45 8150
63 19 230
14 84 44
10 95 849
84 71 1445
4 64 6980
42 86 604
100 63 743
72 36 831
53 83 26
97 28 7985
3 53 49
2 51 3
58 82 359
26 67 275
25 84 43
70 39 221
86 92 51
94 54 9032
26 90 18
24 72 21
32 98 58
52 11 477
55 48 2489
23 32 62
20 2 338
71 20 945
50 100 5583
53 88 247
45 22 14
42 20 3
24 97 68
8 64 467
8 24 6348
73 9 166
55 38 830
59 21 4475
1 61 9926
23 65 1696
74 80 26
26 53 746
82 33 334
52 74 8500
11 12 35
86 76 13
86 93 23
80 75 89
78 52 3337
69 35 370
27 14 6358
56 45 890
78 7 5495
38 66 249
52 65 89
40 42 82
41 56 398
68 93 59
100 17 100
53 15 1
72 13 59
81 59 4244
45 59 52
92 17 23
4 13 8627
93 70 2532
65 14 964
71 63 630
28 47 347
10 81 48
62 45 605
35 20 9748
