100 4
41240107 1355515 429699144 858625188 92508098 181845 6055122 327172976 6115597 77754131 589107469 19384700 26591672 667836595 298606792 498854087 55878947 14237263 267488456 4586022 610780413 541249753 3232614 6585074 30883432 40978699 107544891 789276978 19140408 887369398 790423681 711187679 22318887 5053693 163639644 981633820 3601005 986678863 3646422 6257081 9177393 333067319 837362885 43417852 935949195 858179680 904227841 330058964 7136558 4833876 9862922 54949640 93640477 473564671 9173931 34420784 604501711 393512 6001390 6533758 4045954 827483 156333859 33777464 88208741 72719477 38877642 427399226 799275 81281270 3845136 65308088 12438769 2575277 525230499 98187931 97658875 35829613 64733681 201834188 250189466 6883803 16612583 60820537 53970080 265657320 88409582 395204491 46957000 1316387 85525449 3030272 9519625 8555022 8612021 889895506 84960507 1137032 3404294 832795563
527386 300193 971904330 559386950 366553255 9045191 749719157 482857147 29976344 4323679 78425817 561149348 1552837 1857441 9234408 96070945 835502921 4981602 9577788 17798528 7462874 3157264 7983714 148991 407774617 5311874 6243707 863718 1713255 61824989 14041781 248473 86549630 6019042 1289050 7155045 2091669 15343948 509426533 33468424 21426237 607905109 9147253 31716255 8292167 85187556 279544679 197495527 568336291 7002401 632504822 35497777 279301917 9593826 253515520 298003951 41788136 286089786 29207310 714305210 74581598 961086428 60348328 2909581 572158620 64398905 3736446 713449979 46952709 3773761 749332 211180898 18882850 74754876 33878693 34268239 392780589 8591958 3351036 7570232 132770153 1944015 419354 8789321 640285733 719568230 9340462 939246 3652893 88592376 8565564 50798236 3516293 233143928 51992817 14998377 30879138 3157576 3849440 843792105
893
30 25 903551203
12 30 356410107
47 62 66833148
19 26 52061368
57 47 4440795
18 15 91693579
85 62 5313829
76 3 3319091
19 82 8417725
48 52 1150637
59 92 44538169
44 89 95810415
80 91 6994082
70 53 157075272
21 76 3900996
24 33 672325195
38 66 411345092
41 74 573544364
2 52 826585895
18 23 3686441
97 73 97433486
96 95 25790025
71 79 521927981
69 78 37468501
13 63 3105559
39 66 8087017
9 67 951525
54 74 92754103
29 67 511214875
33 25 52440558
60 81 7713736
58 82 48472677
76 77 495980450
97 4 33448489
28 74 2624591
21 66 679739
78 94 6001939
59 54 63356858
95 2 327117797
16 61 86337209
35 57 42486101
4 99 9783102
54 47 45951371
22 3 1134446
46 23 11659057
77 7 15961421
57 5 942008656
29 69 580174454
78 10 4309804
92 15 306576811
59 47 560275215
34 46 2695178
47 12 7036269
88 13 935360348
14 86 585834532
82 6 557051594
17 33 574827682
87 33 58651991
83 18 6471999
70 93 586646825
8 26 866955000
72 51 13818371
35 3 94316954
100 4 410760494
36 64 2545853
72 71 66561341
81 15 705342905
31 1 61936108
63 32 83798375
44 6 55500020
7 56 909084851
62 98 5277877
98 20 584507939
37 66 17824931
81 38 46950523
30 89 87543513
69 5 339975651
46 73 6822658
29 14 4135188
79 31 5587847
71 4 39127993
27 41 5329124
65 13 926568598
35 87 47203243
77 51 669584761
74 65 602127518
100 60 4416748
100 26 6074785
53 66 7251396
68 66 6657119
54 56 7261117
41 45 9167184
88 11 850973898
68 18 34501108
88 37 161092782
96 29 21416725
61 91 3355668
29 83 81533727
64 78 440362430
41 2 76598209
91 51 76887882
52 45 719292340
50 63 6398679
75 50 558842264
12 80 3051176
41 84 411773348
42 75 22476654
41 24 1371797
98 64 352625635
82 60 2968337
93 84 60124093
55 99 990830707
71 44 876121581
47 26 528787114
73 10 305890007
35 54 375927071
62 21 50974467
21 64 4105561
98 54 3258880
32 87 54785081
97 79 144378023
37 4 571152662
22 19 763057361
31 64 103245145
65 20 69137628
31 65 41530222
96 72 97704315
29 9 207588441
11 22 7352919
52 97 598977257
90 68 411499839
16 88 2164191
19 81 883485590
12 71 48766042
64 38 47764313
19 60 2920634
93 10 8797491
71 9 9560711
3 56 51553057
29 62 10829903
80 11 9406722
37 13 798611126
55 11 6261781
100 53 10352187
88 48 84454592
4 64 535393716
69 13 2059491
81 55 122660321
8 56 13037809
45 17 528354012
99 92 6426209
50 61 38006200
40 72 73842892
62 87 39551639
28 22 3016665
21 17 559164354
67 26 1310635
41 11 84044064
4 43 61117064
99 34 913120827
42 53 269550032
38 2 845301111
17 85 68653824
33 4 880669
100 69 6462847
14 67 4050130
33 73 77139028
38 8 63148
34 66 20760850
80 25 9475408
38 74 8116851
51 36 462561820
9 53 97270848
31 57 116025330
43 82 7817345
5 71 36464084
45 4 87649059
6 1 872724588
96 60 38520295
65 58 10984244
55 47 707085604
98 82 818380458
73 5 3992948
78 73 36388708
29 43 8304834
69 20 666371089
87 49 15055655
54 68 362661461
73 29 373206046
1 51 64831037
41 31 92515976
59 18 96361833
10 24 26323100
90 47 10020530
62 49 314283111
27 88 57186165
73 54 33705618
53 74 4131337
30 63 66979265
28 96 44949368
18 51 325748630
57 65 948353
47 72 7183586
95 9 9361796
49 60 38721434
59 57 6107344
45 93 739629332
84 40 90143542
51 74 11227624
4 67 59373376
100 32 67724550
6 56 6543213
79 61 619966
8 43 956147157
14 39 4808934
37 22 800351515
4 89 9497344
91 90 35649717
4 52 81824717
14 57 1421041
5 10 8879431
97 68 46565569
16 14 5838052
50 90 5466437
66 55 9808236
22 14 396376413
27 59 5366885
14 96 21665210
3 67 673582430
1 64 398382932
69 56 780776059
82 84 52587922
33 21 750780440
73 75 651341841
14 74 46352825
24 15 20110968
19 83 60484188
16 99 6315950
67 48 5779811
4 65 643282659
46 59 9718762
59 56 71156292
32 45 141694290
62 77 4258067
74 44 807636978
45 56 77141856
29 34 35669797
93 26 116149734
91 24 439195
18 45 51997159
94 62 6789514
60 64 8339601
14 28 17049374
79 6 560780
37 6 98370240
13 78 56580377
83 8 70814383
43 74 21495042
78 57 9735054
54 50 6926042
90 85 47646762
49 24 17556255
36 66 1299690
55 100 10514532
25 89 8136220
13 50 90530357
21 61 18411046
65 52 6257736
56 4 74449067
21 82 46476447
48 22 84864775
53 7 742138935
36 1 320661601
32 78 19166827
51 25 70701777
50 4 5441018
26 55 45531675
70 36 873479516
13 83 748709390
74 78 525100627
6 92 840966562
68 42 141796176
13 74 6155384
63 68 2717986
23 72 93536333
35 45 320308032
19 86 1026847
47 30 1598111
25 4 2809705
51 75 811561339
53 63 11082769
12 15 3895723
97 60 521288948
52 69 423801879
31 78 42278049
13 98 30617353
70 75 502475666
10 62 8452195
65 47 3345074
79 52 200569
99 14 6998049
41 61 9039949
90 56 3869995
61 26 32675
75 26 8818728
19 41 1480259
92 82 1154228
68 32 97105846
61 15 650157370
77 39 656695009
3 18 93684418
84 25 29445681
38 5 8299103
43 3 2169446
23 97 92146121
85 71 716047061
35 88 25239665
39 26 8290196
31 71 98111571
55 89 6856256
39 81 292487958
89 71 6350334
58 99 44729853
72 6 147529694
44 97 86166432
18 52 938465198
32 84 943253551
33 29 580180154
12 11 9368511
18 26 1725538
32 12 67777224
30 35 29892914
25 87 509473708
78 56 558644377
15 43 3564047
20 57 448164944
40 56 31662000
7 51 191352
68 57 5201499
49 42 6806142
57 80 63742630
64 86 739814728
66 16 45034188
70 81 52074161
57 19 37393244
52 5 151600
46 83 15626592
34 16 4807614
5 30 9335056
38 11 7104044
16 71 320343436
68 6 348319767
54 10 129552061
27 26 1731936
72 86 508459480
32 27 325570206
16 65 40955510
49 48 2017262
68 100 94200477
29 25 352559730
70 49 613506690
65 66 534375894
24 84 64754167
11 25 962920451
37 35 3054558
37 18 131301
71 59 830687839
38 94 1331198
7 59 18199336
35 17 269820462
92 72 75919310
68 87 405846367
14 40 719563
40 76 703204
23 22 223276316
92 95 808285885
50 64 67565819
29 88 16601010
40 36 213025778
15 34 854152830
92 43 3570564
12 31 91955421
76 99 646582
22 85 6563187
98 77 64712115
28 60 97056
65 26 9901660
41 66 35773583
39 31 391467943
93 52 1703939
26 32 9443428
33 20 769364418
90 12 3288896
99 28 7704375
96 66 246544139
57 88 78954907
54 8 318044938
25 23 6866612
86 67 9396779
16 12 3330129
19 78 298747546
63 79 4261020
54 13 561545990
28 37 22826665
14 11 61477311
77 6 91540239
47 1 2968190
45 47 90057
97 36 1478068
74 11 3917193
74 67 542510653
12 69 550717159
85 96 65970585
69 79 7988543
29 89 17730033
85 68 5306062
72 24 42018752
56 53 96865510
40 38 92875664
97 27 2502300
99 64 198545414
3 64 75858126
4 68 507801
32 22 942327190
42 46 67413092
67 56 47024354
30 61 90785736
48 69 73000030
53 35 9292374
11 59 2886955
92 31 95113258
73 96 60331631
97 86 456661273
63 38 755301650
10 76 36988575
2 84 9171390
40 42 215256
70 100 3843885
19 11 114240962
42 74 34551398
76 64 50675654
46 12 8914265
96 40 608926636
36 41 44770666
81 10 740065012
19 88 5612617
73 31 1821916
27 37 42475706
56 11 512885238
90 13 22336510
61 57 144845334
27 31 5265025
63 54 989241033
52 92 9649966
26 42 1756792
26 86 8376235
36 47 20941381
5 25 157150344
21 73 857885646
7 5 159748322
68 43 49388417
7 4 523212620
52 28 8736266
7 6 236471879
12 25 765082180
87 48 96872586
84 11 274760683
27 28 712659022
17 64 245405675
9 87 648339811
49 44 2877714
17 14 28374895
40 49 6301207
77 13 9337900
31 80 56061113
20 39 244558576
8 93 17652219
24 35 71419315
26 63 1096219
55 40 1316264
82 100 6195026
9 56 167025670
61 55 2660101
37 16 640323472
95 72 68622844
58 76 3332943
1 72 627456350
41 29 4074335
44 30 51124473
12 7 7027233
39 83 8920120
95 65 7897239
94 71 2861249
79 44 82619374
58 68 18851374
83 43 7814528
4 40 120119986
25 50 5363801
89 50 5993718
3 71 60988908
44 27 6543965
48 30 68186110
58 36 5613410
82 31 31481149
98 53 6958666
4 91 898345500
69 49 4735326
97 89 2010704
1 33 27586915
92 79 4577487
76 88 8540918
36 63 15131181
44 15 120179
53 41 31644859
23 4 760004281
62 70 2046067
65 76 487345411
39 95 9219438
34 45 7544001
1 42 193533624
95 80 3745739
7 16 840519414
88 85 97825661
86 20 92748683
22 49 593181
83 66 39672589
32 69 85361231
5 4 910316518
93 65 84188015
88 43 155311649
19 52 72441857
81 82 12012186
20 94 34884190
36 16 946209675
85 3 4932878
95 46 5026427
47 91 2564864
57 81 595756949
56 1 87524028
70 29 3953220
3 28 4404472
95 36 55698589
44 50 790398526
50 14 2655285
60 72 7994411
5 48 1658942
48 89 30334218
42 59 970963660
55 51 636884079
74 12 281407
87 71 95885408
38 26 876054817
100 49 5596116
1 32 8428158
27 53 444081648
20 5 5719192
52 14 13979839
63 88 3344166
12 28 7246620
70 32 81360899
96 77 108347676
50 32 87152816
95 73 22735446
86 58 68158876
17 82 5734774
8 31 9304558
15 7 1660563
37 100 2009216
11 51 55616480
18 22 3304842
14 38 2726831
21 1 86043957
89 86 5406612
61 72 24881071
33 76 7919701
48 66 5460381
6 96 22136186
98 58 853703006
5 61 8300792
6 19 183601764
100 51 873574177
11 69 562317070
70 77 961347608
13 87 73833785
58 52 370355502
13 32 918326097
11 94 7546998
71 68 4259315
83 77 193663
95 77 64262236
26 95 57463855
80 73 666031366
52 37 45393409
63 93 6387764
10 64 23374788
92 100 333436005
23 47 18218179
5 36 29856920
93 49 6458157
45 1 87608511
35 73 951367349
98 6 379670
64 7 8792009
54 48 465545887
36 50 539204716
37 7 2138140
80 90 21177226
29 40 71723527
56 20 71849209
48 21 981203574
8 66 21775430
72 77 33583366
29 55 25374539
9 50 8662161
3 58 8022741
6 84 53451872
70 98 376151016
94 92 660790628
33 82 64231718
80 81 62788666
82 18 50733179
99 75 8379465
44 3 801370520
17 92 4921575
38 99 4795490
41 96 19221844
17 11 599413130
58 38 29988507
2 54 8622165
17 46 85047703
93 57 992474116
77 48 85817399
92 9 44739837
89 24 7176329
90 64 671427800
92 45 307306132
69 47 9816269
60 31 5346779
63 74 78305459
17 4 9873247
15 31 27128968
80 79 13197460
78 8 71784375
70 64 5739905
92 65 16366779
43 41 597780
59 43 75513052
46 25 123007470
84 39 42841503
94 57 59111740
73 34 17170138
36 90 72888677
66 86 3502436
17 76 552714510
64 16 6641802
1 7 252853
71 95 96304128
35 59 295335155
3 39 9463824
80 96 58137055
65 70 103688084
96 59 89633235
23 69 37259022
63 84 85183393
67 15 49277427
4 75 7440748
47 93 1744095
80 56 7726341
99 25 811281488
50 1 6635882
90 2 54789956
80 60 6573854
67 94 4018930
80 62 4705098
67 37 995690801
30 83 9735422
3 23 8995975
42 99 27672806
9 79 476034128
39 17 38545255
64 42 16259310
17 100 35783133
42 52 3913064
85 74 303814292
16 49 68514806
65 78 59587782
62 76 1153431
67 97 27118564
66 67 47540296
53 45 235961117
18 25 2642064
65 14 992997629
65 35 9654808
52 46 67693660
20 82 909957607
23 64 2381702
100 80 225597390
46 93 3673960
27 36 301094282
91 72 52468432
59 78 3678450
13 25 348606235
88 87 5965382
70 8 9052103
62 3 9587478
89 39 92626822
38 46 5812121
8 29 43683541
8 10 455951427
94 46 540027863
37 34 3582803
76 52 93724324
18 69 43459057
63 29 877982082
13 85 493929376
71 99 486627869
64 92 263912365
38 47 2620453
79 19 50599385
60 12 2320869
45 20 52820051
25 26 876929067
56 71 1653543
56 97 409631407
93 31 476830626
81 98 473106363
79 65 132274753
12 35 386441140
2 32 2839745
94 13 599411155
53 55 657016415
20 55 37386072
91 78 38673271
100 41 46617083
86 41 346244725
53 67 9790257
38 69 67817243
54 9 72536185
15 96 74183019
18 48 946078157
71 33 74497721
92 93 2995485
58 96 940205728
2 33 7765594
41 44 19980424
16 42 3150165
7 41 46253069
92 40 990304591
86 40 9431435
13 35 562079160
63 35 4747523
6 65 44827373
77 52 6305343
30 59 747796467
26 54 931589519
32 95 90831315
12 77 2052216
46 50 14314610
51 94 2962184
77 46 98658277
2 64 912715655
39 50 977354332
68 93 24100032
61 94 88969559
37 60 90625830
22 67 192629804
63 94 251433311
82 96 683239474
86 49 92668648
41 70 50409970
46 51 43214908
97 13 382534663
67 11 867543625
15 4 469361514
31 4 7864020
57 4 40771004
72 8 689982659
92 85 24606779
33 44 194672201
66 61 266424
70 52 75737664
96 68 40275281
93 40 670555
52 26 962483993
44 53 447388204
80 4 605049344
27 38 864910653
48 99 624925108
34 20 6010101
89 79 41029155
51 54 855354725
54 90 500468069
7 25 41472584
33 75 6995879
59 15 2955860
9 6 743604309
13 27 2098720
83 57 63508072
16 87 65058534
17 38 597899921
53 96 636838144
35 47 2704871
49 50 281211311
52 84 47187672
7 26 4268798
72 21 107391168
53 94 66313684
80 23 158863653
22 24 61908571
72 13 90080277
35 96 75573203
25 66 506640012
48 83 6397373
79 95 49081142
52 98 618712578
92 74 64236
80 24 57720781
80 49 129955
96 30 979717457
19 89 653252843
85 56 546839915
45 76 73498085
40 34 373404319
88 51 93916381
49 67 33719748
50 95 878163153
55 86 461944039
85 1 796455933
20 90 243450979
1 80 678319048
76 91 1284417
77 30 3932522
88 100 2193569
36 73 69969201
14 62 667640144
99 30 338995039
19 56 956098047
39 82 93837188
73 89 70174883
95 28 48892126
52 62 615310948
40 74 551071145
13 82 63456501
75 16 938906348
92 63 354755062
99 40 2232381
80 22 572844450
11 2 41899891
7 58 9319212
50 99 69955014
91 8 5905592
52 72 782588618
65 8 7750864
5 19 9565619
42 3 886837591
10 63 12159465
26 72 742708435
98 55 8203163
41 22 4130723
33 66 9612565
14 47 794658793
98 32 5786643
37 53 30307259
49 17 842982909
54 85 38034823
61 10 687049220
87 24 5982066
76 80 1762688
9 13 107682
86 43 670410665
14 20 57597771
63 100 409180420
43 100 84465101
83 92 7455404
51 3 8366772
77 28 6915238
43 17 4726733
10 44 936532937
22 1 70062636
46 75 783769447
2 43 135749081
16 28 120559004
29 98 5581619
59 84 122030425
2 31 627739348
88 15 72289097
63 33 2004272
37 44 24622456
76 29 9191042
63 75 50307399
62 23 2235646
67 58 135684992
24 98 60219315
1329846 612763306 507297250 181795253 277646337 990292431 959234991 2905352 58768375 512332 1889958 146023817 24375974 805652283 1231160 758813052 64782352 3001716 131454 692446446 67618227 4079181 1126495 4649079 28503045 40679532 29808366 239717482 64485151 369574196 8920980 568935120 266187408 764983311 1087723 2061504 3736623 56066855 1339172 97070417 902546607 77525144 627146088 205852 145130190 384885388 57651310 528068 848063321 48901471 319953799 235641 311351866 469968270 126007307 35614958 441604064 84480802 9351951 217308710 8312064 16463119 94904584 841878000 37569778 53505457 334997602 132093408 417721 697819 285394260 2257033 190505011 6588959 618475590 140737724 46387767 623495109 9883222 3831147 80872315 315221596 51905130 45462055 78923853 36687576 5828386 3529233 311494102 62804601 29639969 63882228 8593013 637284417 299132363 5224203 360629069 4894999 962885933 743533315
6948308 116284 819936636 276168682 44336184 4280778 16414041 1657636 3790748 532090 7422535 2724875 797678902 26238544 748168489 741543759 85578406 973626465 1967802 5130525 809738088 627097062 5219863 40647468 1453975 355268764 1834962 83647933 14040732 97325588 74172459 345427135 200420969 668420192 44523534 7446486 957799194 22406757 237753539 90054966 54207672 24425787 697861719 9617307 92450694 56823241 96674023 558858571 23509984 590076984 736035919 2142910 71959130 42050200 301892 47321091 194920427 1340911 731225 98746771 66116042 815434371 60959170 2043285 920595552 150666063 8267133 193804024 27850300 1307631 766140624 8867005 49648101 80104368 871551030 913397358 936645028 997299797 2745131 9217112 4693364 167610814 130369822 25681700 95788583 895356732 7439717 7887420 3577163 1687806 476734635 616543301 644988147 850880963 12023810 2390526 53967434 4333941 964454952 89726563
903
44 76 13157690
98 88 764518257
5 29 434763330
80 96 77585582
42 67 4085000
28 27 7551056
72 18 4079729
75 84 1269726
71 84 159788686
46 23 8633516
39 47 68378922
49 75 7874055
73 26 565459848
37 10 66613224
66 87 31993848
92 24 2798835
38 76 5008525
94 66 3866830
48 36 91591581
26 86 2754987
55 12 3050188
96 81 4439450
8 5 1510300
57 20 948148801
39 78 8320033
27 73 83960008
8 42 45743913
56 9 10952698
63 55 979809120
90 69 59810158
19 77 9107571
56 38 4635378
20 96 2641257
24 50 76271935
8 25 350369278
58 49 60236553
22 72 59713935
99 8 85541851
39 3 1441577
18 13 25882449
71 16 5700988
66 23 4553886
94 4 3714577
28 54 49939679
18 37 3074190
46 41 43196420
68 15 292407091
100 92 2983550
5 87 765523960
63 62 2924455
69 68 1787111
40 32 1444154
35 25 90079877
90 87 30223590
12 78 91886
93 28 693244764
34 18 97140845
83 48 91077099
44 59 531617496
42 11 69725539
16 85 39487833
2 5 34050336
4 59 20946608
56 79 6485696
9 28 672715643
53 5 6611473
64 24 474795122
68 22 4027212
13 89 3148174
34 9 413212249
33 27 475114745
45 73 859899298
75 17 71305163
26 60 884499335
49 19 59181183
35 71 49384204
2 80 4173812
49 44 7542184
31 91 5217241
51 27 560068477
99 12 1748523
30 88 600380673
52 21 4795999
51 96 6660179
52 81 47208856
50 20 2861617
44 58 24947547
74 46 42647662
75 53 768814338
71 54 118800038
34 31 217896970
13 11 42546562
91 95 52765462
29 15 662914124
49 88 3902723
50 81 31301299
11 23 2469334
66 33 6383191
65 44 63495993
76 25 6530426
85 37 1455425
97 21 5617568
65 34 310914346
90 30 263899852
65 42 3290119
75 42 486725455
97 65 42938983
41 45 6202385
22 77 530403727
61 54 570312659
87 24 19831763
29 73 766687031
93 30 2404389
96 48 26603309
9 4 322823744
83 92 917295287
64 96 75521634
4 52 9228563
83 6 53827115
33 42 5508606
89 57 70722957
56 91 67722257
97 79 395694398
28 72 8406001
27 25 499933549
78 87 55720721
78 20 66061455
5 75 566778762
6 74 8612645
8 81 9396203
63 95 77115965
74 4 4274927
100 43 691828084
31 14 30054439
31 82 380046796
72 48 19899099
49 81 149856561
36 40 5796056
54 12 371298727
78 8 761395735
96 86 5082435
81 34 92266942
41 86 4251093
48 92 386504469
95 1 981321071
3 36 7059046
21 44 28932178
99 72 25038716
47 83 34864801
49 53 788722
13 81 715411643
80 75 44993915
35 68 81011380
86 39 940795521
96 60 52602938
97 17 7774490
43 88 3549969
41 79 24904221
98 2 250921
13 82 259166042
78 86 706732291
92 47 95904067
3 100 70904881
75 14 593201348
95 17 81258308
80 13 52213697
15 66 75011732
44 15 74308023
71 28 7586773
38 20 6187059
41 18 83149443
66 70 91483107
16 38 8614574
73 64 2222340
68 95 7075238
37 33 103182
8 15 57490562
33 35 93949346
34 74 865561445
59 31 571323908
10 25 7781950
79 19 59291814
78 27 2203788
19 100 132302404
42 64 46398806
14 1 83407030
81 60 67136251
28 8 382299325
66 5 90968686
26 66 9852472
94 64 49439015
23 50 62205048
40 70 4357966
52 13 53874848
57 44 5922959
39 94 65009150
96 54 6680714
34 35 3288023
70 84 71395817
85 33 77602641
4 22 14271320
45 81 42567655
95 47 3577253
66 1 483766813
37 92 3395214
60 6 64161826
100 50 7649018
69 55 121347010
76 100 7697805
53 66 88649932
24 40 906975733
75 97 9653489
64 61 684155285
47 31 34825332
2 70 24277010
100 69 63886505
16 55 28306275
78 57 22852627
3 19 3478701
8 89 66310165
17 42 150840320
88 38 61297304
85 32 1134815
40 22 237294927
77 12 85087827
84 37 98435950
53 61 2585053
42 59 7581378
6 81 35147849
67 74 76299845
57 98 56758453
60 77 850204360
31 94 449234289
92 20 477852727
3 31 56190255
51 56 94331204
29 44 6698151
18 28 6175539
45 87 79441772
72 47 989893764
93 3 615889339
21 59 451325352
97 25 67463640
25 19 61506306
58 43 57476562
48 58 60850725
87 97 2238249
6 5 5495284
87 69 366245245
86 47 24433905
4 51 62473182
52 94 824138945
94 47 568627074
26 62 9958859
55 62 3069965
44 43 657357152
11 33 15551672
43 97 4512397
45 42 599815283
79 71 99817335
100 57 590242897
18 48 261204185
49 16 3840376
58 47 733629611
88 42 717901122
30 31 26963418
78 92 7235364
66 88 5077727
62 76 51181332
83 61 920212320
57 31 31961198
75 91 5635944
71 3 50093104
28 16 427880088
2 87 3717634
40 34 50691445
77 76 1863713
3 4 482387159
70 46 28951213
26 13 9602346
60 91 99613190
95 82 9666985
67 34 860360732
97 22 7446543
44 93 228394332
65 48 7981982
97 85 233455143
48 62 395358
90 14 7674454
11 19 87885231
5 58 45564588
29 37 4989582
87 95 48985648
92 64 40405114
82 80 31565275
77 55 6013689
49 18 60913885
25 58 700551943
10 83 36017138
83 50 11835248
59 18 41072952
24 35 280289910
73 56 30485576
27 88 377174660
5 84 3440517
77 73 7979830
76 13 291763517
46 55 64014499
23 16 7727543
44 92 56475968
61 5 59388707
35 5 92620871
78 66 325227788
59 6 64862471
59 61 69454707
91 29 722439007
86 68 6243444
53 7 75940121
48 54 938101
83 14 8595003
68 56 8619618
83 36 9411173
61 84 48003063
86 92 4686743
10 34 8123825
52 24 13397632
50 2 579524886
83 3 92338334
5 83 3292910
12 76 24572136
18 16 56364870
15 21 4209818
93 32 4080615
85 2 819489
95 30 20689931
66 10 10756668
47 15 185121105
74 47 651923181
3 37 367967682
19 51 82587300
49 38 324255192
96 9 3050785
73 12 2607461
92 34 21270103
15 34 9551916
24 80 2439952
35 98 6250077
73 3 545393
1 85 2507
3 89 95881157
64 56 380336294
76 57 8590734
20 24 35698610
29 47 4089794
59 65 625503824
41 31 80902701
88 93 84886255
81 32 87886319
83 77 617265918
51 44 57022849
4 23 844673582
17 86 25677139
95 42 597160291
11 62 62531460
96 1 566045413
68 20 75613940
61 42 4504518
88 31 5159823
7 81 254519809
56 63 75024333
49 62 9267022
37 53 95821351
2 96 275663448
22 80 102603767
92 59 1916655
30 55 53876709
100 94 8289376
82 56 9089561
14 20 430655676
99 37 61530877
86 59 87660702
82 74 6919935
98 68 3023600
30 50 530017763
15 99 2000707
33 57 699720370
78 75 898368
33 53 66727563
95 64 509181872
23 52 969080107
94 53 69192680
16 75 2301005
97 89 30694046
83 99 50191056
3 44 13801402
92 84 903418169
75 93 63491274
82 16 262883007
35 28 86553508
91 45 2040421
55 92 9566277
96 89 785228300
94 29 12399676
54 33 50391471
68 55 8173866
65 7 660735128
50 3 73084324
62 99 552575879
48 6 2508913
80 47 72231042
22 99 79763165
23 19 183749236
88 52 83754601
61 58 98736768
99 70 484034596
81 67 87585581
69 51 86480778
63 41 877517616
58 42 87785039
88 78 244593931
90 44 11959045
63 70 298159860
69 52 164494151
89 4 23395390
3 59 22161594
79 63 264280
69 39 906745031
36 46 201716317
75 89 9909459
19 69 998508310
48 79 425249306
72 51 712911411
71 6 440357161
42 23 2327094
44 69 19621527
14 78 9173127
11 84 187693482
84 82 560679659
97 70 53940826
100 54 21272811
37 70 27718195
2 55 65713025
63 98 59483814
93 84 160042761
92 21 31575951
55 75 475672067
11 82 348968433
59 55 292031347
4 36 203694285
99 93 7485064
22 21 643064744
90 24 16368022
33 75 756143
48 99 7943464
69 1 9967306
54 76 29743736
28 25 354679746
60 51 494499927
47 11 776944
81 12 8933746
24 5 187298417
49 28 5948695
43 56 925126526
42 21 36981054
90 45 795781763
34 76 52648619
29 60 1249966
54 25 56806365
59 22 56158366
33 65 851838279
36 45 2710417
97 32 732039788
6 91 49427706
90 26 52553775
90 50 981021839
77 41 9074555
37 87 819236705
2 73 237542385
100 78 61044369
21 65 287307804
37 28 335910178
53 16 3728557
63 15 85516022
61 32 1059146
64 59 67440624
80 39 62615489
24 25 7665422
13 4 4919343
69 98 4047845
22 95 1832788
60 98 8887143
58 23 78684617
75 64 169055910
11 75 240122818
55 17 95537446
1 18 4895117
73 92 3711944
97 66 10642166
70 98 4071189
23 7 4280153
80 93 237814049
49 92 635907
58 64 5858635
88 33 66648422
21 34 6348551
14 41 804444
68 78 4588213
23 32 9872937
80 28 296760730
51 76 1650663
77 10 3541545
73 88 54374561
20 3 952947165
88 60 8378212
40 54 337388069
61 86 6599550
35 29 95262859
13 57 760701962
4 67 644545096
29 48 82856981
38 5 747212290
87 62 75755616
94 5 73955672
64 13 3340576
8 93 819845960
86 11 654817910
4 15 8744332
45 19 831715200
88 86 763503339
99 14 596791613
32 20 73253247
88 72 224578277
24 97 8201900
9 17 3806818
100 1 8100690
57 95 183020417
83 78 3928357
34 12 8255532
23 17 947240088
20 58 848676810
85 99 127936562
37 15 703674
14 53 641939098
57 39 9184113
67 37 9588695
40 99 3891717
86 63 1614015
66 99 26774105
99 73 703068840
44 84 879475736
42 85 83546922
31 77 416120047
63 97 389525178
65 1 192167190
34 55 14779396
88 82 25751133
94 48 3049206
86 71 211110884
48 21 657876671
23 20 518393602
43 93 72099628
34 24 3411535
64 72 58568723
27 50 3341428
8 87 8525658
53 42 4990166
21 62 519124004
89 33 378186
78 79 3222677
12 36 32109170
19 43 93215826
91 27 32542042
73 96 5705443
42 50 305829961
1 35 8248862
41 5 93486336
5 74 31843007
87 76 63886843
93 90 13403004
26 94 97566549
77 68 845636
9 7 2588920
5 4 1146443
17 13 805075610
98 1 32890938
32 33 54143507
54 99 259594602
30 83 5129029
40 19 1800163
70 81 999985121
94 10 8885182
30 77 31296713
100 85 9981061
1 73 20501916
58 41 78783255
21 79 504345504
72 68 55094520
84 31 5540484
51 71 2865700
74 86 319470346
38 2 2803454
2 42 349352515
16 77 30898095
82 53 9851401
2 90 72504431
93 68 372185795
55 15 63901389
96 38 38862843
65 85 13976993
11 70 16592702
7 32 443905003
93 59 811356
43 46 697256983
35 99 38252229
16 58 552561976
12 52 532459446
28 24 78783887
66 51 753863251
42 73 19938462
96 3 916609691
45 32 742088193
39 22 38394993
36 24 73881307
32 13 66388397
78 38 922086975
34 80 12701290
43 12 442320610
78 43 3198531
12 88 395668016
3 10 680138924
77 86 8361144
32 67 509821336
93 9 90911878
37 14 55306887
94 16 3632346
50 67 923774
80 25 442199783
34 91 8471847
92 19 38126766
42 27 82682314
79 82 46718650
87 48 1298335
17 30 9923662
39 36 4585167
61 65 2861291
2 54 5956944
72 62 5065876
9 51 694212038
78 73 654019
57 73 589243244
56 12 4463360
29 69 556305808
11 41 36611140
13 43 639432405
85 67 344175952
51 12 846333911
1 56 3795901
70 90 687074118
64 40 43015335
88 68 436352695
57 9 78202993
55 32 321748280
4 88 650537341
17 34 420353
17 5 328069414
30 100 136108026
23 77 724995014
1 6 83742588
92 97 96966737
92 71 5453532
67 72 48808737
65 19 291429124
22 84 2731053
41 35 64925845
28 3 92852286
60 70 7943306
16 32 61283111
63 59 4293241
15 16 56692107
21 1 56345544
85 90 23627073
29 88 2291789
15 6 2882039
81 27 604814362
60 63 3992913
26 1 997458
60 71 281263940
41 50 78215495
100 98 8630818
93 92 9802162
32 35 392076
55 60 6730206
10 13 9914383
35 72 53826843
59 30 250290356
95 76 78690120
100 49 79219551
57 35 10973458
45 98 78102854
22 6 114956893
90 99 90778036
34 61 212006195
27 9 5633106
8 97 14044287
1 44 468434387
36 47 4438146
76 43 6100368
93 15 672744941
47 27 655955683
32 66 369295039
25 31 918725469
14 11 6818731
97 44 42052501
7 34 62526061
81 72 48704191
58 89 46460838
13 34 8450565
22 30 6533211
91 81 271649273
5 40 7950080
85 64 17324861
16 39 872533688
10 70 79948181
98 37 8477399
14 26 455216056
7 10 60160508
100 95 8639930
24 99 1289517
69 82 527837775
83 39 3528634
15 79 48565850
32 74 807243227
82 10 655990594
66 89 260331625
94 87 323559118
30 73 974741554
43 11 4936210
37 49 584784303
40 18 9697091
80 10 3535368
84 50 447584358
22 13 4842247
98 64 5281998
98 59 2118740
56 55 1324602
56 70 8016297
59 80 135652751
67 16 35400956
25 39 663977248
3 8 131183192
45 95 3850487
1 58 77288310
15 71 655582288
13 60 7912056
7 55 3936606
94 19 81599585
12 40 9940404
27 69 188690899
99 76 8920264
69 18 996448690
98 8 812578162
93 77 29713895
77 45 27305446
47 85 33210902
87 57 1179633
79 25 97713152
84 28 3359949
30 29 1210094
99 53 34980567
50 36 4074352
5 42 37687345
87 50 848196820
30 84 5747996
35 31 100064181
2 89 54436025
25 81 80640691
39 40 553881629
39 35 91480566
31 6 52798076
92 74 5657680
48 98 32321772
71 38 59325168
83 34 129779668
1 2 529822067
68 75 9944374
10 28 33766834
56 71 5459439
77 47 4040099
52 43 394797641
92 61 86982145
96 31 13953959
58 36 2109590
74 39 9426441
26 2 9246094
74 7 4293372
38 53 71284102
33 16 9519471
59 79 134606827
99 28 39792656
44 64 85836950
3 18 13989146
1 77 69324326
33 62 16384483
57 58 9697149
23 5 8013662
96 95 277884628
87 53 639183281
68 32 146108569
7 48 24187912
76 48 71732093
49 63 6650357
3 9 4719522
51 48 97759385
79 34 72373359
10 93 31095646
22 86 515521759
37 88 69357438
88 6 99953579
35 26 7098263
85 19 3648076
11 55 684779892
68 53 13585656
54 3 32635954
96 76 47680077
82 40 493278278
63 57 578131974
12 71 19988237
43 91 36317059
41 71 5338521
70 15 317135698
87 70 11218982
65 16 872299423
62 84 53027414
73 39 7191570
61 30 980623511
81 19 273950582
73 21 477147099
47 50 3420946
48 59 78684559
92 52 36137556
45 16 236586479
9 97 36700978
51 46 4461686
78 25 638747341
81 88 9176315
64 3 15552684
7 44 6403080
100 15 824094316
71 45 298188484
13 65 250110309
29 52 7865848
49 91 54515989
18 39 54065039
1 23 2790218
70 4 574180599
35 30 3930469
63 16 9614616
18 8 327440317
42 78 99544742
14 54 44988808
58 12 906685702
18 99 940395141
15 41 8227782
7 17 5424807
91 50 6634573
46 25 89468081
90 55 186763336
45 20 98275535
35 82 3112754
50 97 691360133
52 8 4484956
42 44 30643075
42 91 9234067
68 80 272563352
78 90 99056264
41 81 3905393
70 73 7003168
59 74 3993778
19 10 25241914
27 68 53267613
71 18 509682126
83 38 4678903
3 43 85228623
3 33 2069448
59 76 98861226
94 98 1046034
85 86 48347969
94 92 416737099
37 80 1319520
56 29 12138325
46 31 51276920
92 29 306233584
60 38 602951505
64 79 4926471
73 6 512619069
44 83 75137857
99 74 55673335
79 88 6060749
25 3 69276056
83 62 4895129
55 35 9946239
75 52 5415905
46 6 8557598
9298392 678598783 81947560 1864170 1830699 3507321 867701381 4922285 15615607 458517153 2417235 9131922 12408919 414811 99403407 876258662 262840901 1827107 9170517 6626996 34655259 680620638 53080 427767 2307523 897440556 2240375 229889198 448819889 2288946 956768052 199624823 60695365 4075687 439761111 34040002 84718220 62584042 37853624 3809237 67921992 2225750 9761314 598202819 9016164 471095680 83586723 738909285 864661364 21470720 933461980 8863257 61504021 68160533 6034460 18621233 794610696 9030662 788318190 459319711 6611503 467304981 1753662 34661650 204484196 503567057 51942653 3610280 610733165 799334845 73223590 3256081 714809249 2823811 25281221 64450522 996190393 52403865 661261017 756825687 83014941 2576916 5263860 2336114 6060801 70628095 643202442 74386066 614883320 2855995 50246513 21859193 8532594 2551913 46397233 8523783 2781546 3771803 1029966 2583066
8463497 9729986 951654146 50083010 265535300 860051824 827524120 97354394 19317048 163227009 8419976 2022924 874279961 978052089 8483452 84372799 3739397 73227809 379442908 12417380 524171188 25241527 259597835 509513 3520531 263097 9671061 628840214 8563934 10475875 7522790 9606991 40851212 7436830 48399165 951696836 64774889 9312406 709694323 108994194 1327059 62520990 28140131 8516599 12514193 6157407 671771875 69013221 34717459 9929789 13151855 207901552 32727828 95943077 501047526 2997803 95371738 550916943 5806653 3732304 81052746 8689716 378591462 7491837 36596537 3591997 270977673 88161321 516605220 3559403 1613231 5206790 959121926 836414183 64971168 64271661 640983695 35365 599824316 24590737 1974464 834690498 39007902 933792 4782621 69980397 79647847 5148205 25140188 400306 2385407 7587472 525557922 268608316 7511021 552315007 95654020 22479231 634940892 3881573
912
43 70 284897401
91 19 4851912
64 2 19140875
41 4 58812652
16 5 5100557
93 94 55904919
78 69 66010034
57 58 651160380
21 67 83833735
39 94 96533345
50 95 55598560
64 87 815190678
85 20 74393029
96 38 3202903
6 81 604872363
70 34 4305165
85 32 6696690
35 44 82662370
23 51 592356002
87 48 15807290
21 81 235687553
50 46 8550722
93 78 54945545
47 54 1647139
95 51 473317712
64 69 4705826
53 12 746257062
14 25 3104679
82 63 4101371
10 65 865994780
66 39 548529783
28 70 665680079
33 52 4829241
95 39 95711725
44 8 49510798
85 65 4406758
19 33 737213598
39 89 7358752
23 71 442983565
17 66 590705170
64 6 9811745
17 94 171519428
86 58 6744368
75 4 30254078
10 52 14421748
83 26 14614928
82 96 11543343
81 87 3646006
34 27 32348861
27 46 8762964
79 19 1399007
19 97 1668170
3 1 60487932
25 82 3652771
46 3 1589661
69 54 966521454
94 9 759033117
56 94 10454295
67 49 43731899
18 74 5026702
36 9 50022055
3 9 9091935
1 70 234479
88 43 46233632
53 81 70014493
14 16 74023586
53 4 32177891
44 96 6284916
94 35 56814273
89 81 3610077
4 29 970556364
62 35 37206149
37 8 5230005
62 7 78317271
76 75 57131
32 63 39156457
58 37 78047539
67 27 1702038
32 65 198098774
31 78 795688971
81 48 7135810
94 67 99263538
20 81 461303273
11 23 9425370
31 49 4279993
32 72 268207874
47 39 142035206
9 70 612721850
64 16 283157492
12 48 8849880
92 91 737326460
40 16 3311736
62 23 1828492
9 27 8481384
70 98 6218437
68 74 15201716
97 16 4576724
67 9 76992985
69 8 552602134
61 86 58817440
71 51 7421496
55 56 62756930
47 97 974475476
22 38 33172455
89 59 1631002
83 53 756659483
95 5 77327699
94 66 123509033
6 93 53358145
62 56 82885299
78 61 93817127
68 50 2023159
9 61 720242656
60 63 3396013
11 22 69304651
77 20 5405155
43 6 7571998
86 4 1126580
58 96 1023528
85 75 2229303
10 26 279250132
13 84 389686826
52 18 839331
14 70 5005052
74 65 920006826
70 17 7014340
65 5 84873776
29 46 384544169
49 59 350675687
12 74 26741832
4 31 988380782
14 56 3047187
70 77 9880695
25 54 64415194
30 34 4462456
66 18 715885909
41 34 7289569
36 90 12414084
41 68 8740887
31 87 696735614
25 45 9152081
17 75 8498384
25 63 304277992
14 20 5414063
44 19 4409995
65 33 491757023
30 35 3760370
22 58 9775469
43 12 1736959
95 79 134288356
13 90 4591269
36 29 972549202
75 50 836212769
4 59 94480674
47 59 7907580
49 73 4985026
98 36 513975356
36 84 861583833
6 8 59943785
23 31 2970167
68 5 5704034
96 1 44200265
62 43 5337257
38 13 52945974
16 100 30249345
91 9 399366344
2 37 3795157
96 57 45959739
51 91 7255087
54 76 12149361
99 97 38622684
57 12 787549
57 84 315415782
15 76 9456868
7 51 2108980
40 7 99763707
71 68 7997818
89 36 15659567
22 32 9876867
26 15 825067888
24 49 4562459
64 5 602784525
97 20 39956702
20 83 14510968
57 74 42079457
97 30 4788354
81 88 1493108
15 93 6475440
16 86 555137797
35 68 5427772
67 59 14948660
3 86 3596193
38 75 2687381
80 75 4265979
45 85 817472612
21 76 9426357
6 13 501586
97 33 12536573
97 38 494177520
73 54 70413930
67 24 159517068
75 57 203199827
86 38 24501835
13 83 697509
82 50 9550167
53 39 495519474
93 41 713926
7 85 6054283
43 50 948267428
20 93 901315924
70 97 929149853
38 66 7550911
18 15 410936
72 93 97782951
20 3 2250611
15 68 636233436
48 29 5725042
5 4 3029158
9 2 1231414
60 99 54724395
84 62 80085089
18 29 29553550
36 49 99536933
74 61 980513618
9 77 65161648
54 60 958575707
88 100 670364657
46 99 719620501
51 2 4792289
100 23 520347657
13 12 47932503
12 26 203403
27 88 750090050
88 12 4870291
42 95 1540132
10 85 33470339
12 38 20601903
20 90 5681337
91 35 79562758
11 24 93426668
97 63 4716754
3 45 5598117
64 41 337072835
49 71 46414403
97 25 929683
14 63 8671232
3 13 15632879
5 79 457001739
66 21 89079180
22 98 7403871
4 85 361960953
47 8 5851720
57 3 600793819
83 40 94496542
57 11 62695102
20 64 3058834
30 9 19457452
3 47 76071859
61 83 52168293
79 56 608851536
18 35 56639843
79 31 618312408
10 3 88059081
74 43 7244717
33 9 8829977
33 63 3874293
64 60 977883687
57 10 326410987
43 68 1408435
65 67 6754437
21 95 897339359
9 58 52921221
49 42 832952511
16 65 954213967
28 43 1281843
83 59 301884680
40 82 79880102
77 28 419789939
30 68 670427834
2 43 3908358
89 13 393965298
70 12 36543265
39 45 47872229
62 54 30505834
70 2 88159902
88 54 17908897
50 14 4282203
31 67 509393414
32 56 621108092
74 90 68185610
66 97 533436814
59 8 8477134
10 93 9382255
73 48 5426952
90 15 8425650
24 19 544938910
65 60 92659542
83 3 53721407
74 23 48456849
93 4 7249311
34 67 701910535
2 91 91102422
90 67 57015728
91 60 2051402
75 68 95525608
65 3 590454290
49 77 264297690
7 53 183715830
85 67 212460
64 96 35071213
38 43 8564223
25 36 73710526
64 47 25827
29 76 91936564
74 84 889207
42 4 16564171
88 44 2971127
8 76 7509667
30 33 313256
67 64 96009945
2 25 55142689
94 3 1866374
82 69 55537921
94 50 454136930
51 76 79959320
93 59 67549199
29 24 89453823
82 46 929654961
50 48 840876
33 42 9538864
8 31 181550353
18 8 481978578
65 34 43759931
13 1 5101598
34 18 7514817
100 64 5965779
67 32 90202158
16 46 75324687
28 24 4310618
15 57 6188344
20 59 282993482
56 100 6658623
82 20 168863728
60 57 928375347
86 47 2571286
57 91 75573457
37 79 1861570
86 60 3454431
15 3 520161633
69 67 62650403
66 19 3515397
32 82 24754989
40 85 421744058
46 12 961446225
100 93 6139832
34 86 4019601
98 42 3593656
43 93 148008595
16 55 32612826
56 53 7445090
95 41 58487702
22 97 617551636
89 32 27803650
52 16 53362894
19 88 729260809
59 99 4065292
34 81 5369573
45 31 384758340
62 42 19958903
87 10 485721916
64 83 5532108
40 73 75157647
30 17 278748924
77 50 47734892
1 62 319300
10 36 2615323
3 71 16313109
18 31 5747972
69 58 43691607
51 14 6332112
26 60 7801793
65 14 4591310
8 88 6777611
92 41 535593452
51 60 87125776
7 29 5164042
36 26 66272800
16 18 74185
99 29 522367693
8 90 4582427
17 67 5439089
12 68 6394919
14 69 41949470
32 18 729920077
46 53 237677349
66 71 181532062
56 42 7936543
78 64 3183603
11 32 8220464
80 23 690790281
34 97 21879983
79 50 9700637
100 4 360171231
80 84 4280114
36 43 253261943
65 58 7562335
39 54 449549158
73 97 530279
5 71 411112415
42 93 32494834
62 28 28245015
26 13 72844747
62 67 13538045
13 60 83240344
11 1 3058374
28 22 559076513
78 71 825072721
68 13 2625773
47 67 4668891
44 17 976798445
1 24 3569485
74 17 84967702
14 5 70175223
40 91 480585284
12 90 6122795
17 24 6542728
36 35 6915779
52 98 9951479
18 13 4238056
90 59 2759481
43 60 54910522
22 24 42762878
65 52 303120458
38 77 73312311
90 49 210334329
14 55 568062395
98 55 99750378
96 76 259959
65 66 11457910
74 27 430946815
85 51 5492361
71 4 88134392
80 18 40588124
93 21 30126789
72 11 339858065
50 51 9870922
5 46 35687640
75 98 63334336
63 48 84184273
69 26 39253206
29 11 9630886
45 33 80096829
68 24 153149
2 29 6181942
25 62 7327852
94 64 98487498
21 82 91074906
84 32 65777790
39 96 2927487
39 50 148527016
61 57 300442460
42 84 63598820
91 33 93716401
95 74 1566624
42 11 28384055
24 41 957040768
21 10 5639534
32 40 54880054
19 37 276665464
46 54 746349710
98 29 4458209
60 41 7610339
45 67 52719646
61 24 8499501
20 46 23316068
83 43 18345254
63 69 53272761
5 1 2787556
28 76 5242519
20 61 97088147
34 7 6306536
90 53 123167425
24 79 2417540
22 70 49224179
72 69 7716510
33 88 81592422
47 52 654738681
73 89 47013986
19 20 571470
80 65 966777748
39 57 85680960
30 60 144841603
67 70 51815779
26 94 737594819
78 90 8778209
65 69 3602780
37 12 128866610
19 63 12706080
49 95 567323784
83 75 55066471
12 86 1540035
93 84 5246808
46 70 1101986
6 27 4259553
90 16 521604697
11 3 918643
60 44 85503284
3 74 24604609
14 68 59337834
56 91 8490230
67 81 1662595
25 57 356727197
5 97 294884048
20 12 8002633
70 74 970905328
54 17 9960295
42 39 68656663
66 7 5834081
61 65 52092375
40 41 793088043
58 46 437119043
72 73 9621127
98 17 647250399
87 77 84029894
1 73 213665615
53 1 123510157
48 76 3664697
9 37 310910710
17 19 97057825
15 64 5955782
95 86 979423450
20 43 8747956
47 49 8064749
35 83 39106443
48 32 54136035
58 41 2302176
50 47 2571894
1 27 40143581
81 75 86059083
83 62 30601
70 16 4219585
14 90 5996760
79 11 994566704
32 86 85931397
12 44 6189840
13 8 7218302
63 56 4843629
68 46 768069062
18 7 91350625
87 99 21755504
83 77 3883706
100 3 3761341
36 38 790239
87 50 3087978
38 10 52524430
39 81 97710891
84 1 4920643
66 46 385464598
12 41 4418704
39 77 771127136
75 45 82430449
69 34 30865783
32 53 9114042
37 7 7802482
22 60 22730716
70 5 83640085
40 23 6907020
48 56 85750326
42 99 10522775
4 55 372500
23 8 16536705
27 57 56353813
7 60 56538129
57 59 6718534
39 69 1867557
11 40 578035604
39 22 48495915
61 41 58447882
36 6 9155004
29 79 343790126
38 70 783598726
15 60 7351327
38 14 717780072
69 29 520764069
63 27 850332035
28 82 45650787
39 86 9438575
10 71 968108
69 15 862667975
58 27 6491685
67 51 80733257
43 51 44619516
99 100 77985097
47 9 39597445
92 81 275713384
21 11 5258514
93 9 746312896
65 70 95356517
26 43 29060059
100 5 334731481
84 55 612937463
100 42 381430220
42 24 954335564
11 16 3595709
98 49 998674864
32 69 4402849
84 78 3987636
24 75 985613538
94 47 8621858
25 8 5032226
92 99 697199600
64 61 1502115
62 81 151468488
26 42 714257363
66 100 6885005
89 10 26474322
37 41 96194221
52 41 83245784
18 89 554935288
89 83 8429428
28 34 8381531
22 99 693498027
100 43 45891543
65 20 212039436
93 76 98496906
54 83 55850254
67 71 82616408
15 51 39989527
9 18 24591966
94 46 974282
7 10 801174021
98 39 247546
95 47 2929305
96 29 611103962
5 67 39660889
74 86 38062528
63 92 46340141
39 63 95310101
85 93 745531
24 27 61993131
53 51 1182706
33 80 337145
8 4 495197327
10 35 96213335
86 27 795788727
71 72 26254381
74 50 79122421
22 100 980618683
74 42 19378893
6 2 8627590
19 53 2383377
5 42 7570436
21 94 789308748
58 2 21755334
13 41 6339886
13 7 2145614
22 85 41839087
95 8 826251911
94 49 2406476
60 82 756250589
54 82 921782742
76 94 391969675
72 46 78628354
4 63 161549
57 1 960380680
36 15 1159854
44 73 54962143
17 16 208626116
55 42 11689964
39 6 78577472
87 73 836737096
32 68 9348344
5 98 9081480
55 36 3862271
88 65 1004391
3 24 6024472
100 13 1901071
23 33 76822283
8 38 45982908
6 47 358019368
57 56 575785230
63 1 742076680
18 24 770027894
4 52 298269658
15 63 726253848
3 80 967801
21 7 556085192
10 56 97606307
68 51 4989583
18 40 77506191
26 85 76409095
66 3 9883335
23 72 293662397
32 20 7254722
46 26 4183125
13 55 65145976
12 73 1972419
33 1 59165937
38 26 145590850
20 72 47608743
51 16 8964703
79 70 3466549
97 45 61482823
29 51 65411292
84 11 247599679
81 9 3978525
74 60 56842580
96 12 31967814
92 49 638536284
36 56 61798515
31 93 7139638
99 91 85382882
93 37 5027061
6 78 8950588
95 78 91264469
59 42 2144120
19 76 8911575
89 58 431580067
84 73 75586123
61 68 4115410
4 43 7982995
6 67 9436848
52 87 81731944
58 48 548815122
31 32 868401049
98 99 854339052
4 72 31277808
52 93 1096331
100 1 597412
36 12 32159649
4 32 1954243
68 63 3297054
70 15 754848217
37 50 577009315
76 14 4795828
48 5 2408643
53 3 226493496
96 95 688056144
2 21 61030613
59 7 9375666
100 67 36822063
15 46 9910550
74 15 1512077
37 39 1971908
64 95 3785869
50 62 72261918
17 100 4132448
65 9 30089783
58 87 6848388
70 35 6876610
34 37 7398876
78 25 5139293
95 33 847112214
9 7 19416037
27 78 30188797
75 27 10709867
89 6 36084945
28 72 4817323
40 37 255063779
37 17 9462972
96 32 2643512
46 38 27596036
8 52 982996
2 27 6877032
4 74 35199913
67 23 161951699
9 88 76295399
37 14 5433879
99 49 427923649
68 23 5821989
15 49 908631435
61 63 8576417
34 44 242368022
11 26 512374804
13 87 18975158
53 84 74597007
93 75 35892179
74 87 791834607
1 56 7514327
28 71 387683
79 35 958788123
62 100 960049314
60 11 457255666
23 73 587858654
91 16 30800663
70 62 6123158
53 48 1400125
22 48 878612
43 71 261221672
87 5 9353828
75 79 84903856
19 18 4032548
35 28 151285859
9 46 5481400
57 88 7462403
34 2 26610007
31 3 1320565
83 18 675095749
88 42 6407798
37 85 113376982
65 47 1213641
44 18 891236998
86 11 1837511
21 17 4256474
22 36 36051033
75 18 94790575
9 59 602286
80 49 44560189
73 67 1933206
58 19 7251969
43 98 5172708
33 84 478343463
11 50 709389729
10 47 52210783
32 83 798866962
4 65 21113135
77 56 815118187
89 93 656244847
18 33 574547
90 64 38805216
14 8 58034821
3 38 20191376
90 87 495027345
54 22 9457675
84 67 15670810
86 40 4043817
2 53 15961354
50 1 78529617
62 27 26110662
99 39 11766529
63 31 323484722
39 9 4006031
24 97 98259079
97 94 997630718
7 55 899726605
67 55 81985179
13 14 957978213
74 36 773854400
6 97 694895837
86 70 399892
52 83 59180580
69 51 88231058
88 77 4030229
31 75 724818290
65 72 91504825
58 29 1384254
82 95 399503
89 90 6179177
57 24 36930842
84 25 85295969
72 57 230549269
34 54 33096708
96 70 48828178
18 3 496198099
44 47 607177243
64 42 108178848
60 53 1798892
56 26 213568378
28 19 8725643
83 36 6612258
48 36 9425979
25 60 6877352
82 33 2592651
59 58 84905402
97 86 4546091
86 46 7630599
64 54 640521777
55 78 3291627
89 74 62053233
80 13 659597580
79 72 1008420
88 41 4087841
51 33 854946619
26 52 9647073
98 31 1041175
89 80 238624629
81 97 5046484
81 1 113148219
62 98 586025116
15 1 2237723
16 33 794689573
65 81 88010357
80 20 418130642
4 90 44109119
19 87 52372302
75 33 6648076
34 17 53375651
64 17 4188303
70 25 69599219
84 85 64545615
41 86 31186048
92 60 9412662
69 68 7622006
36 18 9631672
84 96 949882251
78 30 698267771
7 95 42082140
10 48 66063248
2 10 44121958
4 58 2530911
69 41 954075056
97 100 916170
92 40 6794136
51 77 7663621
38 40 105088
71 1 545357694
70 23 5629420
60 88 856531848
40 17 28730310
15 77 1195688
25 4 78652884
34 58 3017437
1439189 51917910 667169982 4065547 781519199 808983424 94532762 7182343 1117911 2487122 2728953 73468196 60787507 7036625 28086702 9404135 33255291 8193857 75474589 988724594 18078177 326579376 442684494 52540621 114966 239256948 62908328 1316273 46514648 38318441 741000319 417863960 98196224 526629282 11544828 93748422 6060569 5856166 74910757 60323076 8529538 265826055 7776259 980815117 2999121 746109003 3130660 2104123 806750676 7019518 32144426 612296801 837926898 5509142 9995696 625878018 6626248 527244771 473201992 40370118 8920822 1054005 25307187 8372616 47206482 5229519 993364627 45312194 446661158 75091 2231525 41384343 81194655 8760894 73607154 530471 8565079 94703520 5607130 4811333 714061588 92358707 115740737 6312307 5824222 43006539 214872273 74403933 4263542 2636426 9820588 477289283 25533462 602270370 4549510 666769 46373834 119529023 1471275 1911071
52498968 2874505 5716128 9416548 87060017 45538955 392183078 80751355 1417271 910614272 55966074 71182211 914561139 7583117 3988374 3720930 226830110 8036636 258044035 53638991 213595298 9235107 86088504 67051766 826061398 237459 150700322 26152788 461840771 46968451 1741146 207414078 20965089 865885228 7323546 935487484 1972605 2337712 838326 139729197 3714265 81556153 867332589 2053230 287423833 47182199 53563418 60125326 90668089 3095842 7646230 919029759 727412019 39557222 53071166 8906256 2095693 20591648 4398206 2265030 3445412 764107246 1322023 8336948 37149711 4913384 82630824 8869430 890696 75706644 27280808 291338920 8446050 8362249 33329715 6356385 792840013 40712335 607607231 318608 832714717 9832276 920983579 1526722 269531803 6390315 642463274 7791676 272412202 920874578 89607576 196009734 75680132 19677675 169775403 55589523 353516608 5334824 43345932 8324930
898
49 26 8330924
61 79 2424614
14 6 7643069
72 11 52548937
23 15 24249530
70 8 61399134
19 14 693112369
36 82 15808799
1 8 74922770
36 58 83076922
60 44 39081258
20 59 6113988
42 5 2384254
17 86 789044344
29 32 11250708
69 13 654265836
7 39 2787601
50 74 946946246
1 43 4362689
68 60 65192123
80 97 2536784
45 79 55831449
94 47 3583584
93 13 636028021
72 84 426307427
94 4 671489294
100 1 3913685
81 10 926370579
70 29 5332393
21 80 341353696
51 23 71538762
31 72 899155621
39 22 9321804
54 18 7644177
32 6 71866120
42 96 937130554
19 53 5038989
88 75 201992877
75 50 60342376
62 52 91432158
22 86 9709272
31 23 12627860
94 3 18486535
68 75 252711232
15 69 4416135
30 78 71650481
81 64 10299852
32 91 44005834
98 2 88354510
60 10 3017276
84 40 1160710
55 14 7969682
9 61 17750631
26 93 6811151
97 67 418939422
12 53 9881301
47 10 2763543
78 99 2882033
21 26 386439320
69 75 658398155
56 35 3225908
85 52 44693486
72 89 25831934
15 8 55001601
16 78 8802263
34 90 43510371
89 29 10146495
37 7 121442480
44 15 89997436
6 75 637477134
29 64 42748758
28 45 7783112
56 75 8874339
23 27 8937157
17 46 2226755
87 97 3882375
56 65 801433
60 31 3075846
27 89 882569323
97 79 842158774
26 100 399187381
80 74 763822801
48 91 45020864
93 23 429604078
64 95 271985388
22 5 3605049
99 83 605736525
48 36 126843253
71 27 839849
24 57 4904770
57 64 7317866
30 37 2301010
29 52 74903114
21 73 4152470
96 89 2736649
88 38 46993512
54 82 600821714
71 43 6407128
94 37 38619348
55 28 67583079
71 93 189375562
99 70 9227563
56 70 18892382
52 71 931368255
65 18 526665306
21 84 17687655
98 23 7803182
92 37 919749896
14 59 8147868
64 34 91169604
11 29 1325424
27 1 78604909
89 97 61402268
42 11 72913808
42 26 34323754
54 14 14385885
2 68 5453203
28 92 20551143
47 48 54482885
3 90 9336019
59 70 954615542
77 7 8761892
52 3 48298690
16 26 43103425
24 84 586384780
46 79 288073270
4 13 970246023
17 23 877862634
54 43 3692943
39 4 99446082
45 89 14185308
80 43 544725972
30 25 57535937
43 12 267938542
15 62 5984459
98 10 126929052
55 29 84985289
9 2 932705855
48 64 425231329
93 69 7103706
53 38 29512265
31 83 712790377
7 76 6863302
86 51 31411960
39 68 5767153
61 80 975449
31 34 4214681
72 8 948456163
11 47 191460053
35 14 2041747
84 3 62637255
28 42 50748807
88 16 28420208
14 90 697325
16 24 908876037
41 97 79055244
69 87 4430260
18 29 1700748
64 35 924441959
41 33 538954326
76 71 96757457
67 87 6226097
90 64 330570392
8 5 9179567
7 14 47300377
57 85 7699093
56 1 3339183
26 54 938730089
87 96 1352198
56 20 92052280
57 10 39904125
43 63 493638127
29 35 6941819
51 33 41022177
55 8 77185457
96 94 807307127
1 18 66295225
10 20 150311469
53 39 7201528
40 14 37204862
83 46 4233149
36 40 5495632
30 18 408262387
41 75 7912873
23 22 46223879
81 70 36833257
80 66 7128834
5 11 6545212
59 41 83307221
20 96 51140503
24 11 55920363
27 18 859025359
82 83 35368081
57 15 8087615
92 78 51649139
100 33 11917719
60 19 8890000
64 99 9252149
85 68 930516500
1 63 597747949
91 51 4580525
44 99 29805711
49 8 22716504
3 29 5379976
58 94 507979074
45 47 1988826
89 26 3935826
95 77 121663969
61 93 6485938
26 85 7286292
45 23 710766258
87 56 366581206
28 30 4056930
85 5 474730542
37 8 9066156
38 21 91892462
57 90 565926822
51 61 732006886
15 24 4037877
81 48 6873841
6 81 67811237
41 93 861117776
64 1 5512948
66 54 65886576
37 84 610499631
42 95 12632007
82 88 9974233
63 97 3695247
7 87 44685152
21 25 221361261
11 77 97674613
53 76 5079231
8 98 78466406
56 91 81329457
61 28 406423831
7 85 50019644
87 100 336845
30 60 767913567
40 73 496181176
68 90 61254289
83 49 95727202
95 65 94567260
42 67 12087220
73 66 220298746
94 65 84400078
8 34 775232
94 32 854625242
80 84 455954453
42 38 3179238
28 24 5404129
24 96 8510373
26 51 365513
37 97 739494
67 3 7112152
39 62 87171596
28 62 747175647
39 28 79055905
54 84 9711522
43 59 963488599
29 67 42081410
100 29 8640194
66 85 988163770
4 69 5084671
34 47 9554712
7 86 9293046
15 54 1934697
87 8 5403469
16 50 547842502
56 45 710175
69 10 2351131
49 17 4053691
83 58 31041177
21 70 499043764
22 98 808094790
34 2 76500718
98 94 45457819
51 71 21524860
72 76 36115972
91 35 33192158
51 48 47031154
58 99 11654444
31 35 43599788
41 87 6927319
99 31 15468516
16 6 944199
71 68 67446690
91 21 39388108
8 59 3755482
80 6 7495010
11 41 436800
91 72 3348892
90 95 5592005
49 34 98864
4 34 128061111
72 73 45437913
37 71 645378812
17 63 64177257
11 2 266503844
67 89 41588842
73 62 4711144
54 74 7837325
65 16 956496588
45 10 35539600
40 62 51323225
15 21 8975814
13 75 7447515
66 92 204987
66 75 24750876
97 39 683765
9 21 5884240
84 77 19008044
5 17 382094483
58 84 30242921
84 36 270059344
32 54 5047902
48 24 53749146
75 97 91022441
91 42 2280547
52 8 3420754
36 22 900896665
99 6 80386579
63 42 25618725
70 14 285109643
57 61 4480075
27 35 4892205
93 1 1265409
5 23 9332362
32 56 39947414
28 52 606918519
12 24 53545455
12 86 259353721
14 11 582476475
30 53 837009213
53 85 464457615
63 83 28951721
21 43 753835328
7 61 511828434
81 42 555956557
42 10 1931909
44 48 129698500
1 35 6733485
11 39 754053558
34 3 755661961
75 30 10159287
41 4 145212139
74 76 4001752
42 12 3315461
8 28 9762963
58 29 7258201
76 99 4116445
73 27 225862688
61 87 27955487
41 12 73925928
82 80 35559191
14 48 18625972
56 28 1949363
54 77 45995005
49 37 61339814
10 23 461377
37 86 9658879
71 33 767772231
94 81 3501936
33 3 75676803
14 60 8006584
52 44 620252858
68 37 1446776
35 22 522875346
1 12 237528450
39 87 71716745
81 17 1797308
66 2 70948379
91 63 726760954
13 16 351070611
62 29 38061412
95 21 525831
34 52 940281166
34 59 3422064
17 90 64419181
96 100 9185181
11 28 650564510
69 76 73283464
43 90 34633876
94 1 209271834
18 58 541416189
75 54 8336993
17 72 43314222
27 41 2127529
43 14 61464765
50 78 22565840
92 55 47748554
90 13 3255733
55 20 264346
68 44 4069293
20 27 48305004
60 79 56506509
81 23 93573837
96 68 710334605
55 48 51141254
38 84 8990697
82 31 63039144
90 8 8695460
33 85 43444879
17 35 2515712
98 54 566066219
34 12 44333242
82 94 833509445
99 17 50225842
43 5 55287086
80 2 7431509
79 20 755282380
80 8 18134997
58 7 16515069
48 97 441274261
44 54 560295913
26 74 309846
63 84 1518892
19 95 487025523
50 56 7225407
45 8 855766358
89 12 67056452
56 42 60924229
3 70 33491407
94 21 7591575
49 43 398934531
54 19 895827719
20 76 3734890
3 5 32794881
12 38 1133669
64 92 162751677
11 27 52916294
88 81 46383082
27 9 60486524
54 95 2973036
86 28 302863450
21 69 4094949
72 83 81586615
85 95 43234774
17 76 948199
57 86 91204071
85 17 2556496
43 10 42061910
7 48 9630493
50 67 9474734
37 6 407431057
15 66 78625398
58 57 4353303
9 93 487448241
72 7 26436048
27 81 1173972
66 61 38696261
70 94 47406338
17 31 5567656
45 87 6507964
65 38 9093109
90 69 73287240
7 17 278551427
93 47 76693895
4 10 74032432
20 35 866896814
89 60 6508613
70 100 6720988
69 66 74853380
33 44 226736640
43 9 164479848
45 20 257481922
70 65 1516199
47 82 800219751
66 6 2143670
76 56 300770106
77 14 77220401
45 98 50298775
89 95 14678639
74 24 580031796
83 77 702737908
76 8 5816574
68 29 79510130
7 29 10567525
27 96 79509940
91 1 55715158
78 90 5567496
33 31 711439418
76 34 8557230
70 61 92774421
75 59 455853
7 25 965028638
27 82 8122818
30 32 11220527
54 49 354498
38 50 9170323
31 97 3910485
97 14 944902065
79 81 2875419
18 48 37981830
28 71 553935969
5 48 7697345
77 41 456941
72 68 99390810
63 18 32870221
82 2 843914253
51 39 69383537
71 64 35846908
42 70 389383470
88 67 380713059
51 78 5258416
7 42 766254172
9 95 9822379
23 85 783077371
71 83 1561823
46 32 4535626
34 35 34823926
44 67 6644014
27 58 679846170
84 22 88472014
65 71 6664489
80 20 49128936
16 51 51871787
25 14 913673951
85 75 51148945
78 83 172735
90 54 2188950
94 10 632867422
63 20 4029142
27 64 255277039
86 33 43040513
28 84 677621703
87 75 273711930
13 96 19025799
7 54 7938973
17 16 14797671
10 77 6192070
87 24 66950808
36 98 7184379
97 32 445082
74 52 7588986
71 86 438306669
88 26 12783
40 60 227209079
13 49 414434613
65 75 74557197
57 82 494975258
1 29 755833169
96 4 4651035
15 36 7289622
93 27 687346105
47 15 7798107
83 36 1301938
52 16 96571075
16 53 664199206
48 92 83419109
87 23 969812200
87 29 3807566
3 100 173420335
27 30 63927418
21 12 9640424
72 34 6607987
32 3 3619071
84 44 90759544
89 1 963056572
40 75 612482158
62 54 18041943
81 40 1062959
41 10 601939538
62 79 606725838
46 53 79368229
54 57 290175663
83 79 73447874
45 72 87199088
46 58 96165844
83 84 7289069
85 28 73458036
19 47 64230367
93 67 53955802
57 32 8173240
30 13 8514653
4 17 957329779
11 54 676599403
12 66 75186366
25 75 279413804
50 36 779067360
14 26 8442358
15 86 3478906
23 73 8577696
86 24 7357285
11 69 2534886
21 55 737575474
56 53 140418671
1 58 2900200
89 35 799234609
38 6 843221570
1 20 82168170
14 64 576605794
32 19 3914773
55 60 906618510
43 95 31613105
99 82 4704109
30 64 59145596
97 21 12198338
57 53 86564733
9 17 20509679
35 38 25215687
18 91 60563223
67 81 6971889
83 70 28995599
93 18 7109835
67 34 6787036
64 5 215126766
56 51 23701352
83 47 125454778
84 23 2929633
46 75 22015913
73 34 71231420
21 82 910098861
37 69 56491929
76 97 3529872
21 72 5916146
85 11 447594724
90 58 43228506
4 22 8140821
32 99 9059548
4 27 7860075
66 4 3895545
34 89 30310907
13 10 62819791
84 60 3195254
41 46 4177706
68 94 6644602
71 45 53052044
47 31 2535497
14 12 6148753
93 64 8282089
88 30 196742
42 29 810523489
20 75 953651281
92 90 4352016
69 88 695141002
53 29 985103054
56 81 399611503
57 91 8746262
71 7 18893708
52 46 8193813
81 12 997087356
100 22 5719740
34 28 5540141
77 15 58144323
95 10 7793304
49 21 1908300
88 41 7691605
73 24 82787412
28 82 76841605
1 2 31747177
45 78 425867231
8 68 85793214
1 68 815608720
31 5 60521986
97 90 2836844
13 88 26777514
95 74 71045797
98 75 1157214
4 91 7917303
53 78 9083749
30 100 660407313
33 40 3327212
64 82 9239325
47 79 234357936
46 12 954309721
23 68 306966
55 79 992259098
88 4 533764750
85 40 996910831
51 95 371565770
2 78 937314772
79 98 46446255
50 15 6421439
86 80 79305604
96 55 6550434
41 70 1901276
73 93 743248921
25 70 4353691
71 97 34205325
72 47 754322
39 89 17594869
82 8 15766713
24 40 385163545
21 88 6023035
5 79 1585127
38 66 1645910
34 29 974938641
86 46 8390785
40 7 31415545
1 26 7218133
72 33 2512080
68 98 4635933
90 19 554610271
83 65 42887114
80 54 47240785
25 62 582758310
78 89 9328902
6 48 4006812
39 67 96696446
91 52 624918261
68 3 54140494
68 28 998132471
25 48 47960830
50 89 3968566
2 56 2223748
21 59 512314605
74 79 3775335
27 6 21109752
91 53 57287477
42 66 7442437
13 20 5839529
59 1 17298012
63 90 9323514
57 63 1152365
51 8 3305226
69 9 622381030
79 17 2378277
67 75 219945765
88 5 8666480
11 49 36466208
48 77 155308584
96 53 6889210
32 15 7637562
16 39 8402361
51 62 235946439
84 79 721438300
43 85 51306866
21 23 28415741
80 26 9495841
57 100 13520780
79 82 6855956
33 2 648743236
6 20 1634834
77 73 76970777
53 34 548986208
8 95 7431792
38 72 7855826
11 3 63830335
41 30 2624757
94 79 173741661
55 42 85073275
66 50 102220751
74 70 242797885
14 33 167201397
45 52 79453219
58 50 29141898
78 52 929395159
62 87 489029267
56 44 916862
72 28 252865847
63 55 3061803
73 33 2408209
32 87 1677552
31 75 5859748
42 69 6164900
16 32 438971
73 90 680897586
39 57 8930800
93 29 545896883
41 51 504488510
59 30 94369578
90 50 51105075
55 81 4336030
14 78 34905405
81 84 5800648
76 33 6701577
38 73 96792
63 32 6394616
71 18 26016525
31 57 4617557
57 11 7310430
20 70 1578740
91 26 837121464
70 86 8474824
58 89 5209513
3 28 207503672
95 40 70168031
16 82 1654878
34 97 2834301
26 37 119680762
66 21 314421448
22 11 679651549
51 14 520708059
54 58 2872640
90 100 2420635
13 5 1607090
73 47 670840122
79 75 122746222
33 62 73559057
89 16 674376880
81 85 72578827
96 6 8071871
75 12 7313909
86 34 487492252
93 36 31061533
43 62 233950247
20 83 5580716
59 68 4134095
65 79 87265408
17 21 31946917
19 93 82099503
43 2 547028761
2 14 416221
19 24 204317529
16 54 312171401
29 2 8821487
85 39 83491399
18 70 7423274
87 54 35127054
67 12 91470046
6 85 502348121
71 46 17627154
38 78 234404812
28 53 535178
82 5 8100094
53 22 55012217
45 32 362795730
96 38 4508279
24 20 78198888
15 28 920488240
71 54 58761615
95 12 79562575
57 2 7561455
96 65 8644950
45 36 738540545
34 37 4825233
7 78 3229213
81 13 96728560
27 88 67992993
33 59 85313787
86 66 3105910
71 85 54709952
25 79 7591806
71 41 447954277
60 97 846980874
11 63 597428007
49 86 25603201
10 88 300562117
32 86 63534463
74 10 32663759
50 2 4656164
9 28 884012102
2 19 515904084
64 39 97787898
84 49 94315950
7 28 61154535
73 29 51076776
38 4 8526139
71 72 6030869
77 43 991674816
69 24 555818698
27 31 9300383
78 77 59381808
43 91 67130152
62 88 62936036
48 33 46254853
55 5 937492169
68 22 10860445
17 82 907640
73 69 2000427
76 57 1584610
80 23 346547102
91 22 515491206
67 46 94048656
57 72 712536645
87 21 73437842
70 34 8610959
58 4 86172303
81 33 2846678
42 64 534994287
91 69 75677947
98 58 2105299
59 69 46543464
42 23 4921277
30 5 43195768
42 74 35174591
10 26 1140119
35 66 48716370
61 74 490573047
65 87 740326848
17 62 215104060
54 96 219836282
24 61 624171603
90 33 30864860
5 14 132389
69 82 5619402
62 71 354619265
22 40 2270279
25 2 8456847
56 73 3035848
7 95 666196699
89 68 801989555
70 17 905828203
96 82 84398077
10 30 15150239
11 8 7098803
33 87 7210675
93 39 61570426
