100 3
643 77 3042 8232 47 806 801 5895 50 80 8275 368 5563 7147 2026 22 73 928 885 549 78 48 62 557 58 18 40 504 804 37 37 44 33 7289 113 702 94 88 9856 71 38 35 155 2 6 25 10 7613 411 42 27 376 360 310 383 1471 715 7669 872 140 465 648 3888 957 83 797 458 106 4374 4436 53 894 1746 9862 9482 528 814 15 527 47 76 452 598 6 996 4029 2300 914 30 8858 5385 8594 14 14 828 9973 9313 57 107 1389
8028 69 581 463 20 3996 731 5313 34 775 938 7533 533 4445 9 71 1208 4884 28 20 398 52 3073 602 3610 77 8733 80 4577 90 344 4575 420 6996 942 824 87 202 826 589 75 439 827 945 45 6799 2746 340 46 89 762 1 489 601 80 227 92 991 483 3664 76 376 18 1299 6 39 11 3398 58 8678 1701 770 617 7555 536 625 9348 1522 216 65 8797 337 10 266 190 2917 27 214 718 7574 33 7573 7244 856 780 788 11 46 6890 432
894
59 37 465
74 93 831
28 55 912
97 68 4110
33 37 77
36 82 3
68 49 252
45 89 6611
100 56 1443
45 67 7800
84 42 127
9 80 33
30 75 5
39 41 456
84 73 27
95 23 9674
15 13 110
54 5 214
63 32 53
61 96 6
51 5 970
15 81 863
29 92 3339
10 78 723
16 6 78
33 68 1092
25 36 2708
48 10 7045
76 88 8933
1 38 183
66 61 6144
70 54 1142
21 67 3711
79 69 34
13 64 32
87 6 5352
40 37 67
8 75 1
31 13 8595
6 96 5915
54 63 733
36 55 523
30 83 5471
69 47 70
93 34 39
53 16 720
85 17 12
23 18 8155
21 7 98
11 98 63
44 13 986
35 21 26
27 97 7338
96 98 9552
47 35 79
39 38 59
47 40 2722
53 56 41
97 16 40
39 12 9279
98 24 1
22 41 16
21 56 63
62 17 1
46 57 16
17 94 56
35 9 6632
58 23 596
28 32 26
54 20 747
88 57 162
58 29 185
28 11 3604
76 63 1947
61 7 9743
36 96 5573
28 81 14
24 8 39
61 14 41
13 60 31
42 25 77
13 33 7949
21 59 76
7 64 57
36 58 8341
58 12 9
88 62 12
51 18 122
66 77 872
34 24 45
89 46 4869
20 71 73
40 72 64
40 16 8
19 84 79
84 46 968
76 17 63
87 72 97
51 13 4
46 70 7407
44 70 633
2 10 99
5 37 545
58 93 4
4 10 2
48 99 18
52 65 3436
87 23 5204
78 91 5313
77 47 121
80 33 10
36 48 78
68 48 20
70 84 2426
81 90 60
93 28 491
51 73 69
33 96 178
21 38 777
47 38 196
7 14 73
19 97 745
45 7 8062
26 16 3400
68 64 95
93 72 2596
14 31 8
100 53 2352
27 70 74
8 1 39
8 23 52
88 64 60
43 76 978
22 56 8384
27 53 94
34 85 38
8 42 697
99 40 37
21 2 46
19 71 40
49 12 161
34 73 70
14 46 3095
55 37 88
50 42 94
80 48 36
7 30 24
61 8 95
75 93 26
37 26 8216
71 81 9946
8 76 80
14 43 489
19 46 2500
92 68 42
71 12 92
4 86 4758
1 65 303
21 3 322
45 50 29
28 20 603
90 72 189
79 63 2286
49 64 97
23 4 1561
11 65 6096
56 6 22
21 76 8259
28 44 1
34 76 515
90 35 413
10 27 36
100 80 3632
78 58 2160
56 45 65
16 85 13
24 45 193
8 62 726
5 66 5540
3 52 5374
8 29 291
73 50 6548
30 73 82
29 68 911
18 29 3405
51 49 80
75 79 66
40 31 8163
29 30 63
39 43 61
9 34 617
55 31 708
86 18 28
62 73 56
2 58 21
7 89 68
80 27 9012
18 9 2997
19 93 214
79 26 58
62 35 623
56 95 7569
7 100 7557
2 99 29
51 89 489
25 53 7526
3 100 305
37 22 69
28 47 7480
100 69 102
63 31 659
17 79 37
38 65 944
83 89 5829
19 50 82
93 45 20
43 97 7080
35 58 3730
63 43 77
22 72 93
21 64 74
15 46 5743
69 86 47
70 32 75
53 73 253
96 20 21
20 63 27
66 56 27
68 54 6715
30 60 85
2 49 64
4 72 9385
45 25 33
95 26 50
1 30 31
99 41 5861
82 97 460
15 29 2123
59 81 61
62 51 24
83 61 635
64 81 3590
73 3 634
29 6 13
89 85 1453
94 97 2755
37 43 5899
81 42 7626
49 61 73
56 48 1930
3 2 55
84 69 6149
60 25 4289
74 76 2769
54 80 72
64 37 338
74 14 10
6 35 60
10 62 24
76 70 194
9 97 4970
90 77 18
16 98 594
3 71 548
68 73 3
16 14 5355
48 85 38
19 63 953
11 34 4351
15 7 857
5 85 100
67 92 43
5 81 8011
42 88 269
18 89 17
32 97 2908
4 42 986
74 84 73
53 35 51
94 26 47
2 81 1324
81 29 371
84 85 1
58 17 680
7 38 709
30 55 75
3 10 356
72 74 48
42 63 4884
49 3 6554
22 31 83
92 52 550
32 90 867
56 55 67
48 45 3616
96 52 401
82 29 63
42 27 54
57 29 82
61 38 969
14 79 5819
39 18 428
73 55 5604
19 51 45
3 77 366
7 67 67
100 27 87
82 68 639
25 55 11
67 93 381
53 78 62
73 80 801
91 2 249
63 22 8389
69 26 711
44 29 3657
64 17 424
82 42 684
31 7 47
88 14 30
79 19 670
43 46 20
6 62 5463
7 12 7665
74 60 84
32 38 74
69 17 5225
85 80 62
18 99 4603
24 4 41
39 92 972
20 100 337
66 100 5
38 57 86
28 25 3761
74 67 5312
91 96 843
54 65 65
94 80 62
38 25 9988
31 94 771
22 74 205
11 53 4665
46 62 564
82 85 181
3 1 55
2 79 1545
1 55 653
25 58 6988
65 83 176
8 98 7511
71 96 32
25 84 435
15 92 100
33 1 9464
51 6 73
24 43 13
27 36 40
55 6 76
67 42 705
62 24 11
5 44 48
35 41 46
93 98 73
65 79 212
99 60 7568
34 71 29
36 81 489
81 69 81
2 48 299
46 29 719
19 66 9197
54 84 3029
82 59 74
81 58 19
98 74 58
44 75 94
57 62 93
58 85 55
25 99 81
25 14 736
98 55 56
20 59 513
24 22 18
75 26 1930
92 63 708
30 8 418
44 81 9600
68 2 692
5 77 4483
21 13 6677
62 37 1223
56 12 63
19 15 4354
89 10 458
72 79 1264
10 59 648
4 17 37
96 54 667
47 70 106
74 23 5844
29 35 537
94 99 6
12 19 842
50 96 92
72 12 5569
19 48 6098
46 23 74
58 68 63
39 42 545
21 30 21
18 53 40
39 15 76
80 13 970
54 98 29
74 96 734
32 81 2366
17 78 216
4 88 47
92 26 2780
86 16 342
64 65 8772
2 73 5291
5 62 7063
59 38 5
18 97 714
4 97 49
38 29 807
12 62 47
56 31 3776
68 42 411
44 58 612
18 65 352
4 68 6212
72 3 623
35 38 1887
16 3 12
87 56 44
9 23 165
61 84 53
88 31 385
89 31 1569
94 12 782
91 3 4460
2 62 434
47 18 4717
8 21 6362
94 23 33
38 44 13
79 13 3906
24 39 241
65 80 53
63 100 1000
58 70 49
37 90 976
80 57 259
68 34 4247
19 73 626
83 31 283
36 21 100
22 62 968
98 43 5836
37 42 76
83 50 38
83 9 5050
3 35 7635
12 90 2048
67 95 82
25 39 1023
47 3 79
41 8 27
69 90 8670
71 1 85
55 88 94
17 84 3252
80 74 4017
9 31 5722
23 6 4261
48 66 953
66 68 18
84 31 3239
38 37 76
64 80 6
71 63 8
94 49 28
36 11 90
88 38 8116
88 73 1208
68 13 88
50 58 6383
33 85 86
80 43 58
91 67 474
86 42 267
96 90 8220
72 27 566
62 96 629
86 48 31
76 28 750
94 14 21
18 82 861
64 23 54
57 63 52
72 49 184
68 95 59
29 31 4240
70 69 81
97 24 131
13 75 347
28 61 1290
18 92 16
74 36 6479
70 19 69
90 56 5175
59 93 850
68 38 5922
39 62 900
60 28 624
67 77 733
80 32 1672
1 7 83
12 84 709
64 36 772
27 74 823
83 78 22
100 89 5799
1 51 49
43 11 26
86 44 47
16 80 4591
63 61 35
94 18 3
46 79 7652
32 49 560
41 55 190
52 9 779
16 56 1756
20 16 7861
99 3 4075
42 62 1466
66 87 9425
85 14 32
2 34 91
21 37 5725
2 52 90
68 21 4667
13 97 657
95 35 531
12 68 8219
34 44 76
30 50 4996
25 71 135
76 50 9805
48 64 6451
61 46 959
38 8 3557
86 77 520
45 58 1923
14 83 632
68 18 90
83 2 98
69 83 35
52 8 7
52 4 730
63 53 28
7 74 855
95 34 607
48 96 97
65 55 784
47 10 455
52 73 84
22 33 325
99 10 12
62 81 674
43 57 868
72 82 453
68 71 17
49 80 209
91 12 2721
41 19 70
13 34 404
11 76 99
87 12 25
95 99 9
100 85 379
72 46 6665
98 72 9736
29 19 58
36 73 6
57 39 320
83 70 19
92 28 70
8 18 9737
11 89 7
66 74 89
72 26 86
36 77 63
20 13 86
75 28 741
51 92 7435
23 52 1683
6 20 39
78 68 411
49 59 617
64 6 961
39 56 1302
52 6 15
1 34 7338
35 54 774
11 12 5423
7 68 1000
63 25 1587
87 34 22
44 15 228
2 8 73
86 73 971
92 40 176
17 30 3303
10 41 3232
32 17 82
48 26 86
67 51 9500
3 59 727
30 24 6120
39 17 67
27 19 355
86 6 39
74 10 818
48 17 312
64 63 519
9 61 936
63 47 71
93 63 85
48 84 86
25 27 43
3 53 8097
21 70 37
91 58 5183
32 26 45
26 45 40
3 84 262
18 93 80
62 84 3208
73 100 3197
19 62 9236
99 54 1975
47 64 458
36 94 4208
24 93 27
41 91 93
18 25 6672
72 60 7121
27 15 646
22 60 364
26 9 894
52 11 27
85 1 8
28 89 39
45 55 324
16 44 996
7 24 3986
3 38 1046
99 47 500
14 42 5498
17 73 10
96 82 227
9 42 6592
34 75 1493
13 16 933
30 20 847
49 83 944
32 23 934
34 47 90
80 69 47
90 16 70
10 50 9075
49 75 6664
29 74 39
97 91 61
71 64 8081
37 51 879
63 73 357
77 73 82
33 39 4238
42 98 2863
34 48 9
73 14 93
32 19 15
8 32 65
49 76 866
15 64 7837
16 41 788
53 52 7336
7 87 8784
45 59 539
24 14 90
52 93 55
89 8 615
59 84 4036
39 90 194
95 15 4496
28 7 46
60 85 2848
2 12 51
61 13 7927
33 38 695
74 51 991
71 97 505
78 31 7531
37 100 6596
27 30 41
16 77 9528
43 95 1430
24 9 94
100 25 36
54 66 54
76 31 3580
50 93 18
19 28 282
73 49 47
68 77 20
92 1 8420
75 84 8942
90 58 88
19 56 42
83 80 7579
82 7 70
91 15 87
78 8 219
29 70 5411
60 68 209
19 94 908
100 84 3330
41 44 78
43 94 634
41 72 753
49 53 45
58 99 1774
62 63 2785
64 52 6419
30 96 120
4 59 76
26 38 44
57 23 649
44 47 9712
14 93 5791
51 9 832
22 11 42
39 83 918
35 96 77
34 14 558
25 10 1505
66 62 298
26 12 20
57 64 56
51 94 1965
58 87 7444
49 46 1765
72 34 939
8 26 5317
22 100 8209
28 58 7496
45 66 46
90 92 391
38 23 351
75 48 710
27 82 75
39 13 90
49 13 48
61 70 5836
43 71 4739
12 92 9037
50 1 33
62 59 7005
74 2 196
95 69 81
59 31 68
59 32 1933
67 52 1998
67 70 28
79 77 247
13 11 45
33 43 8664
27 84 7
78 74 75
62 92 961
39 78 1
98 53 4278
68 43 97
85 8 28
65 94 9746
91 9 5
62 28 21
98 89 86
78 81 2044
66 40 34
69 91 985
18 37 72
16 63 1804
15 87 35
46 25 72
78 19 9554
62 86 9520
70 79 15
2 90 3043
86 37 3269
13 87 7468
64 4 65
8 27 74
92 42 561
37 73 7531
65 6 31
12 6 4676
58 92 28
64 46 44
16 64 80
67 39 3314
30 99 5879
6 26 20
14 22 9620
37 46 368
71 83 8224
6 98 926
9 58 5467
15 63 9583
87 97 429
72 65 452
80 95 567
47 37 7336
73 10 70
62 67 9968
56 96 336
76 54 939
57 2 8946
44 10 64
94 77 705
36 26 3128
44 57 190
72 89 6
12 31 46
29 16 62
73 33 923
41 65 81
97 95 931
97 59 70
22 57 4546
1 4 868
19 20 3533
23 78 212
3 13 9
80 67 32
48 53 97
11 23 887
24 79 3872
67 14 318
21 20 568
52 99 4708
7 36 622
85 9 20
87 55 89
55 43 12
44 79 29
12 79 13
82 71 20
57 11 5692
30 2 847
82 83 9220
46 42 95
38 94 58
58 57 99
97 11 5033
24 15 565
20 14 27
1 44 489
4 37 81
42 20 31
62 43 58
24 12 77
87 99 20
26 99 75
19 8 88
91 86 35
22 9 37
22 85 389
43 10 727
63 44 5394
81 72 34
19 61 44
31 35 2975
60 47 322
97 5 25
58 27 14
92 54 94
86 49 670
64 3018 103 772 299 27 21 52 42 72 2586 4514 730 32 9739 89 482 4156 9562 741 799 35 11 32 74 48 43 666 6366 1330 58 21 4108 605 4336 963 916 40 3701 300 72 92 20 20 524 1425 197 219 10 93 680 390 4297 176 273 559 8246 7 7258 728 39 44 734 630 82 99 20 9454 81 44 9053 4403 22 368 1203 60 59 241 2256 3758 2156 972 5926 4 48 46 3929 62 419 82 8682 4254 165 382 44 433 6321 2266 33 21
50 9511 81 9331 348 79 3704 16 9830 18 7 587 629 47 53 48 28 8446 32 119 49 59 9608 77 7514 65 71 891 3 233 83 2053 630 478 90 41 54 6663 56 579 86 74 569 134 716 100 168 6929 40 132 58 31 14 69 62 1021 91 17 28 2807 2163 4024 3964 73 716 62 842 77 8208 411 60 737 33 3 233 85 47 72 3553 34 59 7276 71 811 891 603 6702 445 455 8330 966 3835 73 5285 4260 324 409 59 2 66
918
91 79 289
39 64 879
54 98 7166
90 82 48
15 44 15
99 32 843
14 1 6648
18 32 141
67 32 17
86 24 75
45 64 6862
61 37 25
7 56 8651
19 68 7406
50 87 38
83 82 3543
54 56 856
86 1 421
96 12 6875
96 67 6993
65 12 271
83 78 11
88 26 9042
53 33 3195
43 8 851
19 76 8245
30 19 925
16 99 36
17 29 514
51 86 48
86 11 532
51 46 467
25 59 151
34 37 28
38 94 825
98 58 1954
29 33 3008
64 57 6
23 54 3879
22 58 17
92 12 819
34 10 3926
3 18 84
77 26 4867
81 60 376
19 45 390
20 37 1
26 69 91
60 22 1594
95 42 5904
48 10 85
81 22 2877
12 46 694
38 44 166
36 51 44
64 17 11
95 45 324
38 7 7310
81 93 59
85 73 354
89 44 1736
28 51 24
40 77 963
67 79 560
3 5 94
37 92 8109
34 99 29
47 97 474
11 97 24
58 47 3341
16 60 9668
47 38 172
38 20 579
61 64 1886
12 55 554
34 32 48
23 40 280
16 63 1528
38 77 2144
12 4 54
71 32 458
50 66 7943
9 83 5640
3 40 7059
72 17 61
3 45 57
9 100 33
54 30 4216
40 33 5762
22 26 186
30 32 5886
50 12 89
24 99 945
67 17 519
89 43 730
60 43 57
22 10 32
66 4 872
28 23 768
40 65 52
21 90 36
76 59 92
36 49 9472
100 99 560
53 95 71
31 64 39
13 43 5690
24 1 8
53 75 598
10 93 58
88 45 582
85 71 27
97 87 956
44 64 758
94 11 43
86 46 719
53 26 256
30 39 172
69 25 23
91 59 5
97 86 738
65 1 22
65 29 7754
94 32 296
46 21 13
40 62 61
75 47 9152
16 10 4990
38 82 487
20 55 32
100 55 842
63 50 3653
74 72 2365
49 77 2242
26 62 640
5 68 3860
97 21 8721
74 56 136
71 42 7198
22 15 9968
68 100 5723
32 82 3761
42 91 4
20 50 5252
11 14 63
84 48 182
5 44 61
61 83 2576
15 76 779
28 74 609
16 34 8868
1 16 861
64 71 4755
9 7 21
72 86 84
54 34 827
42 70 342
81 20 21
71 52 6054
70 10 859
47 31 57
10 47 4849
15 97 960
86 4 940
10 6 570
33 31 96
85 24 39
100 51 30
96 20 8297
87 35 349
75 39 100
35 2 799
50 17 200
92 83 49
72 51 98
70 15 82
87 47 120
49 59 77
16 71 3679
8 65 212
69 61 521
21 72 86
38 66 65
55 6 41
76 72 819
17 69 844
26 84 4292
67 45 233
80 40 785
29 58 6401
7 22 978
82 96 2223
48 93 3965
11 53 43
14 54 145
81 33 2456
79 6 571
1 15 394
93 95 5272
56 5 62
29 50 5326
79 47 3810
35 45 481
91 40 8088
72 58 40
35 46 183
84 99 100
35 65 66
35 30 46
68 79 1705
17 26 28
11 23 84
1 32 8108
35 7 838
3 65 356
83 47 983
61 97 64
34 42 163
61 73 25
9 15 1457
59 27 88
6 92 18
65 13 2156
80 70 6490
36 99 43
92 58 53
73 19 795
82 79 458
24 20 440
59 62 390
5 31 22
50 30 440
41 84 8023
77 99 5
81 4 50
25 3 6905
77 100 91
54 38 6
78 52 13
54 69 4754
40 53 22
97 34 107
19 51 556
94 8 3946
82 39 94
22 96 147
82 85 7
90 80 62
90 9 591
70 7 132
50 33 11
78 91 91
42 90 639
27 29 2959
75 37 834
3 14 42
34 44 590
27 49 189
3 36 323
96 75 93
70 35 8
45 74 208
92 99 63
52 24 91
35 15 577
33 17 1550
74 41 3292
5 66 4202
66 32 581
7 3 923
96 58 2
91 61 1
27 82 34
69 96 472
12 75 2998
54 22 23
78 26 31
12 54 32
4 98 36
45 94 549
55 5 20
24 54 2651
35 56 334
31 9 209
59 48 600
67 57 211
9 22 45
46 70 5540
69 91 467
25 17 3952
84 93 1182
52 46 2032
27 25 903
58 82 85
92 41 474
38 63 231
7 100 977
38 95 87
65 33 30
81 15 2
38 61 139
41 43 5550
9 34 6792
49 41 2903
51 78 7911
86 40 92
96 59 312
42 28 3342
35 62 8845
1 22 19
70 72 5514
93 80 55
97 51 414
30 93 698
26 14 4118
18 71 6095
31 44 516
36 38 53
72 22 24
72 39 77
80 11 766
14 2 4276
56 60 73
92 14 964
54 70 9939
3 20 7186
96 1 885
51 93 6286
88 62 792
78 33 819
100 78 90
53 99 7383
90 39 815
51 25 317
24 63 5599
58 80 2059
20 51 278
70 68 377
17 96 96
99 94 4713
65 96 93
49 43 23
30 86 37
69 98 79
23 100 222
18 58 1155
74 20 169
88 17 6
58 20 8393
63 39 2378
29 37 53
44 6 31
18 85 62
38 42 10
13 39 494
69 64 3154
50 48 3520
79 15 6335
58 65 3884
16 54 8663
25 53 35
12 1 51
97 29 1016
52 29 32
14 51 6626
90 100 62
86 100 217
32 37 51
95 32 43
41 51 604
6 81 963
6 33 7437
65 20 858
100 36 229
22 88 76
39 29 100
58 1 31
73 5 48
60 12 80
99 64 856
93 59 1139
3 63 85
52 88 59
22 71 73
49 79 5833
26 85 98
21 71 6407
97 10 29
48 92 8984
45 62 182
19 88 94
18 16 46
53 80 37
93 23 5115
24 9 9866
78 17 566
30 5 68
63 90 4698
76 100 5738
74 100 81
27 35 83
50 80 95
62 10 255
17 37 87
93 1 58
26 36 563
48 88 180
4 16 264
56 82 485
23 33 7861
78 64 67
63 30 83
59 51 95
81 69 75
19 52 203
14 19 4309
25 74 8098
5 63 65
96 53 5828
12 21 616
100 41 521
28 9 75
54 41 37
44 25 29
27 33 89
4 8 106
93 90 40
21 82 56
28 47 935
63 58 62
75 62 398
62 92 318
74 9 3502
87 73 9248
64 38 71
18 36 634
30 18 3
1 64 177
19 2 923
22 13 4582
72 19 57
47 3 756
42 17 4089
42 36 296
90 75 8886
44 41 176
8 63 1032
15 42 1947
29 9 1309
25 67 8459
60 44 67
16 81 422
67 90 42
24 39 554
40 93 40
10 56 819
30 31 555
5 34 98
2 39 5697
62 68 5168
42 97 176
66 42 84
8 31 61
54 29 400
61 93 761
40 73 521
94 81 47
44 18 8618
45 17 750
25 68 2
9 99 649
40 24 5576
36 57 319
70 55 59
62 39 8428
78 18 28
11 60 6056
63 87 269
96 10 38
12 67 906
43 31 8930
98 19 95
88 55 26
33 63 1025
64 46 8600
71 5 519
60 34 6716
98 86 8278
100 96 591
13 76 992
91 24 27
61 26 13
7 61 983
77 24 8316
73 66 8737
91 55 830
22 21 8839
76 17 303
62 2 64
89 95 71
99 30 7773
7 90 502
86 34 931
79 59 8274
12 88 6155
73 21 60
80 54 202
97 91 5026
48 87 88
20 27 697
44 76 29
6 43 6737
82 15 90
12 74 59
66 43 37
16 31 50
65 43 58
42 99 9180
61 55 27
94 33 84
3 33 901
21 45 76
49 31 5
86 89 6
75 15 35
52 10 7895
21 65 9867
91 73 870
8 32 78
15 31 1937
3 26 15
75 9 87
81 70 2
27 5 304
83 46 4589
85 65 7105
2 75 74
70 79 6291
6 32 5
21 88 8
84 70 203
50 23 8790
29 36 311
90 27 36
38 56 5
53 31 78
80 75 93
92 26 9002
26 2 79
51 30 3330
51 64 23
80 79 2855
25 6 453
67 71 697
4 36 3118
36 54 42
47 77 98
22 4 160
49 64 4484
40 88 4436
40 100 3161
34 3 169
13 19 11
25 33 7371
85 61 996
100 37 810
88 64 38
80 97 89
60 6 61
35 37 685
36 60 949
88 56 9475
1 87 7284
20 68 36
50 55 25
12 40 3695
67 33 3307
84 31 129
7 71 834
64 53 3032
29 38 42
89 39 232
89 38 70
50 86 1510
59 83 760
7 96 47
68 11 5020
49 90 163
13 42 908
49 44 554
99 57 472
41 38 2949
72 87 3400
56 65 699
17 83 402
15 69 2381
33 11 6732
14 16 118
49 100 714
29 72 958
14 98 151
43 22 79
59 16 8546
53 54 50
94 80 9181
59 54 5056
8 2 15
45 22 817
4 50 74
10 81 74
72 23 52
13 17 663
92 84 55
98 13 4787
67 91 14
53 92 165
85 2 9877
41 10 81
15 89 190
62 44 581
72 82 4327
9 14 1776
41 77 3546
20 90 5677
8 3 7034
4 69 2173
84 97 533
8 27 486
97 46 47
85 90 32
26 10 755
57 21 917
98 99 7400
37 66 1113
80 66 340
86 36 7532
81 55 960
15 36 2358
9 69 8
54 87 386
50 97 9
28 91 221
59 23 378
94 31 440
57 24 4006
61 75 18
43 12 662
40 39 7841
46 9 14
36 94 9
87 9 67
13 37 19
24 27 603
56 19 624
16 72 3618
2 12 83
81 95 57
13 89 2683
51 80 30
28 85 4
40 8 811
83 68 3194
73 89 1404
68 23 557
60 58 739
28 45 9186
61 36 454
24 89 1603
78 92 28
14 64 8299
78 71 294
46 19 396
80 38 78
60 3 85
2 89 194
17 71 86
60 82 463
10 44 2018
80 31 44
61 12 41
62 79 93
66 82 84
69 60 6686
96 92 3890
74 59 928
14 8 355
73 13 4957
60 50 32
91 84 691
84 35 159
17 8 50
29 43 999
76 67 49
46 2 512
11 22 58
85 53 24
65 88 5603
47 26 17
88 84 5
82 88 10
32 11 1
43 2 709
66 21 67
7 89 47
76 14 6150
18 37 108
83 85 96
84 76 15
17 39 64
28 3 75
28 5 582
6 100 9114
28 72 2480
97 18 37
32 90 578
3 16 70
51 69 769
5 80 1
1 84 7579
24 36 8286
85 27 940
90 31 99
18 40 32
67 97 592
25 28 8776
17 2 41
33 69 56
51 29 725
39 48 642
92 19 7627
37 28 306
48 43 87
11 37 44
13 36 272
78 85 160
45 39 9694
35 14 91
36 23 4548
61 25 696
56 34 78
60 9 7869
99 26 56
42 98 341
89 16 44
44 72 79
36 22 4742
76 4 869
35 42 266
91 21 36
2 92 642
53 19 3522
33 88 244
100 95 53
80 85 227
97 85 872
23 69 4669
58 23 387
55 94 4489
39 60 5081
68 99 640
49 87 4
55 31 690
9 76 40
10 20 80
47 32 22
19 6 277
68 44 527
49 7 615
44 23 466
79 65 8490
57 47 199
100 82 13
18 34 90
40 6 8975
52 18 32
95 86 77
92 15 328
25 29 441
21 54 52
85 14 2243
63 83 404
16 8 1073
45 18 67
37 33 100
95 24 330
32 46 23
53 100 943
54 49 704
86 83 69
20 94 7651
45 13 52
77 88 605
88 29 71
74 43 712
95 91 8
57 3 5777
66 46 84
73 30 69
15 26 88
63 15 910
90 68 549
83 15 2548
68 15 881
74 54 658
39 57 4364
69 10 65
95 21 100
44 26 9750
58 15 13
14 36 3421
28 1 8153
88 98 18
2 98 21
100 29 963
32 21 14
30 10 61
99 37 9340
16 98 4088
54 60 3905
3 91 750
82 13 731
65 53 53
19 75 3
43 19 445
49 37 6303
40 70 240
53 74 3059
84 5 400
42 8 638
55 83 843
25 83 5659
82 45 2206
27 30 16
31 60 61
10 14 52
75 88 48
54 33 79
69 3 264
7 4 2984
41 57 7639
32 17 7246
59 20 5390
32 57 38
18 42 30
30 58 99
98 29 387
53 32 900
3 90 747
74 52 6526
62 12 98
85 56 15
51 60 38
66 91 48
19 70 7710
91 68 1598
14 42 93
40 76 59
51 92 11
34 58 553
14 23 36
71 9 2886
3 79 8998
89 23 8736
92 32 51
76 93 6480
70 87 1
6 34 20
9 92 14
69 22 4230
3 58 4158
8 97 2026
20 82 75
56 15 81
57 26 97
25 93 6251
99 44 654
93 20 6376
80 95 85
58 44 5455
60 61 5681
96 49 88
95 58 15
25 31 811
60 37 404
87 56 878
58 46 420
89 68 579
80 89 570
32 13 509
10 5 127
74 60 192
47 93 815
15 96 637
7 34 901
44 91 84
2 22 65
70 63 37
33 92 72
16 78 1275
47 62 2559
82 22 5305
40 96 1483
46 65 874
87 31 652
9 78 772
29 30 411
1 18 7621
2 51 608
85 68 65
79 63 37
16 26 18
55 57 654
82 57 602
55 87 8750
56 28 67
50 51 28
33 48 10
85 22 8001
2917 3072 6814 67 9 2716 28 209 865 61 14 244 794 5677 6407 358 18 76 43 7 9984 223 54 4454 889 5294 717 3218 94 7261 110 6055 200 3 30 3 4019 149 27 973 546 7697 5205 114 3500 13 67 85 34 38 4615 5143 419 21 135 705 20 51 342 8801 3221 83 2422 23 26 493 480 3172 69 474 85 16 7913 38 3513 6368 63 34 70 5881 126 63 6752 75 664 3451 645 6022 235 7450 3475 5 388 40 85 789 27 7400 9911 4323
9641 97 23 6733 598 76 476 7748 4759 956 909 398 4451 925 2119 553 30 85 850 7734 7088 40 810 441 31 723 812 83 457 602 376 2314 4234 88 1793 8372 6 5752 93 9958 91 610 65 217 100 9515 4873 9 3 5177 9672 1713 13 9770 25 751 54 646 4555 32 1391 9896 58 79 69 4723 1150 814 4829 30 2550 44 324 851 64 44 81 90 981 8824 6994 49 968 912 55 76 3680 77 4644 62 759 6643 871 59 79 2276 300 874 46 50
895
19 18 542
50 16 93
59 55 4900
39 29 253
34 62 51
100 37 5149
18 54 25
85 8 95
92 40 9110
97 78 4201
98 75 451
20 98 3566
6 51 58
52 9 885
48 53 9137
35 39 93
2 94 21
34 44 866
89 9 285
36 54 288
72 49 37
28 79 54
93 3 71
16 58 296
86 46 899
6 8 39
88 48 267
63 3 72
79 95 41
6 23 9
14 42 759
82 49 89
64 67 910
14 78 615
21 10 7129
49 75 7
22 1 3362
92 63 17
77 1 783
38 12 3909
32 27 3194
9 34 9473
23 18 1794
42 22 754
51 64 78
64 29 38
82 57 385
58 97 33
52 88 6671
51 8 61
5 13 559
83 45 7771
33 40 202
96 77 50
71 97 739
7 34 1763
60 99 2622
19 72 535
14 25 7563
15 30 217
47 36 4336
92 59 732
13 15 76
57 76 43
82 95 3055
21 28 50
86 74 644
67 47 89
96 55 1364
70 66 1
95 47 70
81 14 8568
86 39 73
90 10 37
77 93 7293
62 82 6671
78 1 1000
47 45 89
4 78 13
77 80 13
19 64 100
98 77 2
85 59 116
87 12 619
3 26 27
81 16 1415
84 3 2918
32 18 32
39 70 6536
56 66 6319
98 81 30
5 42 561
58 14 877
58 59 6288
73 42 45
96 10 391
97 68 88
95 84 883
67 62 528
78 32 892
7 79 6371
47 84 266
24 6 93
98 19 75
17 89 75
65 93 813
16 62 1084
94 76 7
29 79 98
43 82 1589
30 31 43
94 65 91
13 44 7207
30 36 6879
92 89 353
8 1 295
2 95 4490
92 95 70
4 37 6119
34 78 5750
61 82 12
67 21 5493
89 96 32
31 64 8761
31 21 774
32 30 2058
37 13 492
76 67 3090
39 85 5540
35 100 1
83 85 35
29 63 898
77 79 81
8 78 6
11 23 617
81 61 36
50 58 2601
35 62 421
64 86 230
74 90 245
30 40 518
17 98 44
57 69 72
77 59 7294
79 83 5390
85 64 304
57 81 4692
25 37 9750
18 85 86
70 93 57
30 44 5202
79 78 9
28 86 1736
78 46 5408
53 89 79
82 100 50
24 100 64
76 1 7600
39 24 754
100 43 66
63 54 622
98 93 5452
74 47 23
87 62 908
69 14 36
79 37 1841
7 3 368
61 68 365
2 64 80
31 48 85
51 62 522
71 58 1543
42 16 21
61 10 83
1 42 65
24 17 15
72 16 871
18 33 3782
38 92 58
5 63 792
48 87 704
49 62 780
71 61 43
22 8 72
60 26 248
37 66 42
2 75 572
60 67 464
8 29 6286
91 36 9069
49 35 168
25 76 9671
15 42 88
51 73 2
94 73 739
75 86 4
20 57 5782
17 39 779
53 12 7
59 41 3029
25 41 865
48 86 8
29 13 3
39 99 70
58 80 8753
75 43 25
21 12 4292
13 33 26
26 78 19
50 84 38
11 40 19
44 7 181
39 98 6626
10 29 526
1 81 6753
12 50 613
18 3 3569
82 30 327
19 52 5911
91 86 77
34 61 2987
46 51 797
76 92 24
73 79 4563
22 45 1139
43 85 3625
2 66 5257
6 50 1815
16 23 810
100 76 23
77 49 6493
2 57 899
76 8 6801
17 97 717
99 25 8
32 77 146
12 28 188
96 63 5348
51 18 343
90 48 79
6 94 1356
2 34 7
4 91 50
19 81 62
96 59 245
21 100 890
77 26 56
93 22 2
42 86 250
71 53 49
57 12 3038
26 66 425
26 98 8520
71 13 2321
85 48 11
82 66 72
84 51 9561
60 62 786
52 55 3618
55 74 85
34 70 7597
86 54 37
79 30 77
41 43 46
82 36 68
11 24 6084
93 20 4
11 41 616
23 80 9608
40 6 674
77 89 316
72 30 646
48 94 113
96 92 89
97 62 378
24 78 41
14 17 2737
44 47 749
21 41 5688
91 77 529
3 19 3298
23 68 718
51 5 289
48 60 9
10 70 81
53 21 551
21 87 6866
72 90 726
34 58 6901
91 93 18
6 14 379
38 77 26
20 69 141
63 81 3352
14 72 256
95 45 44
2 21 2710
55 89 55
60 5 13
27 26 6454
8 55 2744
15 65 987
79 69 54
69 7 6405
96 61 3336
31 12 36
74 24 3991
26 55 156
5 89 79
13 45 725
56 13 681
20 6 63
87 24 6560
39 79 38
63 46 216
100 75 898
29 19 287
9 70 9360
27 87 19
65 79 819
30 29 82
38 5 116
5 6 1409
88 18 785
57 74 42
60 81 32
41 67 56
17 72 5926
43 61 170
43 69 6833
16 79 2249
28 14 14
37 69 718
70 28 6838
77 85 391
60 24 9
78 37 7649
54 85 4744
16 66 9204
86 41 44
21 30 48
65 87 20
55 98 24
76 26 548
100 9 33
81 10 18
59 52 4302
84 82 222
97 11 93
83 43 79
44 72 14
81 26 971
99 34 10
27 43 19
96 47 5
41 53 9301
35 31 6126
19 83 9858
45 84 110
78 65 247
29 72 963
99 1 34
36 93 812
63 51 511
92 78 1839
53 13 8686
13 50 897
18 47 7273
13 39 73
55 14 30
57 43 397
74 1 8217
77 51 530
25 47 5759
49 95 91
79 87 622
31 71 22
44 15 310
45 73 89
93 84 29
25 86 707
100 98 61
9 85 6
96 73 35
97 56 7595
57 22 65
18 41 166
91 11 4279
70 5 625
15 9 9
61 70 8145
4 99 92
16 39 349
32 96 250
100 77 156
37 12 5764
35 32 536
73 16 776
6 64 9910
90 21 483
12 74 13
62 88 293
16 28 66
95 51 1353
74 66 6873
35 45 68
18 79 62
5 61 4834
36 80 928
38 85 6458
26 29 4620
53 74 70
58 63 6886
93 80 257
80 52 25
69 48 1335
13 66 1688
96 37 54
90 96 325
100 36 646
30 100 653
10 44 834
38 6 4712
1 84 81
47 69 34
13 14 2160
21 39 4
95 11 3089
96 11 6702
14 34 959
47 97 100
22 20 26
83 71 7
12 65 17
73 44 508
82 92 9396
78 5 80
57 44 71
90 27 32
70 14 5221
62 85 6075
44 76 9858
17 36 925
6 16 58
45 7 36
59 5 576
51 35 620
98 30 370
30 62 81
98 46 1377
65 25 6167
42 91 1411
58 69 953
78 15 2290
54 5 9937
83 72 1459
4 70 541
41 44 37
31 45 8510
71 56 17
46 43 529
11 77 634
3 9 507
58 43 808
92 6 1845
85 6 4921
36 76 14
40 25 43
40 35 89
8 59 92
65 10 95
21 36 75
44 68 99
33 59 801
50 34 9218
49 57 2000
92 12 980
15 75 66
24 70 7622
3 88 87
77 70 324
96 68 82
31 9 504
51 89 548
60 4 5664
95 61 30
42 28 887
33 54 80
42 9 990
55 24 30
28 17 94
84 79 28
29 91 569
77 58 10
80 38 840
30 83 228
19 61 164
5 49 54
36 94 22
38 32 673
11 25 91
79 13 435
71 81 9740
16 21 216
54 64 623
99 72 2001
99 87 726
48 19 9926
40 66 74
49 98 78
45 75 50
29 18 521
85 96 978
31 28 8027
17 92 2022
25 24 59
40 72 9451
68 45 4632
54 60 4007
77 14 5278
83 58 8870
24 42 62
33 5 636
61 40 319
68 69 640
7 87 633
98 74 659
2 33 509
90 6 7238
55 1 73
44 93 561
55 34 24
80 9 853
43 73 725
56 92 545
78 52 2325
89 84 3185
70 18 4481
75 83 436
8 47 606
39 61 24
97 2 63
92 37 1279
41 27 89
99 48 3693
57 32 8570
76 97 61
19 67 2951
7 99 6195
3 36 49
89 61 5211
41 98 8
97 67 27
13 22 5
88 55 1204
94 91 3044
4 66 485
40 31 1274
60 7 6358
84 41 7030
7 54 42
24 20 470
97 60 28
2 20 25
80 74 54
27 8 9260
4 35 8176
15 97 13
96 88 733
20 80 704
57 62 2039
29 36 2935
47 83 3147
17 35 6110
46 1 4514
35 64 127
54 89 4
38 13 2228
63 64 8
56 72 92
30 71 534
19 41 6030
40 7 573
22 86 46
78 22 1
86 62 64
85 99 100
64 99 3131
41 83 52
79 48 33
55 44 57
42 70 76
60 47 34
88 86 140
82 4 23
79 85 32
59 28 116
31 82 547
69 61 730
50 2 417
33 9 937
100 74 82
10 37 69
70 46 600
90 43 7157
16 60 238
93 85 439
76 30 376
17 95 77
4 48 34
93 39 2183
78 27 420
99 58 2031
58 70 6075
88 12 5737
9 22 62
19 86 62
45 62 33
92 11 87
65 62 6671
78 80 9172
82 96 639
56 89 6188
73 1 321
18 10 9
56 2 8163
83 100 4802
62 26 4862
68 48 491
87 92 6301
28 49 84
44 87 998
16 36 6524
98 80 8247
10 5 6908
93 79 6046
93 13 3953
39 58 190
57 28 8492
71 42 562
69 6 68
34 66 208
25 36 58
17 51 857
64 18 318
55 7 954
57 98 318
18 55 818
79 70 82
18 30 757
12 48 85
36 96 28
3 47 3490
52 2 21
78 63 464
3 40 73
4 29 970
33 39 61
1 93 61
49 32 10
18 93 612
55 13 9576
61 72 177
99 79 6343
16 35 6
5 85 4724
29 99 365
58 72 661
77 50 771
21 82 37
55 84 64
91 100 779
86 7 9127
50 86 47
61 45 731
48 5 74
13 43 441
10 67 661
8 40 36
65 53 8342
66 32 100
10 80 9
13 72 35
52 86 4336
33 25 622
75 4 277
42 31 11
97 44 239
39 11 66
61 67 5041
95 25 633
93 67 7033
68 94 9908
12 86 25
28 99 8858
15 89 34
48 57 367
61 58 35
32 36 515
72 71 2339
83 6 7997
60 19 257
39 43 841
50 38 11
35 82 2525
40 73 568
19 57 951
83 84 770
69 91 82
28 67 461
20 99 5125
91 76 435
19 15 747
58 21 60
27 76 180
84 44 8285
42 13 619
40 98 3
71 89 818
94 49 9981
67 75 47
10 79 8317
41 77 5314
41 29 2656
37 20 625
5 73 8855
13 85 477
94 66 1461
14 29 473
91 18 162
6 81 46
34 4 228
51 12 903
82 24 998
33 7 4684
35 9 7321
1 54 30
49 88 3821
24 97 76
48 66 68
38 41 250
20 100 42
82 74 8356
88 63 231
58 8 77
24 85 911
3 11 76
77 37 95
50 4 8501
89 18 68
13 100 587
3 42 60
96 57 494
34 67 632
16 3 31
54 88 85
96 76 6645
23 44 27
4 6 722
35 63 306
12 15 76
13 81 20
88 66 62
8 68 8962
93 100 66
27 81 125
27 94 74
74 9 92
21 7 348
52 3 43
57 3 211
68 65 5716
50 20 45
60 30 4120
7 16 99
18 22 106
87 43 702
89 39 62
89 6 672
11 43 3877
9 19 42
77 43 241
80 68 55
34 38 7887
69 56 554
86 32 871
36 44 3347
69 11 4562
97 53 18
99 15 87
5 22 24
82 70 7040
82 39 342
58 24 3312
96 14 4973
59 95 15
43 17 338
66 23 1752
54 51 493
55 5 8315
41 12 57
23 73 10
2 42 96
68 41 38
87 13 7458
1 37 620
36 95 4014
57 75 5543
37 86 2757
80 62 310
47 63 79
95 93 27
59 88 64
84 61 593
73 37 916
39 91 99
64 75 3348
38 87 41
33 37 75
15 4 9108
65 23 597
46 97 17
64 9 877
32 12 6518
31 85 476
65 44 37
17 22 88
70 67 544
85 57 993
95 38 5372
50 74 7242
16 61 80
100 25 5678
97 88 261
30 95 778
9 66 874
82 80 93
98 38 568
27 2 1439
81 34 223
79 41 11
56 23 2188
49 17 793
55 93 76
46 54 7515
21 68 352
5 21 9786
17 74 7566
16 69 4618
32 83 3172
7 57 388
70 20 7071
5 95 37
96 39 4352
80 8 8860
45 94 37
32 67 166
5 75 282
34 59 899
31 72 924
98 47 590
28 46 6697
55 72 541
91 41 8194
91 33 6156
67 40 535
9 68 522
1 72 9
29 7 2751
100 90 125
91 65 752
14 16 811
43 2 25
41 51 1
55 92 3454
100 88 6818
11 12 4250
82 27 1000
76 83 667
62 89 6
32 58 535
49 100 3569
39 100 34
65 86 547
65 5 807
22 40 563
91 62 98
89 16 65
56 60 86
45 24 49
76 47 6
24 80 9797
88 20 51
85 51 752
1 12 3791
