100 5
1003668 573007559 10911170 2615018 88507545 3013484 3854332 81026052 60743737 86318039 925361388 19290043 6241867 8752601 4045374 717976 39717409 186837603 9592312 37871794 92499554 793303758 662336869 7025605 8203529 8029940 9047939 248482897 9233254 8393851 8176552 24819167 519862903 91208473 1647378 19820300 19882151 26791319 222462598 4536878 22733913 98575226 939433886 1104362 90004286 9681255 67403627 2378193 7195957 5399533 21161190 701216575 42588085 730054555 912969461 7564317 4648267 36868856 263183586 33546524 21220586 25110123 3412447 38028271 80792981 351992415 2949691 35414586 774075375 195146722 569645451 95504766 29851995 810103527 5529882 778496952 732579727 85286401 63382462 15661951 4540351 71954303 1808097 5700008 4079485 904077846 195552005 625542724 3204460 994357867 9247806 99572566 45113649 7741098 29490472 337455765 3983321 7728654 4844962 352713690
74668004 916120965 687982853 34467813 5313188 694917367 37997982 614896602 917421676 95392038 550707490 6527796 62279288 96406140 5085270 31762463 4718398 753930568 67656151 7080589 819416221 50822179 640705668 29056091 48575079 7648164 7207094 76872255 838485541 61132085 96491303 76157546 1203230 59249714 7598874 846201720 321603857 100324077 759580272 8897313 2239321 26289272 42121635 992379082 44498333 70319750 51043056 836958253 644605792 36009945 6812336 7680322 112473967 5581803 307501 925975662 34142892 8487890 1679905 75686891 92283560 347801608 976030591 729387494 1691590 71235274 45712124 14007132 1914536 62718185 809409582 490044300 727170201 95570716 3435283 697516581 209316389 487760080 93986703 4689005 2042388 93976173 1691066 918201810 44129 104754402 7047150 31215557 7752175 1581963 978284 3583133 6994797 396000698 98634384 7731434 680671624 502734 474619013 98951412
887
96 90 719714473
34 71 9054908
17 35 49128821
71 89 1014959
15 54 275160734
4 83 136328232
44 65 88907286
31 73 699372145
36 4 12124205
22 93 91069991
52 9 15047158
36 50 9089305
85 60 2463470
28 45 5892373
38 56 7184577
39 30 28027473
39 38 6223599
52 74 503003666
87 63 15231994
46 31 21793440
71 49 9438935
62 99 8771641
73 95 8304569
14 51 148790531
10 43 961711
4 44 8221064
43 14 85891179
16 20 6817838
35 80 925179699
17 8 752553780
87 49 64359563
9 45 84696636
20 75 2581670
94 3 4246005
63 100 779047969
38 13 48266356
17 87 333268750
72 77 280924441
57 89 2392300
53 26 6622114
42 67 5635250
78 30 110851987
4 3 104502614
27 95 47303420
53 45 3782328
57 35 60232536
100 78 743843058
69 28 58421057
20 30 9081872
52 29 44190806
48 30 2304821
91 46 22483374
54 98 41148787
21 89 11083906
27 53 184151207
75 99 9141876
70 68 698749361
16 58 3635955
60 3 745253240
92 39 76659697
30 31 13301936
31 28 4602195
4 82 1601020
74 60 54698270
6 90 49250855
75 63 896823940
35 22 53896353
89 99 4209813
95 53 7849735
46 1 805052869
49 5 280330101
97 22 10554510
18 41 115117680
47 13 480863364
39 32 94527356
21 63 7468939
35 79 13066643
98 58 4650484
70 40 251935684
17 50 277284912
5 52 39778512
64 49 25120242
39 3 33649059
28 74 4625308
24 49 873508808
50 77 68308608
50 34 954550978
43 99 35395591
96 84 64222756
19 62 15895295
46 12 120889145
46 60 14778079
98 50 499752229
78 42 8982228
21 61 1042466
68 15 55396375
70 93 10208139
67 68 395767851
61 82 7360547
57 78 44730886
78 44 457254022
18 85 1451332
100 31 9894369
92 11 38073805
56 15 69498721
61 91 3739838
42 91 324218331
51 87 781350307
5 41 409466478
15 55 42502774
86 65 421404
41 100 574828017
25 90 5951966
47 40 618121913
62 34 34176029
17 29 48599689
63 59 9100781
2 92 70030292
65 95 14886721
91 99 21102
99 28 934391476
1 17 4882636
47 48 28944408
6 43 76486463
22 15 95244339
96 66 3774906
99 21 63204398
53 42 48033124
80 65 708573821
20 27 7266458
50 14 566207742
83 63 94203482
93 32 91789700
58 93 90349071
69 53 11002427
94 23 2997629
49 7 33245162
68 92 213162180
20 72 78590807
38 46 265705853
60 7 504664531
38 93 11976844
13 6 59780775
80 82 90381933
58 45 82012945
27 61 38886969
96 78 325998052
100 96 445602341
58 65 86282197
49 48 846753751
34 97 743689047
5 51 8539424
51 9 827124789
69 27 31305556
25 67 142506572
23 56 496092647
78 79 61823856
73 99 94918287
33 82 617321006
68 61 4676603
28 84 95972766
100 2 9607202
37 99 2811634
76 72 129073712
9 14 6656554
9 33 6046605
29 56 32186149
27 7 61355755
96 71 919182291
100 43 9498719
12 72 47031527
63 90 1559295
42 16 40486799
3 2 530227780
84 16 3013667
100 75 7977497
8 62 83930873
57 19 13907198
16 96 3831285
93 1 4677489
25 61 916894555
74 48 92624344
52 86 6762222
1 24 413203
35 66 2421563
84 82 78975917
18 35 51672228
17 60 734833725
56 76 186794383
23 20 776037467
10 95 114863143
26 64 777618557
37 35 61646998
35 43 538931571
20 7 29898105
83 85 9728996
99 96 13876037
90 16 88241418
30 93 148582380
6 2 45003334
20 12 9576177
46 24 72706822
59 62 57874050
15 99 783926577
22 62 83565341
62 90 26597146
79 39 622341
45 40 5026077
80 57 42455621
86 1 91643545
16 5 7482609
79 93 80774005
5 43 26271178
1 66 87747826
92 88 8451623
66 40 6765297
2 80 6240825
22 69 5570873
4 29 3261014
88 14 832902135
72 6 51018292
37 50 11791574
85 34 85404878
53 59 40973243
23 68 69056347
7 56 8628858
7 51 7352333
3 84 31728669
43 25 689933325
51 59 98950856
57 44 20406614
14 77 720341619
41 32 1781653
70 88 96377896
63 13 247340716
68 50 8310976
59 45 61897758
81 88 6388387
94 87 9303922
37 16 6807
72 60 5372
42 21 149932949
21 39 4474702
85 81 26909111
85 87 10891530
73 45 5392482
84 42 9012439
94 46 64499580
27 18 53256385
47 76 70580124
63 44 871362859
13 41 39930760
92 30 393003091
23 28 94319445
65 22 932957564
83 26 67624572
45 14 986950284
1 30 58393763
58 83 31856678
82 39 8523183
39 26 748250
33 92 33424555
39 27 7977694
40 97 81547380
62 69 1987244
27 34 193450939
64 76 84143558
28 90 45475223
1 52 774347247
16 4 575210994
35 21 432934
17 26 180699302
40 25 675207687
45 91 30122183
92 49 4030137
17 100 4814112
50 42 722870901
44 6 7453022
60 25 272247053
3 38 610983471
83 30 469595063
4 50 911667792
61 95 922409664
2 82 7330484
28 30 2817291
76 57 75932339
75 38 2937619
17 4 8619444
39 71 1579310
89 11 78513643
42 17 77364755
52 82 9637256
24 64 84637284
26 90 382608869
75 48 7923187
19 26 5796520
54 21 502809322
76 63 349851029
32 89 8396562
4 26 61110215
9 76 81665330
42 38 112345828
20 71 711450583
82 92 703156249
72 55 291480438
91 72 68219009
36 67 940338497
83 67 90174134
68 27 9232835
97 61 9156812
70 98 49983229
85 42 4851648
12 56 193102627
58 15 83711798
52 75 26889950
48 51 74212091
3 97 54442662
83 17 9852991
35 24 1625279
73 18 997328071
87 35 652598313
6 88 831768235
41 62 12596651
94 70 1980300
54 57 66901370
13 75 35907744
97 45 6356344
26 69 89833548
23 98 881151
58 54 97024915
15 64 2862701
47 99 1860148
18 48 4563177
73 17 386942724
87 1 57521252
97 36 67665679
63 8 5123142
88 35 793151451
50 80 333497592
48 42 457206040
31 99 786686373
89 60 749144668
33 28 2008515
25 78 278706853
12 93 106559440
49 6 96751799
55 30 2329894
5 44 822790320
100 30 831826
71 62 6533079
98 76 2887827
12 18 86671235
93 34 990240071
16 43 63479148
10 15 4425849
23 73 675310
1 91 59346996
47 8 783088763
28 87 69765693
21 60 80887631
77 18 8915171
54 94 24701238
73 93 63185386
54 89 6510300
66 13 477037645
97 66 3768624
56 22 501525641
3 53 9020234
38 54 108725888
93 100 78198985
53 1 699742610
41 90 144654864
19 66 1162638
58 4 7635862
31 66 596562867
93 61 5056531
18 45 70809203
21 30 9314265
12 2 67586665
42 27 867416881
11 74 1592418
87 53 807905274
73 38 751481592
54 97 10285616
100 37 548099224
68 1 3191473
31 16 27746518
34 3 66454286
6 58 91610
89 68 52459901
36 58 9532934
83 62 870914790
80 73 777683715
95 44 41904805
20 67 7564686
44 68 705042152
84 100 615318548
70 3 823836
63 82 989367384
5 23 88971869
33 11 6718305
78 37 74269524
49 10 1831221
65 39 70488991
43 53 184142595
2 17 94137713
1 74 91142296
20 31 41730014
18 60 58429750
21 2 19323875
78 26 449795081
84 50 837050261
58 38 362617838
96 32 459773910
71 95 75343856
4 38 16561171
84 99 1655749
40 94 751177788
40 15 622397195
69 97 2370704
59 92 633765379
89 84 63425034
8 78 5842081
33 18 200225726
35 94 3840786
81 9 4325010
58 70 54321447
48 44 498738203
44 80 5040330
1 78 9433615
5 2 3809727
71 28 7840269
69 86 76265963
13 1 5804267
40 90 7037785
88 41 474160029
54 83 2032987
32 26 7028193
13 98 47892488
31 40 11531380
34 69 405007933
40 52 6560655
28 60 68421120
1 25 860385444
63 53 18110917
82 9 643020500
92 50 710826411
21 14 58126864
53 89 81458991
64 71 638625973
84 74 809611391
95 54 3904660
96 59 892283682
5 91 5573100
70 12 479786569
12 49 3687849
92 73 155801977
30 41 3833848
3 41 89070694
42 9 40339178
82 14 91903074
60 37 5062277
82 74 78950276
27 3 64677643
13 31 6266201
3 93 796871810
35 34 128004729
11 63 6397297
11 15 74028120
43 82 179169548
21 98 718284340
20 33 94612760
20 62 21589597
33 93 6058130
52 46 171705760
34 99 32506323
43 28 9817233
42 20 79132722
27 25 902491419
42 15 386792
64 6 76677228
55 21 76337658
41 46 53149426
62 55 6662861
79 89 471044063
6 30 4504769
89 1 1068007
54 93 501781031
51 10 34556405
44 93 282217
94 26 284715513
57 71 20659661
38 12 39814884
98 52 59837889
37 77 6344421
16 64 465472433
99 71 5381624
1 36 4264860
75 35 15334373
42 32 192963627
94 57 7338127
28 5 701938416
65 28 88271983
29 63 12654812
80 75 637921638
42 60 177235207
35 74 462668028
11 87 950041067
40 83 78687057
80 52 797919311
77 48 65875133
83 29 10646151
90 38 24467112
16 67 34251192
91 52 74444236
16 3 9063355
15 50 356645632
68 62 919251326
31 83 884237816
77 20 7619929
68 98 664156226
41 94 780460155
71 73 585173198
35 64 401837072
1 12 8749789
85 55 11843487
16 35 9423052
72 43 1538397
4 25 9728004
8 72 91064590
21 5 57345707
9 94 8517755
55 50 4934218
26 14 5978810
48 97 98760093
57 48 5226287
71 88 32019615
7 81 2666865
16 49 151694
99 32 80009836
10 26 13900993
6 56 381088338
18 74 7609278
18 80 17300712
55 25 5461298
90 29 2812711
49 1 76391703
60 93 5014646
9 66 711208192
42 31 2626452
5 7 5694320
95 80 513174526
30 24 314499416
14 68 9285029
10 36 89648549
98 82 2099924
30 74 85635654
13 49 2006440
87 89 720588311
27 51 9011192
94 71 837718726
10 5 4412834
73 10 768665
10 97 8425285
94 25 728396941
96 56 792629198
74 38 6881852
96 72 3715660
2 37 244765471
45 23 751294
37 66 269717263
56 51 58358492
35 3 4354528
26 98 3839568
74 95 6312037
22 27 7406119
19 83 49245278
88 56 2057233
3 75 667893222
92 85 89696895
71 41 64189238
55 20 15672085
2 23 6799491
31 72 6312465
64 56 8377743
23 26 7639018
58 18 516387152
12 98 258633867
3 6 657615678
86 78 1082821
78 56 7857858
41 7 9753469
54 65 3580435
40 95 840757268
31 49 455727
76 21 55034329
35 4 5958811
70 7 17736800
39 33 10656884
25 85 6686531
49 77 64742587
70 36 9152574
22 36 6483408
27 8 178137658
12 53 9573752
48 80 95740492
70 65 457474979
54 25 8881603
26 60 81707901
47 55 31010485
52 55 688437390
14 47 861996603
69 30 72191694
38 64 5322399
65 63 8971627
96 14 115136979
22 25 189375405
71 53 9876593
77 30 606974528
76 25 1716319
86 77 2121841
11 35 185440308
48 6 431075621
27 19 1621910
90 56 7544497
87 34 32447169
47 64 8673161
23 37 9517127
12 64 58077846
69 1 2174941
29 16 815319832
82 24 30073342
36 81 119379578
100 72 24216902
78 4 851773001
41 86 1423240
48 15 86849492
49 68 3433893
64 96 4277306
97 88 767022194
75 30 7018992
17 67 2193389
75 10 3726830
19 32 68728533
87 100 524826987
91 53 1178301
49 22 237856712
31 98 9541007
29 79 733470411
92 61 287533920
30 38 9847756
86 24 55025744
24 47 53311707
52 24 81265854
52 96 1536349
25 62 3149594
6 10 41349652
48 58 538936648
56 91 556990349
42 86 73750060
91 81 63814655
76 8 3197637
93 55 2962713
5 59 7962503
86 60 93217413
10 28 82595197
58 50 4135173
53 21 2498162
56 77 971339044
9 24 9952075
78 95 970091430
6 97 94380779
53 13 3314255
50 64 98762572
29 1 173125101
16 28 9581177
26 72 3467367
47 92 29980718
16 15 2170076
82 8 6584341
77 97 124671023
16 25 583892180
100 6 705167203
76 61 5181006
42 30 617451822
76 83 5179282
9 38 978433978
59 55 8002995
86 4 9693953
5 64 7431763
8 94 149597844
93 18 42738969
33 86 9697856
33 95 7325740
56 20 5545712
57 63 694108
66 54 665371899
24 95 7281670
69 81 66907444
76 89 3100063
65 60 86705661
47 71 30489
49 99 979266428
48 63 905936145
58 99 96424475
59 11 253789093
64 95 2627109
73 7 95253950
24 14 18528217
82 19 55627697
97 1 48553123
31 71 5516041
36 82 502547848
17 10 7640792
96 65 131137897
50 88 5183439
82 47 11620211
84 39 37412721
69 29 8962593
86 14 45149008
84 63 9612416
87 40 412071175
25 17 2648551
77 39 275957293
33 37 655607910
12 42 53791537
20 92 99033414
14 38 847269904
23 100 6110533
45 95 9404895
39 96 8810139
37 36 8174402
14 64 936845341
22 66 5735392
34 13 858211284
71 93 72035407
86 51 197888
89 31 30982799
63 17 357168
45 60 25738
79 45 9860295
56 65 1627990
39 14 375991111
78 84 9841583
83 61 9633104
36 39 3974727
18 99 60771277
49 4 178869197
8 97 6224076
63 14 15430810
57 1 960455173
37 27 42580689
62 63 2864553
66 39 420187298
77 62 5365400
100 79 53528652
87 75 8456396
86 29 23831461
89 8 7026761
31 92 7999242
38 25 35347435
32 86 9759170
43 11 45119158
76 41 124959281
79 20 445068616
48 93 402329267
81 32 654262578
33 78 3536883
62 35 46572439
40 8 619776373
12 60 3399314
85 28 30803258
93 20 729369
15 28 7470887
73 33 63179899
5 36 273094452
92 18 56285436
31 80 34416856
24 60 462678078
24 21 2626929
2 79 59464821
87 97 92424443
84 29 3997280
66 33 105600207
75 43 105063
79 63 73750492
37 29 507776
37 7 70285536
59 49 987511845
82 31 17167274
3 31 362640
5 67 3244768
20 1 46531846
94 96 574227428
72 67 37245676
78 70 351935
60 23 664838510
44 64 733764064
60 73 9321937
41 75 459558563
87 7 47566
3 78 2078094
74 43 565026
86 23 732165
22 24 823291
22 10 9331819
79 19 9837371
40 27 22918899
19 39 42652538
30 52 4362803
95 36 93810454
4 85 369542974
41 36 11385022
55 81 891396063
3 24 5800221
35 10 435361394
71 24 75077575
88 83 8328088
65 83 3978611
13 51 32762182
77 40 82042553
86 19 67645774
99 26 90239939
83 32 678530031
52 68 760940491
77 57 420757039
85 14 56029911
7 64 4420603
100 50 44865696
84 27 991641203
41 45 875571956
9 77 6118706
54 81 44747234
69 54 62172136
13 71 65366121
89 100 3740597
5 70 6808320
46 89 9910372
100 33 46980636
91 41 103411506
91 55 240831476
48 40 47356022
54 50 78796979
60 84 899709508
24 54 2267694
95 17 885930417
31 84 7931271
66 20 9354188
94 6 99725695
7 42 137401455
96 10 23281587
58 90 322604451
29 46 9668543
83 98 812813079
98 27 8395512
63 77 95680336
27 41 45483243
91 49 77078714
58 92 316469345
41 89 701089601
8 70 3825258
62 31 1201858
97 100 710308295
95 63 112412462
88 28 8312229
8 55 3009943
14 29 301150
67 29 908283045
30 59 10863224
45 21 9934772
42 72 66355718
66 38 757656571
41 43 95323362
56 48 4516390
34 60 314406512
91 4 971141877
69 61 648280218
87 45 5895670
80 5 44662064
39 13 281785709
39 44 900152743
86 40 952482951
85 2 1748256
95 35 69975507
58 8 1335867
93 27 154774685
90 89 535547787
83186925 520200713 9189052 2372949 6438184 395736893 409094689 30103299 51818804 71152198 283851578 1117007 2099016 32524778 550166489 39794344 581602252 5974637 53104191 4000185 899326678 79548487 1574609 771538827 8741695 799114812 4044447 5356845 6719368 66586393 93827930 4612435 1766341 310583 9574955 9384764 60227365 7102918 148309164 1673936 3271099 561465255 7646166 320713 363103865 3278622 495323597 54112340 50989480 103687066 6830780 6087442 707596 68424094 24250793 86299321 455098673 342111321 45745219 57418467 8492638 51577814 83944666 65304792 58784095 5361521 35013341 789830087 8865956 608287110 243252706 45445841 964376258 918897 879724948 437728495 906091623 746892012 7823368 69670031 643735392 39226769 94002581 99537316 678840424 409643 287359429 547704309 5896213 23414380 9871819 8854180 827933885 34324051 93218871 8381706 9391049 474997074 1835685 895832380
8561176 866351832 55170189 322557478 6286905 809893 535570647 307164619 2456503 1443608 68367923 7443913 96372956 9733065 88143224 502982080 8478479 3660780 7491293 5327576 180448754 783339015 8308307 57960544 4145280 217287107 32193075 642199604 4855502 20355281 364276287 823824451 8422842 37212 14953266 67394619 899189357 21978901 3499602 114742456 1448088 34211823 4823092 53659102 565835384 84578560 77310631 481963493 8440460 645323727 5577203 1989484 73670998 5978366 7368872 62981572 842826361 6518441 47014035 42046437 4804904 6119856 4533744 6154239 497610567 2102713 442517898 17602269 371881898 16589182 696882250 58485386 3832076 1849346 452781590 45992558 7654200 46605403 7032356 844177 546623202 102609947 89276339 136436154 67640955 538634544 7823008 34889118 396392640 64227234 68084231 6491716 1411632 5885647 497509079 95546802 421635893 924271648 91515784 8587202
884
12 78 2962032
93 63 548636771
74 97 837804821
33 2 733243104
76 7 96878685
100 74 5254842
97 44 886336324
94 58 2242710
32 93 86216828
62 55 48827193
12 15 757066541
3 94 8635283
97 19 29258480
11 26 643561161
67 38 6789059
3 66 9169131
50 38 59791298
36 83 812672932
6 11 1145880
53 24 811044384
88 72 5669541
22 93 69574236
53 48 406465260
60 97 150384834
55 68 996293154
87 26 186414339
6 52 7654083
1 78 493393482
6 23 54142349
85 84 7671893
72 64 607951350
81 16 6228035
49 41 7672868
94 36 76223345
4 52 589301260
81 50 8089324
99 11 402047473
60 51 9055499
20 37 92699939
37 81 1705811
27 33 75374633
61 38 48373229
56 98 52317547
86 14 286949137
68 42 18381
93 30 7630972
14 12 95688320
3 56 7739907
38 13 50243196
68 12 7665537
88 26 10199694
26 43 20474167
13 18 56159913
90 28 36271917
45 90 976038816
24 84 559074955
18 12 9339868
78 54 442097
84 27 6725794
62 67 709405627
14 78 658492781
100 88 9503428
60 98 62250895
90 58 556708937
67 24 9308955
28 12 77397610
67 69 9458451
44 50 96596988
71 80 13136847
94 63 46789514
59 25 9621942
45 68 4842525
63 6 5946306
60 16 34238596
48 16 206978770
12 32 7041112
20 30 142558
45 55 5639886
55 30 9312203
78 36 65171506
97 100 5449391
50 88 438606401
71 44 901427667
36 15 5751676
86 10 796703407
19 88 7381148
48 6 246568586
49 16 88950807
73 85 98022031
33 86 41197543
48 78 649437654
78 76 95195644
23 77 96292117
36 43 8918743
33 68 6640460
32 2 450073979
85 7 83356289
23 85 30111836
40 100 2954490
1 93 68859538
5 71 7164957
7 100 67385295
38 17 617020641
10 55 35501556
91 69 42010581
27 79 98625474
99 15 5395245
19 81 7729308
38 2 97580225
67 14 9323931
22 41 2253775
80 100 9386066
82 27 824396
70 66 64546643
91 55 781631
92 84 9740243
13 8 6062836
63 35 5933174
43 38 2316724
55 34 84311546
8 92 334028122
69 23 840497689
58 25 43172151
60 20 19538995
89 76 749412775
37 67 47668638
53 94 6284757
82 67 52286747
55 22 1696135
100 90 949865
59 20 1540635
83 44 4366872
56 40 890247376
90 26 2124439
87 92 7819551
9 55 199697
54 44 984646166
34 61 68534951
95 29 5430648
82 19 23313552
67 61 5903558
91 71 723873366
45 86 234668708
51 4 80077849
82 14 79564095
11 29 8469466
62 96 2164140
14 21 715935725
93 25 20353349
1 91 479933401
13 71 522823533
65 41 925234108
47 19 6218797
38 70 336159
24 93 703110705
49 44 68313950
13 89 282019917
84 98 8571392
42 48 1584194
50 23 8243721
89 78 94268323
88 60 84453848
38 16 64935199
24 21 43294631
59 51 871459549
1 13 50078548
37 61 600461323
64 53 193129784
10 61 601717319
19 42 33231484
74 11 33012816
77 26 784447263
14 71 938624193
26 85 555668119
36 69 902613915
94 34 174958930
56 73 29995295
2 83 846067966
12 60 5078554
74 96 2244711
49 99 847134311
90 7 2260069
37 98 3606405
53 49 178840574
93 35 374080533
42 88 9939381
54 53 70152164
83 56 61126316
17 90 44526736
92 45 27356692
37 49 306431435
58 13 381353084
91 16 18341428
32 81 37028056
12 37 24973871
81 75 7364981
14 33 88862517
80 52 550094157
56 57 8220168
13 64 3417348
100 36 50204238
4 29 457242126
91 78 804304882
99 77 26908238
45 38 44911807
58 36 93244773
68 48 94715364
72 23 47829788
28 76 711393795
54 96 514252
45 24 879047849
56 61 448278335
52 54 6457776
6 44 899082335
33 32 7127540
28 84 1026267
38 32 240893254
3 95 41910013
50 78 107509748
46 77 3540591
67 84 694810377
17 36 90103639
65 49 8176138
26 82 3809542
71 24 6315668
72 50 639236706
48 18 60391297
77 3 23284677
95 59 84205720
26 71 5722908
34 73 2188956
63 19 9028257
90 38 63721452
93 49 2966298
10 46 994098961
54 85 8310086
41 6 1964637
50 75 279135047
50 84 79102596
63 26 145322183
71 12 39987103
91 27 139423066
57 60 8297477
62 15 9802906
14 17 6561442
24 87 1646293
69 78 9516444
38 94 785611757
26 51 59245312
52 89 46895141
35 6 920869984
15 59 934961
29 69 95120923
40 8 2767277
51 77 22001983
60 27 988517779
9 76 380711475
2 72 48384439
32 8 2211942
34 93 286034
7 67 85348229
43 80 270004184
60 40 474997947
69 11 419877678
32 64 34877233
32 43 81980412
40 84 2418680
42 59 405829718
53 65 8230362
69 18 56933240
57 7 34377669
83 21 733198146
17 41 6086541
82 39 993155388
15 52 9371374
46 42 62574034
30 10 15472206
65 92 76025766
76 38 6677663
75 52 78071660
15 80 5245299
100 55 45420322
9 86 5864606
11 85 42216080
82 54 592365619
17 23 45663354
40 85 6251213
13 51 18001813
40 36 24060155
18 67 94611686
2 84 155629186
51 5 9216281
57 66 18216316
5 37 367269
41 30 760549416
41 63 13308735
4 82 37290265
53 77 68912666
35 80 86368489
61 80 41318109
81 95 8591556
65 13 62973122
42 87 4877421
44 37 34968825
30 6 4295490
69 82 92146616
42 99 1299379
26 23 7491543
42 52 85761455
95 52 16476804
50 70 87131793
91 15 56337993
97 56 8975430
16 89 920275635
99 9 785629964
21 81 3858603
45 30 6631782
53 7 992442013
2 65 9099152
29 39 689950197
79 43 394600461
34 18 87384078
66 84 22708611
81 3 79967701
12 10 5030968
58 68 685278608
58 57 2809984
85 55 73504488
31 93 278900909
49 97 7369481
13 98 59780784
65 14 842815960
87 82 8512801
43 90 454893686
66 28 20655097
43 7 636553537
91 7 356859927
55 86 4017693
87 99 30998155
47 3 848548246
94 75 83675931
56 49 8195776
54 83 5251116
66 67 505144307
54 88 585269500
74 65 144476571
67 8 9485984
46 55 9602713
84 57 54636594
62 59 852652714
5 11 375394
21 43 16766232
5 26 14456845
80 70 94537522
59 43 63388262
23 81 5302931
22 64 625775303
29 37 4523264
18 41 24982141
28 19 766036
1 4 56939247
27 31 7406262
61 95 2868353
92 10 9289508
97 71 11549142
51 20 1752176
44 22 790395525
14 1 65923201
39 9 48734456
30 95 19753908
84 45 285470932
49 31 47222548
75 69 7069456
96 64 44046556
91 4 187060941
76 13 4754828
40 14 93206599
3 23 31862221
22 28 926787703
65 23 6833712
86 95 30033684
77 11 8176289
5 52 567965
88 9 349700253
11 65 313795009
97 43 269169
30 56 8467849
11 16 845910677
83 75 9802100
35 17 75607672
60 42 2708248
18 15 1708832
18 57 8002824
14 5 24376946
32 96 29653713
72 22 7730747
78 4 21472416
56 18 592836308
64 38 6090135
69 87 584117679
96 2 2524633
62 24 9143442
37 59 767374379
86 8 8322972
34 56 79141453
4 2 64612351
100 93 1721735
71 61 14522473
35 3 63416133
3 12 7921204
83 50 29524613
87 58 64990348
63 2 728077978
31 48 31723032
85 60 756356434
55 16 4532625
63 89 8705049
36 99 771001190
38 58 611571201
70 57 5931500
50 47 5539898
84 7 844769308
26 92 521624646
17 52 4451950
14 63 3275112
28 89 121128749
5 6 32608464
17 46 6796420
8 99 9359052
33 73 527484754
89 90 744893936
80 2 32657812
27 87 20403385
51 72 221856794
11 52 375866592
59 47 494351617
53 66 362860607
34 90 192944307
79 11 2464662
78 41 8088996
68 4 856321132
18 38 4837712
79 52 195557634
85 74 8539117
12 52 6511574
63 38 30961585
91 97 110567117
40 69 17990294
66 4 77705092
19 64 46089040
43 18 63222669
16 96 98893937
19 69 973668192
79 70 255962090
56 68 1727989
68 51 99801593
20 69 2257714
85 2 872247005
73 23 66596623
25 98 43387154
75 38 90460667
89 5 9658552
33 51 56443126
52 7 5578472
91 34 4868289
8 56 19848000
28 3 65323325
25 32 6221981
37 7 5716411
72 85 9966421
86 12 480120972
100 22 82856536
79 49 9305210
47 96 1574349
60 93 1365431
48 49 79922402
23 19 6570479
69 98 2515779
90 33 8680382
26 86 562925925
10 58 753914713
28 96 999576393
88 44 2968074
79 19 59556015
44 86 286446844
10 21 4827518
96 85 84139641
69 99 90212166
53 79 597895151
64 21 620934905
26 12 64203131
70 44 598292
26 55 7965515
17 21 804933769
32 29 262396643
4 81 5637449
79 88 2418611
25 53 15347459
14 95 2390577
78 99 5039696
42 38 8739967
59 89 662980181
99 19 6807219
1 97 702070
76 63 75935975
35 68 5118103
46 71 9941039
88 16 98817270
69 53 622237585
26 95 464289196
91 10 4039090
68 64 7527749
98 75 333376026
49 9 432585530
10 85 47107659
80 5 757539316
55 92 207417707
35 57 90582771
7 99 2025610
21 52 81643000
89 33 563061
73 53 404670325
23 82 4770307
94 6 2326819
67 42 466304853
25 3 618940327
33 95 6349068
44 65 66281937
55 57 2407004
2 94 2988545
35 71 602652397
51 86 21038465
77 34 90841895
79 95 4434589
28 57 339489933
42 25 598937743
50 57 23144866
98 92 9137264
33 15 42182597
8 29 315668142
57 71 31137144
83 72 40158564
42 12 20291358
58 17 21979338
99 34 2155511
39 25 1694254
15 41 4505937
22 13 3143996
6 68 8946884
79 41 654651
94 23 32075751
38 6 10259193
44 82 1702525
16 95 71665993
82 76 558908107
61 79 3620697
16 64 22334375
40 23 315733511
76 40 552367067
98 51 99780320
67 60 908301428
36 41 5546252
87 40 97983173
86 19 44289583
27 95 4985322
62 60 294959183
66 25 255496430
70 18 57236790
75 22 290919
65 66 683584336
67 27 93860422
15 100 1420099
28 30 24013086
54 9 43104707
28 44 4093214
26 62 3911325
66 32 93559164
25 47 644232948
81 13 1417249
54 30 1012233
89 32 34061386
39 37 86449016
31 80 45053034
29 14 729147834
37 76 87052049
98 10 13990939
20 12 26249213
53 99 713025992
26 15 47583322
45 87 3765323
51 30 875789119
55 1 784380
51 79 54919403
24 98 37967558
87 78 4695447
100 62 61129562
21 99 88024406
24 64 611414106
61 70 7729221
64 41 20350534
20 79 25913201
2 59 791815
63 92 390081623
39 79 88736036
79 75 66583199
80 32 771913934
25 73 34884223
8 38 74939038
57 8 66323947
56 85 24327984
94 80 35012
8 45 3185795
20 8 4577715
96 63 111115381
82 2 7315924
32 21 74564349
71 1 67294028
77 71 83649857
39 93 6002044
32 41 895869896
38 5 770463246
81 55 5370236
23 11 836534953
23 57 587241857
49 63 16585857
2 93 22805368
58 66 3215374
2 57 588324298
60 72 9180406
90 74 3133853
37 56 523716549
100 76 5643049
30 18 66601056
32 14 896641514
87 63 68283625
23 30 9997959
54 23 956814854
29 78 242479243
24 4 641261408
2 42 5836070
66 15 6473813
52 51 335855
26 1 69174744
35 96 846183
13 87 5679633
50 49 3144556
52 55 132283
86 81 52188590
11 41 394658807
57 6 814065148
36 98 291296677
11 87 470256
2 19 536401778
26 78 1916712
99 1 4624787
75 88 461799778
86 32 4945928
65 63 207304579
1 27 7001173
73 19 4638881
90 21 18645609
92 73 3345578
81 65 2995802
84 1 17394327
87 66 482252217
51 76 10634647
2 67 1703657
56 26 52955304
17 74 18698187
25 14 8626090
25 87 94254295
37 16 2767948
61 94 628540286
94 21 76579199
41 99 53245202
38 66 442096567
97 15 95623939
81 34 21967609
57 10 25149945
93 19 6159254
4 96 192781618
71 31 6649315
41 35 500588
84 74 519156526
6 89 878081274
47 16 1122373
76 79 6504853
45 71 46325311
83 23 45454321
35 21 4055076
44 17 188744585
45 32 670165197
94 91 440580428
8 84 926113611
68 80 97634663
73 57 4047365
52 56 88745981
53 84 360659150
99 83 2555759
56 15 76558132
97 37 6043129
32 60 197912308
4 87 973695
74 34 8721251
74 39 69443931
64 11 7075048
62 64 444750596
9 89 48821644
21 34 35937807
17 28 16187631
42 27 86137018
32 24 81627605
53 95 208939421
56 1 82097561
49 18 432686909
45 89 51287109
96 98 291910
10 59 722625601
73 98 141677619
36 18 73923056
78 27 97910445
36 33 667132401
20 38 9899009
43 24 39195180
100 13 369144588
76 41 78225952
98 99 780736870
69 44 7373381
53 12 518984758
82 13 23639416
45 91 26195850
94 22 8819866
76 62 2875593
24 18 49404929
52 30 879861726
75 4 690064068
99 39 8590902
62 81 846784566
38 33 4347982
35 64 1661039
74 99 6267634
50 92 6186012
60 37 99374463
31 14 916583
86 68 40841409
29 83 689807997
86 48 439722353
46 85 988610210
91 5 13396904
14 57 34375868
56 23 435544708
28 91 81630437
26 31 7029376
83 33 1609907
83 25 850792656
30 90 930277305
71 69 56355413
67 83 5910209
72 67 9061301
70 49 3547699
70 26 368758471
69 66 7667651
29 36 7271753
15 98 926563717
8 82 435474666
19 50 9081031
27 41 390878735
48 60 8823090
5 97 961116448
29 92 6820820
91 43 82843027
75 2 7912135
99 96 389473
25 79 62681521
59 75 630794735
46 75 4647427
72 53 39366
81 54 9959130
6 90 246413519
20 62 43749987
90 83 6232614
70 37 39561649
15 54 869909667
30 1 192576777
83 16 7171088
10 19 5252013
24 7 795227
88 53 84736417
64 59 7310121
82 50 481748677
73 51 6605279
23 24 48168876
100 98 86739480
44 3 5217705
1 35 12432120
39 6 4350618
35 16 886037781
56 71 9253086
40 42 1245425
88 15 87515334
54 49 72286651
18 63 3788847
84 13 137372
83 13 78094756
70 65 628992883
19 11 97708508
28 11 602897
53 33 5605405
79 23 293786408
60 8 3979452
57 25 30840001
89 22 8606516
19 91 441465827
54 94 521462992
35 8 5233324
54 95 68634479
14 50 316254563
51 14 9615276
8 7 880342687
35 32 7625707
81 14 130942025
94 15 836117176
71 33 37342040
27 26 876375489
97 6 88389537
2 22 699405899
49 29 8850357
43 44 98931367
4 3 12861343
25 50 27559925
32 85 335984707
5 4 232213316
100 91 368497053
60 35 40040300
41 71 48553814
5 84 5632335
46 89 267395400
65 60 571525
86 30 939291864
93 75 65568008
13 44 4290999
100 64 954201626
41 60 543561332
63 64 8832922
98 7 105365510
63 91 1297844
73 97 44740379
59 27 93229410
15 23 503340594
42 4 8469464
90 68 60801704
3 96 88495241
82 96 549711377
70 48 44403890
42 33 6686396
42 74 365690347
19 46 84473365
14 8 8573471
14 44 85097296
9 27 5530934
27 46 39071441
33 40 37303048
19 25 8494971
22 53 70310290
99 32 24799629
76 61 5933890
90 40 78180866
13 2 7089096
90 70 949675906
69 76 8618447
6 37 49904967
24 29 9157011
20 71 22153521
45 99 57358491
12 80 73562641
78 60 725843130
60 79 20558068
52 65 969054
39 59 26788428
42 75 5852141
3 46 80133433
15 39 496429611
98 42 40194053
13 40 4958629
677818773 504385019 6368531 77668818 792251768 6228469 6599880 37156072 818967688 25305616 8801929 3414508 6876418 495460491 459597128 904557979 6696977 1061350 72873592 8288325 87693970 40826911 3084425 6048301 619076 363834050 924081078 198756100 16549419 990674120 2107291 62340280 304406291 30011137 290637138 854287622 323570613 909072480 747059968 9595881 6794851 85461753 758598954 628926650 654717105 46576456 16036122 4414997 338265498 763900553 5144757 140224163 62513306 92760828 12222440 8758539 459923335 990466565 26023256 82183832 236072086 150906430 89573704 30647341 76837789 5363370 32425051 37631565 3496466 31230045 45854870 575062371 155815562 993696888 91517445 5823960 1079334 7660647 16892359 49603074 769411052 49104310 90703980 80945537 45194524 28874338 172529672 68884573 3697834 141687089 7939141 16957915 79107796 465347618 79407684 9067367 437600698 76189742 373917094 9596471
89689595 747264746 92141245 742302564 491213948 81982118 221922106 42179432 471178205 42744525 87695346 688328360 248178130 622747515 7885565 4960107 8614544 961225043 781650686 5775351 84546551 892039930 47577445 4320525 4828612 29104988 28110695 911499209 4106926 457691772 30364877 53565744 52522901 16836234 967608551 96620770 8315304 2710022 2380711 62056601 216311214 48429319 88891925 47095 525620174 64379088 7659592 32287986 63188111 68679534 96973621 71810972 4853575 5042096 69072 625961512 900992319 9620162 817005251 92452272 5462221 30684638 7960565 320080647 188723258 71929004 65682946 796607679 14606897 933512 79325610 352400833 29008897 73724936 10911629 73985407 10464798 5323022 97979422 232583595 33386812 858920859 7462146 96248207 5685737 33801414 1877285 599005692 77990980 95115914 21492734 30704680 6691185 802534820 652368850 450951455 7518449 9307500 23171530 181464502
901
29 73 7891251
49 36 8001697
64 22 9795904
50 58 39765543
37 95 118503954
24 18 389360633
73 35 787496598
35 38 222703333
52 29 50087121
31 53 9046765
48 12 9287966
23 28 1256603
85 42 230282373
57 3 5525939
21 16 327925710
56 89 47013180
33 90 74999519
87 89 137825757
27 34 165926961
83 30 8196899
82 78 8084110
17 48 6735680
96 81 326695492
21 2 8116963
76 96 771489238
33 77 6049085
3 60 373151956
23 42 418293022
65 8 8249226
47 43 2762249
18 76 50203085
81 20 582523462
13 53 553702580
11 7 3261091
78 46 18210971
33 53 31427009
16 13 5153872
61 38 32980917
7 52 8563693
59 98 23540051
62 35 87482365
61 94 9281192
92 48 201969440
12 1 5974336
27 96 63509342
83 67 49232080
58 56 44742538
74 33 2723479
7 94 1735586
95 5 2065675
94 88 22661712
98 99 7613394
68 20 91074768
85 98 802490
75 78 399702317
65 93 890442645
63 74 602668447
64 17 68989387
100 8 4722371
15 13 362376934
94 77 535600127
31 1 40129745
84 97 901967217
23 8 7034619
73 61 927233248
86 62 36487966
80 7 1738255
7 61 211068769
89 65 45667193
61 75 87338585
17 24 6805829
11 19 962899903
81 18 5232564
59 14 73627611
84 87 8341427
74 10 196147219
83 50 203794256
86 94 2724130
56 43 322982480
83 53 22613376
64 21 26338778
13 45 828261769
93 15 5723321
27 83 40079589
32 12 29868335
60 78 70140681
25 57 15143588
61 42 876970075
52 14 6763680
6 44 69463730
61 95 60471419
30 21 18748139
58 88 63485963
75 84 8340307
37 78 6303463
48 37 132319656
12 29 61944146
9 42 9659958
62 12 59677922
19 53 96662999
32 25 537244940
86 69 75031267
37 15 69509365
29 97 90947092
75 20 3555722
75 12 439419292
85 35 8125594
84 95 85538920
88 82 4165666
44 97 87932753
46 49 6899268
9 57 4747304
88 85 7580116
93 16 699256150
80 95 53466674
66 45 69168684
74 34 68868366
3 72 41393603
29 39 190499733
48 5 2786896
11 37 582456
90 13 38841786
14 95 50261114
34 26 4070875
11 27 3334304
92 93 1592269
71 49 292626806
20 78 307963057
71 3 2852970
66 17 48596203
73 81 3887047
79 57 209211938
38 27 15710475
24 16 591742265
14 37 46020324
23 96 6701633
68 9 81230
26 36 29632102
94 3 8351661
36 16 3505979
38 67 169236674
80 66 8553675
11 54 46402981
72 69 54669900
91 63 61611678
18 10 87996923
43 19 24779355
93 45 944962002
14 68 1595873
51 25 875938906
59 90 4087499
17 93 7825494
74 84 44419759
61 31 861694799
40 56 8259222
63 77 461611980
73 84 978040892
54 93 940307789
63 79 2216692
20 88 12179172
96 33 44946037
9 97 913257734
92 37 28655360
80 47 562492533
27 92 51080628
50 7 9787389
13 36 142943705
25 37 40110879
34 45 69092292
15 90 77467304
61 90 2828468
85 86 78887482
21 35 31806378
82 90 725078535
16 83 134023577
100 29 8803137
2 98 3516144
60 88 82899965
28 34 8984767
89 41 67336346
91 80 602609377
22 69 2380757
82 22 60780539
85 57 4156378
79 20 427295288
99 20 594691527
49 12 335938650
42 94 170201278
11 18 9862684
39 44 988276641
14 10 71180782
37 39 89412766
81 30 3220148
99 12 66270526
47 16 153502594
98 67 4257084
48 14 242997
10 70 908025278
33 71 117282008
78 39 3726291
63 87 37964116
36 68 4981540
79 22 2673486
92 46 77631092
21 59 24349066
69 93 8795825
4 91 2324120
43 74 2993367
53 73 8265940
48 73 48540051
3 18 3173420
85 92 156905255
6 15 33296954
58 61 42253839
35 57 64546272
85 36 47645479
68 56 2393259
78 42 2796442
32 54 3739911
87 64 1221643
57 31 47732803
44 52 6382139
38 75 1804743
76 6 95476340
6 33 8070873
86 9 9296296
36 23 978977
74 11 83172908
98 80 34526301
93 46 4606309
28 60 5019487
87 34 6147511
73 71 199282271
42 66 83891697
4 52 6870510
62 38 7693406
13 1 552203
39 53 181356318
92 12 5506228
27 26 504399886
92 45 369707382
81 56 60446498
75 54 51410335
4 36 67370357
54 69 8030977
99 36 1169952
77 78 912594387
55 82 10896194
58 55 10624160
16 73 37221617
98 49 2025704
98 78 7116056
88 59 7446398
22 37 9077755
100 11 17067943
64 8 5700488
11 28 9879104
35 88 4974019
19 90 137695580
3 98 390268188
97 81 77322949
38 95 2648647
51 46 919067143
10 13 8870408
64 94 762758208
28 49 65911208
13 44 5033001
73 19 338166709
36 22 818479
2 19 767057546
38 34 50389455
19 76 20139797
91 46 3778336
40 89 434328518
13 79 78739159
2 13 49413328
85 54 9998723
84 86 589729157
77 35 139833210
25 67 244907806
59 40 4762713
32 93 2691064
67 71 2960901
94 63 12436769
90 23 6100313
7 3 771071424
44 15 1204447
9 11 77042696
30 49 70625547
14 31 154212619
8 44 8573888
87 59 9453746
54 71 9995099
27 65 14002674
46 53 6579227
86 22 45503189
60 14 6748717
91 28 32842419
17 82 99729028
31 79 154861486
68 53 854695199
43 66 368320462
73 66 50790078
11 65 43572810
49 8 3289306
87 27 10253106
80 54 6580401
43 77 21087597
53 37 5681084
32 92 2375024
61 92 563123214
22 26 3352839
21 42 60427648
60 51 6660672
16 82 550835307
60 30 9125268
1 56 77943819
42 7 84771423
29 45 83284397
11 78 666800136
26 13 1211636
80 22 6349400
91 81 2048201
80 73 373626539
74 68 26789142
19 24 9732981
91 13 685892399
11 52 1295050
46 32 673254529
64 76 92111108
95 36 9680066
93 43 174221869
56 52 87445651
24 92 567942033
52 6 25139042
19 69 97798722
41 37 4975323
89 36 75510290
98 45 260810546
64 41 29089896
82 6 78762338
78 25 7552701
1 49 92745146
14 91 80121763
31 58 39002034
13 6 9071828
13 37 495054329
69 43 328220437
48 58 17363402
73 72 4639177
81 19 9451250
53 7 94041519
29 72 93397725
5 89 55085989
10 99 4248234
85 79 31944549
41 36 392997922
80 97 13131552
46 99 7061991
70 55 4054051
50 61 836124200
95 31 5423393
30 74 827614304
7 84 3244110
13 96 2869761
57 78 786220024
38 19 937877480
25 89 393793333
60 97 57258852
88 5 75276292
13 35 676013907
20 8 97221542
45 31 3710626
33 72 989815917
46 4 1102343
95 4 4434188
99 39 4319702
29 1 2692098
32 98 945614637
88 38 120483950
34 88 61350361
53 91 55626104
40 99 46105135
79 100 9702482
86 19 98159123
12 30 7203698
96 21 5293106
20 15 670324202
18 51 5256761
59 20 856107831
64 60 16794265
65 10 897882358
35 34 33433359
52 82 69910410
49 56 85614208
2 70 865991458
2 10 413463
65 98 779724940
13 85 2845815
41 16 21365924
33 93 358546791
69 60 32310229
3 17 92471004
52 97 5045183
8 25 549906
67 52 439710639
49 55 42568026
67 23 76376148
94 78 875745204
89 70 9258692
61 18 88428807
85 8 5009712
42 29 812920430
50 39 59077126
55 88 31415143
2 4 9406506
26 78 1114851
77 99 3898894
30 73 231991093
29 23 974657379
37 43 270531411
22 55 5787533
36 61 7157475
73 86 9944662
71 18 3839064
50 18 4945910
46 27 331827670
78 27 250729598
60 40 974796550
67 88 99042958
30 53 954837638
39 14 3345101
65 25 24915264
92 22 71942492
34 92 95570719
29 58 83712407
76 28 92286301
42 72 3655369
7 15 1706866
39 97 16915828
67 84 6036094
95 78 2119317
7 85 9157895
75 97 2389277
33 3 1650875
3 50 51646
92 51 4731075
81 42 740665068
62 46 5894713
42 17 53396528
24 7 81589748
76 22 235765864
49 88 81052158
95 2 93557474
63 6 41180989
53 65 43772900
29 87 32931369
29 80 779556634
76 70 1250227
14 24 626567957
61 86 27362519
77 51 8313135
46 76 18944250
79 59 391757
21 92 54169832
9 61 8020968
10 5 7766103
50 71 5703697
20 87 5960816
12 23 36114747
26 86 551576151
47 58 5709074
38 47 1637588
12 20 572308755
53 81 6715284
22 63 131982812
4 50 9962171
32 40 668568023
91 30 80762366
17 43 9203697
86 39 65540105
66 49 450935081
92 50 74972752
24 62 2206046
5 100 876695
15 47 7911591
98 51 922539976
94 21 967526000
18 41 792715647
8 36 8455068
88 24 735520506
83 94 21806399
45 44 82080147
100 3 87209195
38 42 135644772
80 17 735609593
47 34 4485261
12 3 5190242
1 3 1277648
65 79 117133421
57 23 1279784
16 71 989415
11 57 99841382
36 96 4023188
28 44 21279197
62 93 84936373
61 47 4757784
90 18 7761259
61 96 984389020
85 45 812416670
36 71 8890980
79 14 942934860
50 23 61396535
30 52 32332512
36 70 426897487
97 98 9472310
37 73 636047011
56 73 327088704
82 84 5271194
26 20 102614153
10 54 20085728
25 18 9587423
76 8 5421932
23 18 3323818
58 95 66259771
100 50 53012703
51 78 217466450
48 72 544371841
60 21 8607685
83 48 498838468
40 24 2873903
24 21 805792810
92 20 56908834
3 91 41433419
89 10 906693356
63 39 556561548
22 100 9991148
61 28 549519198
89 57 466458314
36 44 53303966
40 61 1653824
45 2 4190486
39 76 860769742
81 82 82555916
91 82 72867070
20 71 709569772
71 58 264220790
41 23 720209277
50 47 35301972
1 52 61466893
68 25 32746576
51 39 8148659
25 33 6119176
15 30 42193679
72 24 9092356
90 97 8479837
28 94 3315746
95 70 893024549
44 32 30028146
76 61 4235396
49 25 665806280
89 86 83872306
17 55 1816694
48 8 1674279
51 20 719757883
30 94 72826215
97 87 72541280
100 86 49201271
35 50 639375
98 4 38217420
3 86 445738111
85 27 3128271
66 64 9607492
73 83 432859416
56 30 905497837
93 75 18402226
84 47 68466928
55 35 4452532
51 90 3596891
4 1 79871736
92 82 2908270
94 10 61464714
60 82 4849815
94 76 4575710
55 38 7647605
36 75 30997956
28 13 381684887
59 3 2656941
94 41 53302569
91 100 634264936
7 95 281618947
52 87 8094479
1 38 4844250
21 5 997062
59 41 350216784
35 58 364505892
92 73 88277837
86 75 187001463
95 3 6940314
31 16 4740846
36 40 7842219
66 93 927906896
33 2 202005416
77 96 4216084
68 66 31992402
79 27 90639989
78 84 1922613
68 79 5612039
16 45 80404332
44 80 853015772
35 11 379223942
7 72 5581443
100 66 353176258
67 36 6126818
70 35 25382858
77 38 31623368
2 1 504821341
85 20 982997959
48 70 6313390
7 44 79373234
53 25 433417417
77 4 51252112
22 52 297188006
53 26 2162104
69 98 94522289
39 87 320796058
51 41 427395462
16 11 672506
36 79 388499459
34 8 5000645
16 64 2515597
8 45 497333522
39 95 937429752
67 94 43580006
62 52 1095580
66 96 48004567
38 70 6497136
86 17 3658514
100 93 649911954
95 96 2430873
1 59 154780669
77 25 41514384
76 82 37502560
53 15 498048901
10 62 80292155
46 6 78874431
48 3 5607928
73 57 6515692
84 68 2226634
100 6 7919377
33 42 6857798
52 45 541271805
17 58 890253
100 87 4245530
85 67 772964850
80 94 903449514
51 85 24563173
88 26 2593700
95 100 957316080
40 57 705241468
58 34 946864668
33 18 85935277
96 41 82795060
92 41 384291226
44 55 706476970
56 69 7645319
34 80 56440914
53 36 663761658
17 34 3331038
6 36 6813114
16 19 7600981
94 57 6434705
23 38 25764408
55 39 6573014
72 25 666891093
56 46 5128161
14 78 30607228
80 70 8278269
43 36 363225340
86 44 191229036
44 65 666133636
18 27 85065069
7 56 9532192
14 18 6116996
96 80 246748688
38 96 478691974
52 91 93681258
82 97 58725885
65 33 8996176
99 81 49591422
15 73 611725060
47 19 81131778
70 46 987903876
72 13 61550499
3 42 97455153
69 38 330087085
65 52 945537
33 83 519407937
77 70 620890590
11 84 23600752
10 59 5242478
65 88 64906502
61 8 42331202
92 43 334317747
89 78 25844791
85 60 7094536
37 66 761322307
92 17 97737830
99 70 2237147
45 60 3928928
21 37 5283362
20 6 3085845
11 44 3843574
51 2 9091099
12 98 80982257
22 68 35577519
99 85 3292735
71 12 342837513
33 100 535159
64 63 54441219
80 93 95732352
49 43 716506269
24 96 34191869
96 53 4799549
52 21 66785778
95 89 4933962
30 71 13931566
81 67 62382652
55 84 567455612
74 27 610963901
15 60 908524506
85 19 828532407
19 95 54887988
46 1 1957001
22 47 58520672
10 29 295867163
39 75 136993945
44 74 6961169
16 8 644506009
15 24 798240076
85 96 5752461
52 3 48325833
77 2 7689670
79 64 1181874
5 69 854983141
51 5 3056413
30 76 277724949
87 23 375756882
59 63 14481670
32 75 609703241
15 74 47824029
83 90 672072096
46 69 43135132
12 44 26466116
100 49 6681932
37 33 811995730
14 5 4970160
90 98 536894168
68 35 7809956
30 59 7039348
67 60 7164139
23 46 7850624
29 40 69783775
30 79 667832106
48 1 868795612
49 4 4950641
85 71 735383213
20 61 5104759
64 37 78271356
79 28 27738424
66 69 597254109
68 18 7363372
100 68 8455194
70 96 458552
24 99 329173786
92 47 1751242
36 5 1048323
48 23 1377221
62 61 9115065
65 32 510974277
29 5 8476645
98 10 60490337
12 35 3133492
44 29 39126842
67 73 9171461
5 18 68710711
44 91 85169397
74 91 90728575
46 88 7850568
97 27 848025601
26 90 84823035
25 90 17982234
68 38 6965576
88 66 142266724
91 62 15373777
77 84 14527833
33 81 8622463
20 37 50140076
69 41 316819511
57 81 293458504
72 75 29730654
100 72 322275754
40 46 456637713
18 42 7416662
36 87 2681709
87 71 65481001
87 30 15601229
83 28 76438054
83 35 9596455
62 97 9014526
30 31 17405532
31 55 45221383
62 48 95349203
40 84 298433024
68 54 7854522
48 51 12969893
34 65 343569658
67 7 566066549
23 74 8234607
29 65 68558244
82 61 379992894
76 84 19283
94 60 316856981
100 90 7398796
15 89 957114341
79 80 8861122
68 51 686505038
31 33 30738107
83 18 841692
35 94 50580818
71 9 552761900
78 74 3231927
54 30 91720585
80 55 57634919
64 68 36189394
52 46 73721588
45 46 82449226
62 60 2464989
50 38 694769265
92 68 137096458
13 58 2894250
14 100 819129157
9 36 3625135
53 79 287037229
87 42 13962517
80 59 509109457
58 79 14895168
87 4 850319869
27 53 866969998
65 17 218893811
35 30 3057479
94 65 48849823
81 95 4151472
98 36 7054593
89 53 6033934
27 55 781054270
10 37 9628439
30 93 3670463
47 54 534077490
13 87 77980270
23 99 65127225
11 42 3532993
46 21 19667690
1 21 6615764
86 98 404074504
81 60 6903513
16 87 413157853
88 91 31610889
27 77 9827315
35 49 39485242
89 69 73560549
79 61 81371967
86 24 670426146
8 12 368244319
18 49 1772534
73 99 4953619
95 79 82823011
68 71 2402286
47 65 6680629
95 54 52901220
65 3 51119429
48 22 10025830
8 28 63873684
84 30 8184800
46 34 975227851
52 61 9751470
93 5 973323807
79 98 32325025
7 99 21833902
82 3 1749015
92 28 941048810
72 11 627439478
88 68 14128793
47 100 67271577
88 95 4003987
23 49 97767507
30 13 60099476
17 2 569932957
96 92 482406427
63 11 121199840
14 47 1487166
653783386 2556394 81468473 10167050 96725660 5572885 66085288 54934841 392277 1683196 53632314 18359494 134167438 759186630 5550216 2880821 754105833 70382376 6680844 66873476 6796766 5313727 561131906 998889866 983585272 5819579 302651729 25170149 9453300 4230893 246954643 3748825 818431 293447143 57760500 23983102 281113309 9108652 172557425 246661071 38584502 17660540 94385199 807261436 800728068 17806886 89790013 6255805 72259831 4486011 334866 24513281 1366896 7040647 760245487 162471761 2579825 694926 27967622 949216072 142963176 21312239 253927338 203637 623998439 1606081 16367248 870944954 706334521 5187888 3256362 863253002 3480185 8302024 3338535 8879199 5329835 522143641 897946330 22135832 679767289 7791759 24193821 54003439 656057217 148785317 44966436 18937742 5436772 400097614 48995 212679277 9350908 2821059 572488773 80587283 182277211 17569164 798541476 541540548
6612919 3740674 1133042 157551622 9433077 4037631 226513612 125010 69928736 534852409 42682107 25352600 81800541 492277944 36393903 424227 1433049 274943833 335239127 75090674 850740201 25487555 19423330 9745357 73927659 931448315 26986968 551224102 11295241 64134648 143963169 585986431 428019881 89275642 2965487 66606338 49995808 778582700 981927506 869341018 449944278 439854650 475322355 80439432 106512 2173211 407491 176200826 9765477 954170867 871389830 16926196 66748580 64119234 2412704 67556053 809960188 664512 456151898 80142048 6590117 47986738 586124726 64069558 79254614 89294009 853783944 3870679 1607771 225612149 37717731 5362303 3669738 29978523 89061631 978716621 9980212 69699423 5845169 37031127 10263942 452769563 8192600 3667065 61554328 3773973 8435162 8356931 500393 642120 356915241 665597251 4823421 32916707 9242529 878918962 447743805 6327223 663569251 1984496
886
63 21 434414
76 27 688964717
84 7 112679794
77 75 3040320
85 60 8384334
65 57 187465996
2 77 49728926
78 57 92616301
13 14 4527112
3 37 2131371
15 43 8034274
94 27 6109815
94 80 58716634
11 53 19605677
46 68 5262831
20 11 2207569
10 1 69020467
74 48 5266112
18 3 77455111
60 92 672284
11 86 772508717
54 19 9160827
74 7 58479123
87 11 28474875
50 67 15670091
76 96 7491958
36 13 52691221
23 74 85728211
17 56 917522214
69 47 337101855
54 47 4910175
29 23 612090726
17 55 4023045
59 50 498586397
31 3 466166838
98 83 672581374
70 66 515683
17 62 7386543
75 51 995718
86 37 1167255
19 99 3615253
20 89 3393130
11 27 35430907
95 4 29274369
54 25 9678563
93 66 76434473
89 41 392864050
2 21 560240
32 51 2280639
11 1 82719447
65 68 59584707
62 35 641038729
2 68 566293858
17 24 5443125
74 98 389773144
17 58 944776532
100 16 737880677
44 47 9225852
99 45 42748772
91 17 367763247
87 36 2521479
47 80 631659190
8 76 90579714
27 72 778338169
87 95 21023583
58 72 581479782
80 74 7328106
71 81 3405418
42 62 518133647
17 69 67023059
24 22 92948166
58 23 236958455
93 79 29472964
31 18 289382383
59 85 89966760
44 38 885591143
85 79 558997402
33 6 760073964
14 42 694264341
75 18 5578756
56 19 64246930
68 53 96358588
97 30 9561700
69 38 9013075
38 87 1200472
54 23 708117306
92 51 477567943
54 35 61007550
55 10 4550312
41 44 48067072
61 47 9378314
65 15 41149172
73 62 558891723
61 5 77883957
81 88 55776168
10 49 242965472
61 13 574972138
83 90 625970241
34 89 700027277
52 72 57204487
91 70 3214606
12 5 560278580
84 41 64993110
39 44 73370297
69 28 53825201
55 35 78613770
49 76 42898721
49 60 368939538
41 3 916486
18 96 32007272
95 72 7806213
60 5 89627505
65 37 9818769
63 64 8013710
20 64 735667
5 97 240536949
14 69 49096913
85 30 38368788
21 40 69448787
67 47 172374348
60 99 840414647
86 64 9147035
77 44 2128306
77 30 446927479
18 15 2276071
1 32 20880066
42 30 31715222
53 6 8746569
75 52 8558422
67 26 12135110
75 54 3107179
57 74 6765993
24 97 47357007
73 53 9174741
46 73 4983237
80 33 68723910
52 41 6357212
27 83 72115961
53 99 840433574
50 4 66614929
19 78 5855895
46 69 180120105
88 74 3552267
85 65 555434011
47 32 86912614
22 89 7625992
82 34 435429754
78 73 249879423
46 85 609128047
82 94 641603362
93 97 88056886
80 73 3258900
69 29 78144421
71 94 1522473
10 93 246669890
89 21 95711198
86 5 7549009
27 35 886458974
64 58 978756967
80 59 9702664
3 52 78983820
41 7 228734
87 98 619399585
15 85 4070355
35 25 2471505
58 71 955063804
55 81 2163119
15 41 961903973
63 87 47155549
3 56 2454210
18 52 34379563
96 51 62508798
45 7 935307151
62 72 343314
39 4 44412949
42 16 9673760
30 37 4495817
72 60 8442097
21 77 55070285
10 32 72055155
71 45 479882959
59 31 12490237
3 58 31073056
64 26 50203108
80 1 47831014
17 66 589299274
66 71 757212742
86 48 31501090
29 51 699862140
51 90 203039200
87 54 504314
27 5 8874077
25 65 44910664
88 40 51121263
76 21 927294315
28 23 238817822
5 80 1021021
87 78 3882875
80 14 87347887
60 29 309436590
8 79 824638657
41 56 99455139
38 48 7217407
55 63 96173196
36 43 19437221
97 51 91600849
78 10 4677929
70 32 18355194
92 55 225713889
82 89 40481563
90 27 5863602
12 31 5251487
18 4 3245791
86 54 52622886
92 54 186566507
7 56 18761925
76 61 296674961
76 87 7788617
27 39 85426253
75 4 662585259
97 58 213582423
79 82 4959263
40 97 846191959
6 49 8549980
41 100 95756696
32 5 4648792
14 59 7415208
92 93 641993
60 100 74254011
89 25 940647865
67 55 41535524
4 42 691850407
30 16 53999728
61 14 5483807
90 60 168343864
1 27 8055388
63 15 779492298
91 48 501874
33 7 72355274
1 67 4050954
66 50 63431141
16 48 898116989
58 63 5621258
13 3 89009156
89 51 150538045
36 18 7744746
5 96 70363421
45 85 3376257
40 43 3657934
24 64 855817366
42 56 5880605
55 93 54006017
24 33 748369667
58 61 5739660
33 12 793596
33 62 3143656
95 64 5272557
48 83 282435470
1 7 2046856
21 12 187345793
11 12 9339454
64 60 1242884
29 43 5629150
2 61 54311220
13 59 7741069
12 73 8512135
36 98 565672371
43 35 298527559
55 14 90441457
9 26 8139443
92 23 88190846
45 19 785883284
30 69 360962437
25 27 9821372
29 94 92271385
28 5 219112360
15 8 235421251
52 2 3427584
35 83 909986190
52 24 400284537
74 46 2757527
75 64 5169734
51 76 8471378
38 59 8626408
75 97 73882622
59 69 152961106
13 100 883887655
95 90 534495316
17 29 383428593
86 42 1214890
52 54 57258875
99 10 908591693
6 100 453089685
30 80 6939722
89 10 4238020
92 67 4929047
63 33 9207311
64 34 61766081
81 60 7723988
40 34 1487038
34 100 9426373
19 4 1286880
85 83 68637765
84 69 28120244
27 2 680410276
2 14 6614242
40 67 9879669
47 1 7728207
89 2 236605529
19 9 505423311
42 71 4205114
10 20 575291914
87 47 3297707
70 75 531824270
43 92 3368171
8 32 35672829
10 45 9572224
43 37 6175845
57 15 66012062
11 10 267317908
27 92 4013855
35 74 70273659
38 11 53074863
65 41 56040822
74 25 8011240
92 10 58411984
99 23 31083934
76 19 690615289
61 90 81127875
59 21 396570758
12 9 5350401
57 5 24963791
29 57 68653019
84 99 55587058
6 62 5711094
48 8 41598882
37 39 723170386
77 67 3643532
53 62 37255843
50 93 28648921
8 2 21106366
58 26 4614675
9 85 16002453
73 85 520140391
60 15 689456572
74 42 52644521
7 71 102990919
70 73 325292671
97 9 3468756
40 23 393240506
67 83 8569466
4 17 578473522
52 12 184449614
18 56 50514254
21 64 69035555
74 91 9655666
64 33 13831506
69 31 823216386
66 63 580272912
45 65 757097722
44 14 5808563
36 45 83246079
79 37 395776175
2 35 534989992
4 54 8974378
16 7 51958502
15 99 29174830
84 18 31374970
57 94 365353681
67 66 66134716
18 88 9068702
21 11 7176825
7 12 291179595
86 9 6477807
38 23 5007571
41 30 6270093
32 28 9982692
45 28 282349192
97 18 14940673
30 73 491569
100 77 19731720
81 1 219145116
40 92 3440136
16 13 99224789
44 6 1941036
78 53 504214541
16 94 13467340
72 49 48460082
39 54 1913702
98 38 59655835
52 80 7044538
58 59 537542074
97 35 75229741
84 21 702459405
63 70 294873361
83 84 761844350
31 28 1612411
57 43 688728748
16 98 4811444
11 74 497222089
82 39 5870474
90 82 560389953
40 80 3008161
84 2 3643486
70 58 79958659
69 97 64035571
84 6 389410190
92 7 658598631
28 33 75772900
56 23 2911278
44 43 5160033
28 89 15446984
19 44 55622296
25 51 1938530
47 79 938945488
8 83 832047003
93 36 2144613
80 11 90679868
99 24 60569370
91 65 7589110
23 67 689671953
37 49 28235825
96 79 10429298
47 75 571191479
20 1 639120416
57 93 16065790
51 99 612929595
40 90 41920827
93 58 89928802
13 97 50448107
87 85 26704930
93 81 9877732
93 39 8264089
15 83 389790891
85 91 484375282
31 91 9878901
11 64 55902167
48 45 25052251
76 2 980335
13 71 43065842
94 86 420824237
28 43 80100868
79 64 67823631
69 6 9422280
30 24 160850162
79 100 9959846
43 74 3885404
90 97 973732186
31 32 5398227
92 24 98075226
74 78 5183893
31 55 6426461
53 86 65218763
54 42 1955435
34 81 532011734
15 6 742042119
38 50 9279211
69 25 840208199
60 6 41341459
35 63 58675915
58 81 4980729
37 34 21201552
75 82 648312737
2 67 116127719
33 68 178053819
70 60 79587908
46 76 89744813
88 9 693001873
94 79 370585834
93 4 252891621
28 67 57169571
90 81 13897437
16 53 8117389
53 27 5055096
88 29 882901866
88 70 97880846
44 71 16908419
63 25 941439337
34 93 635997776
29 35 573962891
46 27 715599047
22 75 5989575
91 29 3373027
82 38 7317196
38 27 8795560
71 88 621727049
67 29 110899
3 39 893511496
37 98 611434
83 38 3292324
84 36 29413816
93 95 16342458
42 23 7252492
63 85 385265597
96 56 411447398
4 40 448782946
61 91 152767933
47 45 9978154
16 85 761589636
85 77 1515194
72 19 66296770
5 93 5139450
57 34 1735455
68 31 933837751
97 54 2689522
91 58 9928542
16 36 1356642
88 43 28747959
88 98 46163015
8 77 3298156
60 20 786453751
32 98 13331914
28 40 7427536
77 54 817342993
95 38 32422195
17 89 31342052
45 27 334739278
84 88 864545620
44 62 10946203
64 40 56265767
73 55 858737
25 92 35612
64 14 8161008
93 100 148827222
56 91 45770774
26 15 424701020
57 18 7417964
37 10 4329680
82 99 615299261
10 29 41138439
17 75 91853160
13 99 95955015
4 58 158871
40 93 1242014
2 33 482051640
80 44 9497911
7 50 545248147
7 23 50002820
88 93 590798144
83 52 6406622
23 34 805911391
36 27 1243629
31 90 7427974
13 54 932139065
89 73 20608532
67 65 984248701
27 99 440153029
26 36 8908237
10 15 52913981
71 53 747565392
92 80 583675856
20 26 439548514
30 8 19409116
97 81 265761
39 91 60372302
5 92 54975316
3 30 45584561
75 10 832592006
4 73 26134962
39 19 6586351
5 11 9319197
57 8 593900673
1 50 8285463
29 15 4953226
53 66 58799216
8 27 889718
50 84 396837983
64 55 3351493
62 25 285285063
90 43 3304489
7 98 1277256
44 66 902277608
37 92 9141957
43 2 44421338
25 81 60541119
90 7 892466868
15 77 712340039
95 52 5469293
89 96 1729051
52 31 1599925
60 84 49280803
89 1 59357349
69 3 57246148
88 2 717381262
93 80 700635384
73 59 2343927
2 17 8254993
84 63 67781458
56 6 30444345
41 81 418894466
88 17 678940990
24 19 6232442
90 1 4617898
53 92 980518941
67 7 2565368
16 1 233783435
96 63 82670101
9 36 439441062
66 39 191833449
5 65 59043607
67 17 741497
3 63 42860914
95 81 8670036
33 72 2699684
95 5 3559457
98 41 693793054
28 1 6756031
35 86 607183078
97 19 111827542
64 92 16258877
71 74 87511802
96 24 4351231
37 23 90943699
72 36 825151658
65 58 2478708
36 86 22262239
44 57 10664398
11 3 670019549
8 20 4167734
33 71 68307901
1 84 247451513
6 81 868532032
14 74 604821749
17 28 708274002
93 52 797161720
55 87 9058165
11 82 410859217
73 83 6580085
43 97 6569881
12 55 81376496
33 61 889731754
90 34 73587288
47 40 555940
75 29 1301758
17 42 8102164
20 98 47815418
42 40 40968177
53 57 93488127
8 23 9777150
86 88 374462171
46 67 9431708
44 60 8681365
83 60 5848449
69 2 3961329
11 58 36085021
86 89 251285181
89 97 834789881
9 23 28143949
22 16 389750482
58 68 6283470
77 18 1576398
15 66 564605271
92 4 98261795
16 4 29309504
79 90 408078516
82 30 281191360
59 76 99932366
94 34 78161063
98 91 1232698
31 53 1257103
57 97 85472317
95 84 89117899
55 76 64513277
31 98 177893518
86 98 2522540
48 92 932682585
70 78 2699660
70 4 916997708
52 74 51961781
74 67 1980953
7 28 409236705
8 22 969379105
24 48 91765379
87 5 6209598
60 41 975368716
6 75 7574657
96 88 798869202
59 19 4392956
17 76 655910488
35 22 1624911
57 28 52746750
94 77 60001686
96 67 82929972
88 42 3834490
44 63 3630829
48 95 2563258
27 16 172285988
78 96 43952795
23 50 993535998
12 29 9617333
12 19 4652218
96 9 7317573
28 50 5392551
30 15 5271149
73 23 40695301
53 54 906256884
20 78 5180896
16 74 9836344
17 93 786248992
31 76 2681816
3 27 8751950
61 70 60027444
11 69 964374562
74 70 18563536
3 83 4360650
76 40 29508342
76 90 9072746
55 83 471523003
99 35 453129367
50 61 72629454
8 88 4961076
90 22 7082329
55 49 41459656
90 62 186601669
92 28 76053251
63 16 82969153
78 66 16128418
93 49 16964372
2 5 288404905
70 35 60182137
49 9 6932660
73 52 99096765
27 44 11031061
73 92 668837103
91 11 942585461
23 44 483384821
33 22 13961320
63 88 9830485
61 84 216804913
27 71 739345402
32 50 54050136
60 13 5518817
72 55 318485571
98 12 9049595
25 36 72106031
47 53 1799305
16 79 89554454
89 54 9622427
25 67 5950450
97 17 53063660
37 69 130434754
96 53 3699378
33 89 356763098
46 22 3363351
10 48 3183893
42 55 30828585
27 57 881262346
60 65 4336851
8 47 7517693
4 61 928133229
5 67 8838834
59 40 4093689
12 38 4198969
3 40 37387033
21 88 40907749
6 61 906489
38 22 5607142
63 99 704166095
10 41 203033513
64 22 5654941
66 92 933464208
47 7 623324435
94 88 6668626
18 82 6069125
64 97 8446441
1 86 83326167
5 75 43694338
59 18 4464976
31 74 52741277
48 3 8961902
5 44 44875909
80 99 946391036
11 50 28431872
78 21 2284534
67 13 537856656
57 24 59766354
57 26 682681679
4 63 2204806
86 33 46229879
57 50 167385468
77 87 91756871
89 93 578005794
20 76 409903199
16 45 664400262
93 72 671620544
8 18 519988
23 20 2422615
32 92 52729135
55 59 7704400
91 7 186243330
67 61 641251988
68 94 921450954
68 15 201625626
92 96 4326713
53 2 2201899
46 47 51799243
24 13 47701183
87 57 111944589
37 90 4880225
89 13 74538508
26 49 4720128
49 46 38148640
11 84 49562313
53 41 797806252
28 41 47948724
1 51 72441280
98 45 5486541
35 15 4644874
5 26 5876148
8 85 27367338
69 19 37240037
71 35 16339769
35 79 62276793
79 17 117644042
95 24 278276275
60 38 404244835
20 47 82068753
98 84 81189734
63 29 9343116
67 16 1459283
60 10 2120781
35 11 8172069
43 100 8318848
47 13 27640835
22 13 604880793
5 51 7026737
71 85 82003642
87 39 970044987
25 26 747355136
45 96 677038904
4 57 78896480
85 35 7791100
91 54 584253208
8 69 53581580
42 97 7396360
72 99 1330917
95 86 5318987
40 96 62870932
73 47 823861
30 74 17033200
9 25 57549222
78 93 18126852
21 19 827087691
17 68 437368936
66 81 789451603
87 92 24783368
81 78 11678135
30 33 47733076
95 3 33895837
11 15 18312239
96 47 4189548
48 59 6161506
15 39 526847322
9 63 286702067
77 89 962267
76 66 34720258
82 23 582148277
28 25 17995856
13 49 2418752
88 4 70600934
77 17 791123415
75 32 1184395
70 21 4732300
53 64 2149456
18 80 2184725
19 81 43115858
82 63 30534227
97 2 4694916
92 11 3140191
19 90 230781945
36 2 367817
73 11 405266961
86 76 1011248
47 99 813571160
2 13 70781027
12 96 406066914
27 40 48420979
22 86 241504
72 82 93792781
56 68 79875887
61 64 6290540
12 23 184584
6 77 669208286
32 7 267078234
73 94 991096432
32 36 81120305
1011057 38305776 1604939 7846853 8260131 59703260 99361709 7371912 49478654 49231185 455460787 6694563 955794816 48001717 54976545 303511201 6210173 291782301 78969141 4366692 713333147 16200292 6428593 13743501 5030672 861296171 1262219 696796354 85172482 188091578 27180916 3883087 84159415 8515117 730240357 7963280 34456062 121097002 7815347 9252986 652733050 949271317 7150421 268801128 116254358 11257429 10712992 908014 51578684 479982 23800189 981100614 99414423 7205355 64318511 79531831 626774 2105819 8319673 4592601 368355252 89351727 548444183 213130192 88892354 1862493 21671041 130275911 8851359 4074242 78527208 27964563 5585884 83316 6764837 357305869 4977053 2909193 88257831 727915794 93354957 13785480 80019431 521582702 47816121 587648374 77183394 2787428 551878407 1743714 38073428 99668773 797866225 887325544 53136942 145450411 110273915 2642010 534060506 4034015
282523411 219313878 39603817 6877287 8177597 355728839 6382548 14695966 45948369 80146788 7729285 784409725 77302724 887729916 160322578 6589502 1352731 410052215 721673470 21288116 398156955 141178511 671481175 7499683 8460724 179311753 98023247 8325799 447436983 77134737 7533139 1537424 838380837 857849415 34315637 46692533 85338114 46200596 5671641 33358615 4039409 34042920 603154391 3039317 155485 10651257 135133957 956288851 61008476 90655722 8283392 890050257 816285177 91383939 763121867 60946162 25448790 751135262 72187920 91741237 462503928 81627168 867890 1930509 580407132 490171265 2476050 61874664 97767647 63118678 6162672 59280 51977548 554200109 2538224 9122845 473142443 4682560 40685238 657284655 207775468 27971889 8319410 396013869 2230820 4480455 59637617 996473 7703202 393526791 75727401 55226229 1096711 7652871 738482773 60540782 6805045 5945350 876179556 6020684
889
46 58 24989062
100 78 8330902
17 92 82985542
85 51 4341100
53 42 20162813
66 48 5827040
82 99 492221789
1 14 3639380
9 62 73883
91 41 561373599
51 21 349460223
83 14 4936011
81 91 4325953
67 99 95871379
64 80 345583117
41 24 1349406
42 22 24566090
27 4 16380317
88 72 119852308
83 29 5366846
51 78 55848589
93 13 447136631
93 20 72761762
34 8 149582738
75 46 2760610
65 10 2385853
59 56 97315764
30 73 199701021
83 2 67904879
10 7 1684324
84 40 4630382
71 52 445425519
90 55 5146004
67 22 4512195
66 29 6354847
12 56 143806089
61 32 571240238
24 97 13734198
55 100 675646595
81 55 9918335
75 8 558700240
2 18 141398603
51 83 70666102
17 74 610705548
97 18 80135442
61 60 33508720
82 20 1877806
26 99 68139234
58 78 28088847
7 92 939781225
96 58 47983283
72 78 8673143
48 94 4785387
27 81 33099035
76 3 3053329
74 91 79508993
97 96 81893476
22 72 24182733
5 93 59839816
87 9 816146749
54 64 5584634
3 15 5452854
89 86 196144981
47 52 13782414
17 85 428911667
69 74 2027419
83 76 31637765
51 43 6592079
40 21 4149795
56 46 45751604
46 67 570502900
68 39 5139866
30 14 686962644
21 35 7955288
21 33 5869170
71 43 3314460
48 23 4005160
60 18 38557163
22 58 44549380
18 19 978776892
85 42 60809919
62 24 6515875
79 69 56278244
1 57 10212958
5 65 8481360
85 65 5586931
91 50 24800330
23 79 11161113
51 92 45813699
21 52 5933955
26 25 45004269
1 43 68964677
90 89 37706525
78 86 2822157
88 34 44103030
1 16 1716345
59 94 749205709
59 47 2499497
2 95 5933438
32 2 762886754
83 12 95436695
47 14 52776436
76 80 324016
12 26 8203091
19 73 4789346
7 40 9638367
66 32 475256010
75 13 26108000
89 21 41068168
6 67 1637744
11 41 568720275
31 55 982432585
46 98 579902454
84 3 10082357
49 1 34875668
76 1 87925831
76 84 74182562
2 84 342497687
58 95 82130528
86 17 9801035
53 97 50894768
68 96 6751290
15 43 9907260
79 53 53354629
77 19 83025867
40 57 6815331
48 54 134304689
78 64 40284548
71 49 6083202
33 23 437675828
26 90 4866420
63 73 8037259
46 87 804587292
28 47 3415489
87 88 7490795
82 66 94945668
7 21 919464
99 57 5654149
6 98 679090
20 19 268177099
43 36 1624011
78 52 600672807
16 80 9549029
92 8 3277908
96 95 46281373
93 29 3567217
33 52 10299652
54 41 8180274
58 82 7066255
9 100 23476067
84 14 171434319
73 32 685799424
100 85 78917716
8 31 95526095
41 31 48328285
9 41 6322096
73 76 54265728
27 67 199720442
95 92 39360048
32 12 6210635
4 9 35115419
23 59 955492189
61 38 35584315
37 95 866997816
64 13 85495046
29 20 6394483
28 31 36698058
47 10 3285661
91 30 1355852
52 28 6948419
96 8 378021718
22 87 46574469
16 41 50384502
70 92 5827259
19 41 89596521
65 56 700389824
53 1 638926221
89 94 6137724
43 75 6957860
73 94 395420137
59 76 41615635
38 27 31035559
48 62 55391558
12 37 493095403
27 44 6342726
36 12 74521093
59 84 8347231
36 64 369000354
13 45 3228973
28 20 613227800
93 2 9541976
83 99 424089775
14 42 6117171
30 10 16235105
25 46 1885845
95 18 897153186
63 23 74038729
93 46 2930044
20 18 6469798
63 39 377550657
69 91 426539529
72 12 86907998
34 12 30964957
70 5 510584265
31 4 7791043
10 61 62939939
2 49 54912095
98 35 6627484
92 79 785016872
37 58 401637336
85 12 53906683
81 45 2843819
24 22 53754085
85 36 4388674
77 35 22547614
80 34 874608283
83 89 6846382
22 26 2531403
91 22 264539116
82 65 674425744
78 48 47516115
13 23 36217404
38 97 1484425
89 17 59261662
22 60 533648798
98 43 6257442
69 17 28734290
67 74 30087683
27 49 307627483
89 79 40719233
65 100 4223698
38 40 7873020
39 15 28830540
79 44 666273891
49 22 8350437
67 78 559959049
7 62 623730333
8 99 91138415
24 77 893906196
47 70 702476661
92 53 949378626
32 1 578978691
82 96 6255063
79 12 7270779
59 45 547392664
14 70 7582738
77 63 908654347
58 88 583990915
35 74 77280366
30 3 91506269
89 42 124636059
37 17 400262682
91 77 139139512
16 42 412606771
45 20 997355782
6 33 5044
94 52 868409
4 100 5415708
19 54 21708381
90 94 16250849
3 39 56483993
38 45 639908886
36 81 31389003
17 75 92693510
16 11 625244752
22 53 961274586
70 67 742017644
75 23 77116070
73 23 30086576
22 40 8598734
79 91 376472475
37 70 471375571
36 89 729777732
7 44 6207081
17 40 6594789
34 57 3881806
94 27 55282040
17 94 45705325
25 38 224065083
57 93 3966042
48 84 655471014
96 20 2915823
22 23 2326414
79 46 36219973
27 13 6418378
49 13 955948127
20 4 949963235
30 6 771941265
25 93 5107248
76 71 7363143
59 30 755827887
43 74 43415894
85 91 432289322
100 51 937729875
3 4 9335901
52 87 97873241
1 7 74839185
82 67 9690807
2 4 1559301
21 76 86134560
14 34 9514188
13 78 303606
8 82 520151479
12 43 103651043
69 34 76163951
12 63 926918591
24 34 53379
16 43 423570237
65 21 81467708
44 73 227368860
16 13 6127662
87 76 2421239
78 46 87255762
94 81 39259865
93 91 90270808
98 70 6504653
96 51 422777669
31 90 3460113
33 70 9676242
97 57 66599042
14 88 706895110
8 7 67216957
49 39 5667561
54 40 48842159
62 27 39789183
23 81 99833204
13 58 433805281
41 3 312170458
5 35 22790205
62 59 72556917
18 87 81888119
89 74 74092987
74 13 691550
73 93 5827069
19 72 160894558
2 13 1044113
21 92 2670047
48 51 7784213
99 97 372564618
53 76 4123226
63 99 9433534
66 59 9891375
63 22 65464796
86 43 78117590
37 28 362250550
1 4 35220544
66 75 3866803
80 57 1568855
38 71 263986202
24 7 3857300
60 25 949633451
79 48 676599173
61 76 83853251
88 22 3784881
18 93 240527743
1 47 58261723
9 28 44094642
15 80 1387595
13 32 2174151
41 68 2702848
16 32 943083
67 56 7857114
87 93 574529415
71 23 7987683
56 29 65079602
26 8 9144628
79 24 118537607
44 65 7655734
1 71 1228908
50 46 76958939
64 37 46788331
33 65 284905252
64 67 876923549
6 3 685641426
14 66 6000438
84 1 61130400
72 34 5674125
41 4 74903744
59 29 373482985
49 26 222249577
72 30 3329521
31 42 5663601
15 47 1618607
21 93 6976117
21 45 15997291
37 47 72449377
80 74 85755085
93 6 963371599
14 82 3929347
56 34 36969889
98 34 7991249
90 59 67460589
61 87 23916770
10 84 42557593
79 8 11576812
42 64 3555140
17 50 5305280
42 49 790217834
82 3 55900393
51 7 53676516
40 5 925647918
8 39 536269
81 12 33234295
11 52 368310933
42 96 962243777
38 36 21420315
77 15 149684902
6 88 515230
35 49 7609849
4 65 6175885
65 30 5016495
39 77 26243078
70 60 93496583
99 38 6610658
80 59 30463537
99 5 5062333
44 40 68677961
43 41 3559021
39 14 198742292
19 40 3830909
25 33 61216431
95 16 500579951
73 62 3062850
45 48 20214359
15 18 894506201
48 55 4128972
83 37 910810077
26 75 201749469
30 41 677415720
55 66 9624409
66 60 75112876
8 38 2698495
7 79 36243798
9 71 31919981
51 27 6286787
56 58 2210547
60 2 2240854
41 64 1156829
81 83 66928078
50 89 286284500
75 60 8931255
86 79 715527166
22 97 81129603
40 75 22365856
6 2 36720378
91 92 136792592
78 99 905880121
14 51 4519435
62 93 57224331
61 68 816566725
91 70 420854083
22 70 990880
7 59 78980401
65 26 20487128
51 58 66253499
80 93 839737081
42 87 147487681
70 86 961187291
39 45 55082741
69 57 8730197
98 40 25033586
78 22 916057240
67 63 2410001
54 51 2060198
5 83 443229
96 28 7479531
16 40 5764135
86 34 8207437
63 43 47125644
16 65 848246
25 56 994543465
14 89 43895064
88 40 6636818
26 30 45278254
78 54 7631171
100 24 9012733
25 3 47425359
35 40 9755124
64 96 508371660
14 73 27899388
57 71 812285195
62 42 4085008
56 80 8099337
71 80 60104803
56 97 6392564
55 85 869626270
95 59 13136333
80 6 9490711
11 12 22954746
31 94 8318579
21 100 1672341
96 44 75251575
97 32 6352039
54 100 72960369
50 86 72882671
13 10 9058586
1 85 22465877
44 49 9379347
66 93 7207777
65 63 386668736
29 65 302190634
62 44 25019505
19 78 33840072
5 37 87981972
18 22 521649375
19 97 31846177
95 100 358719699
6 73 63897924
45 10 42327899
45 94 3823437
64 8 8065456
88 42 584250359
15 88 886970175
13 48 409913624
47 73 99697708
91 24 323708294
21 63 4208744
32 74 8304110
26 5 41952501
63 28 4107202
40 99 8867781
51 30 72926042
23 57 11434400
62 100 186587
34 45 759452285
43 82 468147855
12 78 71713187
67 33 57964816
74 27 859265657
81 88 9378606
3 26 2504190
36 60 9686318
2 79 654822447
86 60 54229547
33 59 6701762
6 51 266286225
62 28 475370721
8 95 50134178
21 81 8131484
92 2 1529824
56 66 915561514
53 31 29383056
35 22 96679176
39 27 23994926
47 61 79277473
89 40 11778670
54 25 367201980
99 18 1498485
90 72 153838901
71 67 20542651
47 46 410119211
51 32 860942030
75 42 689767437
25 7 6315950
28 56 19883466
55 24 780650006
71 45 6297866
26 9 46746231
45 27 274726757
93 59 242199281
3 87 9142404
93 58 2827968
45 8 6106764
14 93 108645014
25 96 39050834
95 80 2315893
35 76 356855159
29 54 93613975
76 40 472130775
71 77 8947712
45 4 32907489
42 73 437030918
55 30 7987311
90 67 698703476
2 62 4925091
27 23 69841278
21 3 5709399
11 83 808118244
46 17 96849978
57 70 4365002
48 98 615867986
44 61 7916031
82 60 1796398
21 39 6060544
33 30 80303926
81 61 65470046
65 72 111531676
41 88 67910855
10 94 5568583
82 29 218695405
33 13 877423
99 68 172746710
92 72 9479886
76 44 420289318
14 95 65920759
82 86 1747371
76 7 793453219
51 77 61521994
57 84 1166434
81 54 5130421
18 56 8295818
32 64 832137770
12 31 65807769
6 92 617544748
11 62 9095202
98 18 18342548
93 84 8107948
99 31 60328981
53 18 296168
20 62 53725928
38 53 6108176
46 44 28632004
29 49 59457376
84 55 5926374
27 22 8301945
76 62 1809144
85 58 428105546
22 83 68813062
67 69 71657416
44 19 1883491
22 86 365044970
49 18 579174767
44 51 604373
85 86 61061223
51 81 7252454
20 26 86068961
46 8 622180007
48 39 775799373
90 43 50351978
28 14 29671616
26 84 983665
77 16 4133534
34 30 17175719
62 79 9681377
35 91 62318022
45 67 256614471
36 2 4394843
35 62 18856957
43 24 7344121
40 48 183632533
32 55 2983631
14 76 26441997
21 47 452787781
9 38 9145755
3 40 8989440
76 93 209837246
93 72 587482344
66 18 75555525
61 86 10152750
25 82 739690344
14 45 322391841
43 60 7649140
75 48 7474396
70 77 4074787
57 88 82959961
83 34 1414915
73 11 93111379
71 37 92191327
85 54 90870124
62 96 6467189
85 96 688231740
8 98 88601548
23 84 28147848
53 78 8824771
32 92 92990939
90 16 537530787
73 25 578080501
14 52 431092059
94 15 2519700
40 83 822537474
24 42 4897514
4 64 72859566
48 99 597571613
3 65 5266988
26 58 72439033
64 27 95169642
78 91 2835541
75 87 80192049
72 66 864049655
87 23 11957096
69 59 882336408
66 54 1696192
83 6 6640802
31 25 908862
57 26 69769969
95 53 98725972
61 71 548682811
64 29 356912
58 63 234080591
1 39 442268452
98 95 200717030
98 73 32486044
58 32 456319123
46 27 26546304
48 88 4710623
44 29 545735646
96 26 366349945
55 43 97374344
96 3 29227379
40 50 943481071
86 71 300187
65 17 17401861
65 32 602665
28 44 460953411
15 52 8725971
81 29 520720450
93 30 331898487
93 11 6322545
80 1 594640137
50 60 3821592
28 23 881642586
94 4 6908436
56 72 67900954
71 55 527883815
32 82 60331641
90 85 26782071
74 22 2542288
34 37 70549703
44 94 487644497
25 44 7092953
19 95 229058390
85 74 679478875
71 11 6375392
60 5 830833156
22 90 74375625
42 99 17774745
51 61 32724710
67 26 13822469
84 27 8979571
26 46 718847177
66 35 235809608
69 32 49555078
56 77 9860885
97 26 3664741
51 20 31616608
75 69 292810062
83 50 219797263
76 47 80121514
36 23 707291536
21 94 205137241
52 30 60266684
25 95 871262030
29 21 9183564
20 41 6620925
12 28 2539174
18 83 99174520
16 60 57866728
77 28 563989069
57 8 5172365
19 26 395232445
25 36 544876243
64 40 347797206
13 42 833225
80 18 8233332
39 16 169627147
2 54 601331253
80 81 87370275
58 38 4781454
42 56 6722420
64 21 727958872
58 10 1770905
77 29 8495776
13 66 73853426
24 68 49904181
63 7 94825067
31 72 8698221
49 12 7570584
9 33 9291575
81 90 17792996
16 34 2982098
57 27 55871
65 47 93512868
37 68 9248160
45 80 9913441
7 28 87622373
27 19 63089914
99 29 2143547
59 51 6293101
51 74 15313921
94 1 892494202
67 53 7402984
49 50 616508754
81 34 53152737
95 91 901122745
44 48 1069256
27 12 41221785
11 95 614440058
28 58 725913538
56 10 83127525
35 32 6459173
98 37 984412896
91 87 39281493
25 42 359289136
94 95 4545046
74 83 685343334
38 70 69798475
9 93 11851715
31 34 81362802
49 89 935813
68 35 558994642
4 72 4362960
84 60 71559068
31 13 9843148
15 48 468295507
81 64 209777450
99 56 35051442
44 8 22608532
45 5 1675598
71 48 7701682
35 58 339503489
94 84 80247190
50 80 979385250
28 78 451736963
84 81 91484170
22 96 855844085
25 83 696111121
87 84 5260164
62 65 59327645
29 18 6476954
19 55 8595917
56 49 93803398
95 39 5042416
65 49 259498563
68 55 5668624
18 36 9149032
90 7 938712832
70 31 93233168
23 1 634139529
76 88 968297115
4 54 8908374
17 100 49178221
39 13 26700616
87 86 1257441
90 45 967598210
47 12 275392543
66 8 65902263
97 48 355044103
42 57 8675632
92 97 66191131
14 79 939464
73 3 3912359
29 2 4541567
93 38 5209136
23 80 9283075
25 47 8770523
73 31 9183424
39 99 6639744
38 96 351583065
18 39 65900882
96 45 145731068
36 78 66871903
67 44 389173238
88 2 3551901
74 95 6208522
85 2 2212462
74 38 221016078
62 67 47563352
67 31 7328266
45 44 88811448
60 87 85569384
61 30 117497131
9 55 3029598
95 20 848826
9 24 5024317
26 51 731571812
26 69 29366438
48 17 75395590
75 50 30044935
95 22 21435041
52 93 253896689
20 59 2182017
69 5 1504035
91 26 899165118
61 5 7013756
62 52 7955067
4 77 95968152
29 89 7468051
36 21 2334075
2 52 704231411
33 7 4137550
99 74 537780718
23 65 7219673
77 84 444361927
14 17 6709782
75 58 108159852
43 37 809140203
16 98 849923973
91 73 3602233
21 31 37178581
