100 5
606156943 593296570 914292304 60654769 46144724 712199388 7730259 4659331 1060227 8178306 554578514 93411591 32263371 499706531 780571547 696704121 6983999 630129235 724149316 34701803 9286034 933532633 62008886 44153925 59198 5850587 7049702 203172782 23509487 896834092 6837248 106726069 774266689 1851821 8600786 975780097 3921969 6051140 5098616 472524996 607920979 8208043 923484403 681488600 329728030 6107044 66910893 88902935 4661399 20043122 458394596 6010201 5104977 4059856 106541161 2764866 81390393 239990 561425340 248774148 296281823 631420016 626094839 5358905 1702188 45113359 2906120 579588974 2412372 438607752 94896386 77287212 76161183 5871862 52781974 98362955 399333387 3656908 389206873 9994697 352122187 3544915 74002107 2328816 619974042 264628781 95657999 31194027 4672028 61270759 53178168 766450090 4988132 62397732 42046373 659508467 454562 20978 1093874 34099446
3645788 61343709 694705883 185228 870907357 72895981 576858233 3856824 5980441 5556932 2873102 164000685 42899569 357305 88765726 78835143 2684958 2533302 864912378 99644571 797924317 962442276 3159260 51503703 870659230 3782392 59317720 408113 300884895 627963890 9806966 2212166 255187 7976049 356126500 657916445 940319674 8896636 2447878 1298066 7646521 15261294 441160316 4973165 41352594 2517688 2042961 397646063 123669873 63883224 2773752 77887486 7202398 173693676 69820748 890036624 9618654 44269360 542534805 2122462 3508467 95081933 43128146 98315838 542610275 6302241 54481156 597907446 2089509 66239924 697862753 9402963 7338304 85355755 9896378 658436952 30369449 65614363 13743564 25289844 2855096 98056501 5967573 2053405 355579056 668566 67143950 78866610 3046730 5593266 14945421 38397152 92244165 48370921 20633772 3079361 952481695 640363862 64108869 6319227
888
35 66 8576280
58 6 2597461
1 73 89378672
37 49 423544192
51 27 219114323
7 80 9616252
35 63 21784263
74 6 875806281
35 89 4527831
6 75 6672543
94 32 314798481
29 2 6042996
43 9 242427
49 90 23056993
54 5 4676587
1 43 8430061
91 35 2731317
59 88 96401220
49 44 454961334
29 98 2756542
41 55 2734196
93 49 278412903
40 5 6044272
53 74 579139622
51 54 7890436
99 98 987562344
84 36 48066852
74 72 63620882
9 5 52202403
10 80 7547493
89 34 7720276
17 83 4904223
51 26 23608519
54 10 382196934
95 57 5878753
100 79 493436441
26 57 64566926
3 50 862473365
88 45 647201287
36 51 8996741
47 3 5929287
55 97 767619250
94 43 3671017
60 43 3142232
63 41 2825885
89 70 74261476
21 9 15342845
82 62 43436723
51 23 7609022
88 95 626009500
93 97 2411161
51 75 476294332
45 35 58686303
18 28 84873802
45 79 22484859
95 97 1006402
96 97 986343641
26 8 431358665
19 5 2165781
23 32 5977129
84 59 7608759
14 37 416267
88 32 67553501
26 87 67442337
83 8 7803251
63 16 42196352
42 39 687558787
30 1 527744
53 50 5922258
100 40 35637038
44 2 602000690
32 4 393163699
56 69 763366722
94 42 20564272
16 51 804945478
47 84 8102614
4 76 69929613
14 3 86808031
75 53 348798734
37 53 5101017
72 82 230404907
46 51 17879597
63 3 381408260
9 94 843287999
54 47 956379565
38 4 6313017
12 5 473904608
49 95 375471516
26 15 5569353
18 97 5090691
42 88 1046886
35 60 11883916
98 100 16180735
98 76 2137706
47 70 60507524
82 9 49271813
31 76 81891729
8 100 2128476
27 38 90980218
90 30 37129774
46 39 6336672
48 26 33646533
85 1 4307922
28 15 81382432
43 45 674110192
25 42 4057349
95 31 484395195
36 19 353382368
45 12 85664065
49 6 343790
4 84 27019522
54 73 5014212
49 98 363520530
95 21 38760678
75 98 9860891
37 27 5530615
35 61 649405251
82 73 592652693
68 18 5738071
89 47 7304902
37 31 4712604
11 37 7660841
65 23 85936045
59 15 83992199
61 13 3069455
56 41 7781978
27 60 19251899
88 4 72211273
86 100 735337750
9 24 685619610
7 96 28018567
98 45 714246373
33 35 214295969
67 99 73157822
3 65 157638294
29 67 5546896
33 1 3300469
33 31 5287023
47 25 6931012
15 43 647382662
1 83 2652553
50 19 5295283
98 5 6404104
29 63 2333776
26 45 4125139
99 55 2486693
28 94 813379450
12 72 3927277
31 42 2532388
60 15 9670150
13 35 2790705
93 35 4729085
16 39 70785494
18 2 42708267
56 10 53540858
48 63 1531193
17 36 818409280
69 34 604218
75 22 69690346
84 52 44812443
35 16 24713617
39 81 5276718
18 42 7459626
38 63 35908921
43 100 2330464
91 24 116629985
25 71 43596982
42 26 238130
46 3 816218946
17 63 937365185
48 2 46367943
50 97 4276848
68 99 96088471
96 38 63515756
96 92 34799
21 76 22307933
99 81 388647870
7 34 46541950
54 71 84686344
80 68 69981161
19 20 690519694
67 70 130389815
14 92 171274825
5 65 3693501
3 69 1077420
43 27 3348072
9 38 100032
27 33 105453495
9 47 367171392
42 45 796057439
59 44 685569727
32 49 891626660
96 35 27696315
25 8 89696866
52 28 15101034
49 16 257013923
63 8 3133994
24 70 3688586
31 60 78846040
90 98 72954589
94 54 48888693
93 85 178979999
91 92 87720733
52 44 6024356
62 39 85147273
17 62 61502961
37 54 354630328
100 23 534240201
25 18 14986131
74 20 280611021
10 8 67588481
72 94 772513912
35 7 789904
82 66 51331687
24 18 4990457
94 56 248280865
76 6 49457037
29 19 47260515
85 91 988423795
23 74 3457406
97 37 1615135
17 3 582469484
88 34 55628731
35 10 982825607
50 35 43978500
100 59 924880831
11 70 9380834
52 59 1678998
82 33 684853869
43 17 716263955
98 7 50595520
61 52 7219446
25 11 4222707
92 29 120282702
81 53 272677424
26 50 73632411
28 58 331874337
10 57 4954937
49 26 328504168
96 9 90455475
67 58 64283662
89 90 5958099
96 48 33213375
3 61 5979806
46 38 983404138
29 7 7566286
59 76 141623257
57 30 6186912
23 41 6334462
95 45 67914964
29 65 71836997
66 89 725161098
17 29 72387456
46 23 280643656
62 46 70946592
33 21 6730500
80 64 23555652
91 94 136967350
54 89 1429370
14 98 87514640
62 73 776475
63 76 7617652
67 41 632730989
34 93 278541005
52 77 111598341
88 84 507717717
55 75 362845397
100 78 1045288
31 62 2997218
69 40 49991504
7 6 33725891
1 68 9632402
68 41 532356781
11 74 1255746
43 25 2666524
23 12 11355579
80 72 3256911
24 56 15727296
81 82 23606780
94 98 973540933
35 1 344638459
34 40 677618841
14 8 89628863
77 80 562081728
98 57 4246805
64 29 42436968
49 45 223021988
40 63 984263550
69 50 671067179
42 47 5207171
76 41 2411268
38 48 49252754
84 69 1910893
100 52 346895214
80 70 25657837
25 85 522458282
86 62 8521650
65 92 70346671
16 65 667398651
50 27 510761952
2 88 70652886
82 26 59644
81 58 68523319
15 50 525325025
88 82 6670441
80 19 19635964
86 11 233604907
56 5 3319688
59 72 589681561
10 92 449247728
50 17 4271208
14 31 324204399
31 56 15848306
83 46 88027095
42 15 7102343
46 52 82427529
87 41 8737759
67 45 5021463
37 76 787956961
30 66 7320818
53 2 335191453
90 7 978054298
45 84 5444566
6 37 648885579
79 74 99389359
78 12 39132665
36 98 1784639
8 88 77735421
79 55 81404964
64 66 6664224
76 83 47251286
48 94 5175736
63 7 882290885
88 68 2663391
23 45 332043281
93 86 5961722
76 78 54769513
75 47 828873212
74 51 148671589
79 53 2452122
77 3 17533706
76 46 5320361
56 4 7242594
26 31 425520815
51 59 3051044
21 93 7453213
71 70 464818764
55 31 6504264
97 11 90608974
72 21 151823057
100 37 99900890
91 1 6501290
90 68 6792355
51 73 17537886
53 96 2310036
73 7 712951905
67 89 454080
74 94 194236417
19 51 7043957
6 91 3044401
80 55 2417750
1 36 7259434
4 60 64931394
13 14 2332524
97 76 856696039
26 69 5898924
39 58 17019058
71 95 57961565
22 11 441401337
35 58 487643
7 50 4572298
73 6 689516285
88 5 700541342
8 66 909075
76 90 24247878
97 62 9249044
73 3 4636534
83 29 216548654
62 15 53610173
44 97 59858191
85 19 1029174
5 18 20099456
71 97 778628562
33 85 8211054
68 70 364843115
98 2 87804981
18 39 104319109
20 33 981497370
14 76 489085571
20 46 507652787
10 41 69586644
99 54 91422350
77 60 437145716
80 38 8707569
61 87 16641346
84 70 672894
28 69 238408982
17 18 96677489
31 4 797287875
2 99 1946926
89 26 363762985
57 49 7012750
96 80 67237964
48 68 807838515
94 4 9116609
21 53 7170506
91 34 653337802
6 63 9192413
39 14 6860006
37 17 428059703
88 9 208044198
2 76 2222726
56 44 1344195
10 72 329295851
52 41 276200562
94 87 5669055
12 99 675668865
36 77 954491940
33 18 9250617
19 71 6953755
3 45 15371881
72 27 8649100
76 69 4357337
64 55 190067060
91 50 47196753
85 53 31458551
86 90 524798883
83 95 166611071
14 25 360997452
90 61 1588691
52 73 61421487
54 58 798377454
34 3 12411831
66 32 54175768
59 17 6686364
71 94 1576260
9 51 987534233
13 15 1083485
89 20 7685499
12 49 39753120
32 68 29610429
95 76 499305
72 42 1706612
2 80 5548984
88 100 1973689
41 20 3162486
1 66 535497847
17 88 7784284
87 8 25820570
93 65 9503654
93 5 4977670
32 51 753818166
23 27 4670879
10 77 101557645
21 16 4251850
46 78 570624687
66 54 11290989
59 78 3050199
96 69 7852414
81 27 34558490
71 69 29867846
21 89 47911992
57 76 7613917
96 32 4368141
84 24 601700321
57 32 5108719
70 31 5888591
41 18 5952497
25 22 747172577
9 73 2662163
24 62 3031293
57 15 8762175
42 46 288370067
35 30 84581509
31 15 75984366
90 62 9740576
3 51 7691513
52 70 189691
61 20 8846712
48 7 84549551
18 61 908514993
50 14 6408567
33 71 83872296
68 39 42377611
59 14 495042023
94 20 82503558
55 35 62834337
34 67 42009851
37 34 2043373
88 69 270505
21 38 74711286
76 16 889789404
35 74 3280709
56 11 3423109
10 63 461315056
64 26 9283091
13 88 22652696
47 18 760878990
10 3 5132787
62 12 892723123
76 45 48009497
89 41 6518469
80 73 649865997
89 28 99783688
99 21 641389296
42 37 407632070
14 65 74167519
81 57 6217701
18 87 1934786
28 3 9970782
73 94 86254284
65 19 4049478
55 49 476191965
89 9 8355142
34 82 272629210
24 13 5183281
98 97 398371773
15 91 26146348
74 67 22988476
45 63 9992681
34 26 1618326
37 51 2651316
12 79 36051604
88 66 4622222
21 73 533974657
52 23 3989930
96 56 920710994
1 54 817948377
79 71 71820801
68 36 90503720
10 22 102068256
4 45 99991248
12 2 367304550
94 84 6349161
43 55 58596015
19 44 11836208
6 44 315411976
31 72 977149025
49 1 3450321
44 62 576164635
73 45 2146266
80 46 3210629
2 78 75962893
8 74 9377628
91 44 21049475
10 62 7459998
19 57 34102690
46 95 7628408
29 15 2835385
39 40 917639265
52 86 61924091
5 44 414254082
80 13 34832309
83 23 87310208
63 62 904064773
11 94 596351308
78 25 77947406
14 46 7979620
87 14 78833804
99 82 4402094
24 98 24738834
64 37 4085350
39 22 212925123
24 52 35261823
7 9 3510387
84 44 5954867
48 91 97647880
77 96 6440927
25 58 434140
93 43 43664503
78 29 8223066
61 31 580141
42 14 12520252
5 71 856317187
2 31 23006498
60 32 720540575
42 52 27959754
41 74 4189735
37 13 46451516
17 92 58421
2 64 6320805
89 24 7563310
14 1 8624932
22 81 723294895
52 88 3124903
34 31 7452260
43 16 28246321
70 91 643858
76 9 306781368
95 68 480905435
55 25 1764646
88 92 42362645
92 84 640084101
5 11 58017200
60 5 6068649
72 13 682822815
89 31 115718576
26 92 80605697
32 62 3439949
43 52 82736653
5 24 568572847
58 52 84742015
29 22 97230573
44 13 51391555
4 55 8272104
62 40 371530798
100 38 883632
48 99 5804045
58 32 457069688
42 6 5723936
26 62 4051710
6 8 16638720
80 4 461738125
27 4 5884821
37 93 284613589
39 27 680782799
94 95 80164288
68 85 99585753
8 89 24029227
64 32 416616893
61 11 90638331
38 6 3306488
18 55 6203917
28 81 917731747
30 59 243489
2 82 2010527
56 98 5657951
39 2 442142288
99 96 37046879
84 2 9851050
81 69 1454068
22 16 31779658
63 37 67662921
98 74 1441985
17 89 19439298
91 89 504417810
11 49 9082814
70 64 86460708
3 6 7656068
31 41 1928298
83 90 215563646
93 17 106318934
40 37 609469263
67 68 5701192
4 44 8576886
74 30 357016551
82 5 26540087
7 72 3152766
13 29 1136255
60 48 1345769
41 5 445215453
15 77 187680751
37 79 246908725
19 82 459976059
74 26 9300922
66 95 920256638
1 100 14793094
77 44 18265402
82 86 48178425
35 5 3426219
11 36 455066853
13 54 82495316
45 75 61882767
20 50 96077381
77 70 649064648
30 84 219047020
57 71 502577229
76 80 58780689
53 29 517373777
18 14 84314195
19 45 90889897
39 89 46666728
52 22 9758687
87 15 12020058
92 97 9405001
15 1 66398899
2 14 4937116
47 66 977810475
46 99 405029177
65 80 4126026
94 29 78884308
45 57 23603612
96 82 12305680
50 90 92887680
75 28 31279023
26 77 1506771
47 97 4134834
16 92 33278761
3 41 66523125
59 28 6900872
6 65 5488157
80 57 104347361
52 60 912394949
25 46 5606046
80 95 762796292
52 66 5956557
71 92 7567818
33 51 600000
2 6 8025812
52 48 40847546
94 80 57953642
63 21 5531455
42 20 6320521
31 51 84341225
14 64 44883550
16 47 358163142
61 19 75210183
84 14 303595719
17 55 9526343
38 90 8567
1 62 713609906
48 9 636977214
53 30 17248326
63 30 8007173
69 8 22244160
33 7 75385557
5 53 8419030
15 72 4153702
79 58 1726005
13 92 19059394
91 72 9246152
10 29 9412894
40 87 341033326
22 91 26190
77 91 70970955
64 20 7500616
24 44 74896208
16 58 87258182
93 23 213015415
65 86 480448368
55 73 3325086
60 26 415664155
64 4 59433786
44 32 509730
36 53 67394235
83 3 2810799
90 44 65701806
27 94 95834529
90 91 7611114
19 4 611100873
66 39 54393688
31 91 65728122
31 36 8268620
53 92 77801816
87 67 69306588
8 76 4091560
19 15 437536
30 4 1794309
52 36 25157642
66 5 2424512
59 94 13376607
92 45 7876355
66 25 25015024
94 21 4149562
4 95 6050898
85 20 419143
13 26 8826560
93 60 36267965
89 25 8649338
68 9 453142680
90 35 91341155
4 99 331335003
30 100 361610956
28 10 53987462
6 52 6782255
15 92 266872876
21 68 18039396
36 80 622925240
33 6 255931664
56 18 7321179
16 26 496130878
16 34 64192982
56 93 405049218
79 57 4305824
38 65 13179798
41 17 1071608
96 29 43935369
34 46 2689734
98 37 78826621
80 49 850057133
91 33 69537592
25 4 825254714
93 14 387810069
32 83 24630426
48 90 938193125
14 73 711699464
87 71 50348815
42 82 719273292
100 6 97805442
59 23 93285533
49 86 44350355
90 42 99958034
9 64 3917392
75 24 374581852
64 17 9352004
89 6 31023383
30 71 39277478
38 35 267060681
86 32 1721414
14 20 1140478
67 65 31764670
34 5 5099513
70 75 86790174
71 44 486127170
13 19 4879390
5 29 5579482
92 76 2483402
81 26 2286906
34 79 887161916
70 62 5759231
3 92 624170
45 25 9832357
64 69 10310998
95 25 34274610
24 63 525615048
25 16 541496403
65 51 59955024
91 14 12919488
63 11 85240527
60 79 112001301
95 72 328469818
77 97 931349397
16 24 336217483
2 93 42332093
20 83 9245001
94 41 22166650
88 12 640400643
25 100 151048923
63 9 564663910
57 5 5526492
48 95 4005519
71 2 13763972
9 97 959737
77 99 56165345
42 7 1695573
66 10 429962993
15 86 4025030
80 47 44492548
51 8 758066117
42 59 963777828
52 87 720698200
57 51 17979097
89 96 78428967
54 21 483434129
68 58 69944810
46 15 688140445
59 99 19055316
72 1 720673
31 86 119894574
78 62 554824675
54 88 995708682
13 17 47702764
77 46 7669969
17 57 600861804
38 34 44311662
99 41 80241917
23 44 1326562
68 65 280572540
63 1 3429452
89 71 53077845
52 16 4239103
73 27 68112719
22 41 817012305
6 86 80470131
14 26 83855
97 66 132030644
83 41 67324770
6 12 677147113
78 80 6508299
84 7 6926898
1 7 5020705
17 60 59738586
22 82 456526
45 89 89759861
99 53 9747478
24 82 6701692
45 86 93391964
61 89 31447108
19 59 106626
11 42 4432462
25 70 952085177
75 30 48327662
43 13 255859688
47 30 53613996
53 59 6189429
21 4 1477698
26 1 938200008
41 2 1734356
7573155 88148157 498200276 5222613 1684287 18571103 6661487 3812563 1843551 214516895 406776109 5971300 881211738 54760892 5406640 851407 36640938 5880206 1881058 7645077 720701612 47093750 6355118 9923947 207085416 79889595 36408671 219476920 4131614 74555458 88815680 67948325 5972788 10437467 92385177 271237084 6077551 4357211 90874044 94946051 53974273 146465379 95341143 49458317 18009893 14011446 438153699 71122455 2838450 42935941 137552831 50808879 74404519 635278601 4860336 64702420 958468198 964757507 303007385 59729134 233379508 936191367 2381570 31740648 47728479 14034697 358729664 49385048 34840005 505269692 735602558 2404839 21292851 94503144 767847342 9965075 4923927 86568855 3994509 99958090 49764769 7243142 8139057 1752285 70297913 5133358 98980083 43126509 80314884 2060395 627824455 9904693 67489244 717003705 6096158 1489193 45553265 938344417 6277702 9179476
3322039 2571184 69996382 29071520 6262198 741146906 729595273 44135084 842640632 28378793 10875670 8103577 63926210 7555976 372942339 39781718 78781305 230372790 74976090 57844383 2505523 92428304 3173803 658259193 85837179 9785918 693610524 426825708 87035341 619322218 40347563 5254452 5395453 9174807 2959287 4371752 8989218 943476126 89537242 10585414 58021223 141559923 426452453 1251620 7383025 889996887 2056120 26451990 25818652 7668002 527579235 8094502 59748207 3893698 565744577 2478249 3570177 4385999 216172446 7820569 1001800 165151150 6295601 5572087 26445060 610317 249146741 60717274 62782989 43662934 23442599 879273902 59157754 630310880 5213789 861346296 91369065 76640087 1809841 105260733 47197835 7343336 34102839 997273168 1437046 499330451 181870750 61279208 13651310 37810005 66530240 384468141 3983996 5496939 209129757 94672824 369015250 8204276 646278750 35642281
886
1 78 5154861
100 97 51850124
92 82 251222706
23 73 68964803
29 93 60943269
84 93 65398841
48 39 8457362
54 27 841419
92 52 323307681
1 92 510497664
94 49 696653948
28 84 222973510
34 38 7415939
51 47 17141896
33 46 926773750
67 87 7043048
17 99 42714216
84 53 42895903
7 86 984620964
12 87 21998007
11 64 57196325
57 58 7225213
67 49 473230544
79 78 192057796
96 62 86032252
37 26 415245974
46 15 457934348
74 37 39118132
51 88 4682545
54 84 5566647
60 92 586999914
61 71 34683936
15 4 634295
74 1 1703568
18 53 99232811
36 22 756123374
28 47 3392571
64 84 439096593
54 41 473518085
53 16 540961
24 15 8252073
27 55 8801686
23 95 521361459
90 2 180215920
15 67 2943252
70 28 897607379
37 27 4500485
74 89 4844612
3 19 86777994
37 39 57005775
85 46 42382767
9 43 57669970
82 61 579263543
40 99 895167390
71 87 97612103
51 43 506120966
24 59 911426
17 25 2351269
58 92 6921692
87 49 821825921
70 99 360233409
60 29 62900376
38 27 22509971
90 15 48552268
63 82 72981050
14 72 5016920
75 50 89956265
71 16 67299908
60 25 3053333
9 93 718374471
78 66 306255432
64 53 9785928
54 18 27779195
85 6 5044624
7 31 55381481
33 32 65866658
71 67 19621122
7 72 807556
40 29 72924887
70 13 4998621
22 78 71415469
62 75 3593822
6 95 484558922
73 54 3419310
6 34 728313786
40 76 11175257
4 59 3407362
71 91 44121519
85 37 1731346
17 36 9669629
29 85 361841073
8 37 2091682
51 64 924874865
2 16 968484380
12 60 478158381
62 82 2079826
10 70 9220654
10 97 5641976
49 38 98698527
8 32 57949615
42 11 4644614
6 46 62200787
77 59 5339442
52 81 9615787
61 6 628095347
8 35 352306
50 40 24711771
1 48 7016966
64 6 272815345
89 33 9747784
58 41 9806105
45 39 594849224
62 95 575563650
32 85 2520817
18 43 7906412
94 8 8447066
43 80 693068372
18 67 90354862
76 78 737231374
94 63 748045121
37 41 62740190
28 74 299497136
34 10 6577218
62 5 531420329
89 40 365418305
3 15 9051793
31 39 36370132
27 98 42037880
15 93 83487370
99 18 7723569
28 44 14163714
23 76 3946411
97 76 2623554
80 38 21178387
46 25 386
26 33 61512453
93 36 166499844
65 16 6126881
62 10 78300554
78 36 1062618
78 33 27030178
60 57 7135999
56 40 83471330
42 5 842271
52 93 3825014
23 43 199422548
28 20 65065020
36 59 228461346
18 50 97524608
75 70 7925479
67 10 534236772
13 93 4242693
52 65 193427
24 86 48007456
79 49 12287118
75 12 6140916
29 86 410353828
68 9 534261958
76 66 18478477
73 82 723089528
45 30 48528767
1 71 4420443
61 64 100988086
69 45 4811832
81 77 46979980
5 27 7146444
63 88 4910075
92 3 281683009
94 13 73947264
57 2 884750730
55 4 78067184
27 94 625005230
29 7 441080768
90 70 2208879
95 77 97855211
23 83 47700574
73 30 785694122
24 19 95896959
10 42 7280719
65 23 74260826
86 26 1256094
52 88 69751147
32 29 374093549
90 27 17810909
34 58 76130874
97 33 382934952
18 4 451502179
65 90 198199412
85 76 8193812
88 55 36780317
32 56 7665906
44 49 46582447
66 54 6043325
83 1 356922664
58 61 8606344
25 9 70994835
92 8 3812916
100 47 5766376
57 73 785812
11 67 720567305
5 44 44351494
38 3 565584841
64 22 195454147
63 59 491156526
63 89 92674003
29 22 3945789
74 49 12215685
94 18 6241871
56 21 9388636
86 48 4965494
19 21 58813407
57 8 638059050
3 30 29989688
88 6 898094423
14 9 651313406
88 20 982217216
28 9 105683710
16 5 199095452
28 67 4864238
71 75 53321062
84 63 937623
11 76 4683140
96 9 1150874
95 94 66544780
85 59 4454617
52 69 667227840
43 82 2018616
100 25 643157723
98 40 9646313
51 4 1581613
98 7 8566910
6 10 6043737
84 11 833045721
16 23 115945024
79 38 899366499
7 19 88544632
29 6 48372282
69 6 152735522
61 70 501974
66 74 112099554
68 65 112412920
58 9 959000651
11 56 69503421
32 61 15887789
73 42 6828139
34 98 6407076
57 87 3709550
73 89 1983784
70 86 98889817
17 92 6157912
61 81 7183918
87 54 362326065
12 91 62398322
2 37 651398339
81 56 8824727
2 87 68817698
38 23 25510041
46 93 77472
77 29 957227499
60 61 22716036
27 93 8795105
16 64 943268
54 99 214936754
88 19 269127338
49 55 56641034
9 87 77183346
2 22 6468521
92 78 317959716
40 63 68680984
29 59 35676222
11 20 56643826
82 16 1742009
38 93 83558891
17 16 5235150
82 90 267987293
49 22 356059013
13 19 865121829
57 59 62283344
80 39 6966131
32 83 248489275
87 61 6560923
58 48 341838330
100 46 28626115
88 54 4658112
92 19 514761863
71 53 74242195
89 7 52559520
90 23 88434607
55 50 69106519
55 17 206121288
39 28 47922288
63 41 3363855
80 2 8203418
96 45 99224825
33 1 5414607
31 9 89186336
26 54 319522
46 83 1151090
73 26 4660316
81 63 307388597
76 94 7270276
82 69 432770998
77 9 51193041
46 65 56992133
34 36 91577248
98 3 1379619
77 85 229071331
88 4 3188526
83 57 77616730
24 17 7555461
5 43 3866086
67 12 23634780
12 6 6890546
99 64 411764335
23 11 85056875
13 15 356170035
78 99 433466066
41 23 30819024
97 65 1285044
53 3 48443518
4 99 91561197
1 100 15419650
23 32 68506467
24 67 3724869
24 40 919087808
69 72 355286073
9 70 935008689
50 91 1362215
99 27 992152899
56 93 31973886
73 99 73405606
99 36 8271500
99 95 9486454
88 86 60984009
59 2 677999599
98 22 2742646
2 14 902558012
82 42 9777628
81 84 87978625
98 77 8546563
45 84 920114
9 46 699836260
49 52 3208425
91 76 172353888
53 39 5079900
74 14 578676604
4 9 43349436
59 17 35894292
24 49 434800435
49 31 67519319
9 82 6906894
23 53 333377742
80 94 43819140
21 11 794334625
25 52 48841971
47 23 89175760
27 85 58908505
15 23 18515169
11 90 33675761
37 57 75808614
15 85 6139454
54 35 844981
55 98 952830466
18 40 1754832
65 70 1530976
28 10 5930947
10 71 78595876
36 51 142912274
4 39 73547686
81 41 64895665
83 34 6478190
8 46 45159984
68 17 1188983
95 50 9927489
92 4 30702087
85 28 754700837
30 84 46111700
48 27 18607222
33 9 6544661
31 79 6689440
85 48 3974548
27 57 5756993
89 38 59685334
22 79 80022967
6 66 86246795
81 27 15307873
36 23 543003374
72 92 4929857
64 100 49919911
99 86 18022426
13 45 728237287
18 15 3098249
77 11 968653974
85 97 935318261
60 79 1985784
82 88 1139370
14 43 332245893
70 94 726810299
90 80 9862060
5 98 9564352
16 81 19272172
33 15 851218549
91 33 17522574
34 42 91907618
42 78 9843082
25 68 77155301
59 82 186791974
96 74 20539503
47 7 9861504
7 60 8634096
12 94 51826124
86 17 244161487
26 60 3359574
78 25 93607826
12 61 976904282
59 83 982043565
68 43 39035686
19 26 83383591
93 41 52753387
44 65 110931939
7 12 781553199
16 34 59653930
57 68 1914252
52 89 31440558
62 39 12103798
25 19 4038198
86 31 184858
8 25 8546726
67 32 42072263
45 66 4596584
91 35 5876751
33 43 81135988
2 8 17703802
61 89 628821139
77 93 94024154
82 23 436398133
35 88 1196846
26 17 3940211
77 62 1663078
78 28 68925013
77 58 5070293
61 24 5212248
97 98 698522715
76 59 69829815
14 15 9797094
46 3 72480047
61 22 4120326
91 58 955565224
78 56 391770298
59 61 8991228
12 19 365205902
37 28 26439378
5 96 139657123
37 54 5871467
69 35 700789740
18 16 48214561
27 45 4881850
54 13 6330318
60 9 1234312
90 51 95227138
18 82 417003004
66 65 456516511
9 64 51376004
100 88 78135280
83 91 948231
78 61 56129249
80 88 24349245
61 73 9245138
85 98 820694285
4 61 5000029
78 40 1592993
63 39 128061952
45 3 2596941
68 7 29977352
26 76 46938396
70 55 146965180
67 66 70509885
48 9 18916447
86 14 62397
26 58 70225217
59 11 1009165
72 95 598672004
43 59 11123058
99 84 2738931
91 53 70185086
89 43 9735897
97 28 80050600
27 69 831075546
60 78 8271819
37 95 82095172
23 69 181788126
36 28 774027
39 14 987771278
6 98 75550950
32 54 8418862
30 21 1768671
15 6 217672433
92 40 1684954
6 53 655119134
15 98 554502491
34 82 608933229
54 19 978775370
72 1 89384426
83 100 12903954
95 68 3129055
58 36 691053250
89 26 356130991
70 53 7889209
19 86 332130289
62 43 40880674
49 61 920930853
89 95 751999419
17 96 89266528
40 100 92695809
17 8 349335042
39 61 411494779
43 64 534455646
11 7 57490318
90 29 5274770
42 65 95578345
21 60 67300325
30 60 77138498
3 87 4556710
9 34 393744511
41 67 8157921
79 54 2111901
42 13 936451641
74 26 2557453
35 90 11975312
11 53 72334932
14 34 62881606
83 98 1990787
5 68 6459741
74 43 16006638
94 58 1258785
82 89 42916194
17 29 420973272
34 97 8590687
16 1 478279451
79 63 85142678
56 12 317667643
15 56 59507712
62 74 62729897
27 21 55833318
24 18 6937755
16 79 4819727
86 80 65168725
7 2 20070683
40 68 691418226
71 44 32229141
66 94 77393892
29 74 42727209
91 88 7693553
71 65 73668783
27 42 802111870
31 12 8270766
40 9 58894718
44 29 4341872
82 84 249994838
10 61 88564948
84 3 291107374
80 87 73937130
91 99 74223935
20 41 979554416
1 90 827978611
3 44 110250030
37 72 15101240
47 24 1507729
74 47 1342719
62 41 5385543
75 48 977111808
36 84 98401926
15 7 81645213
89 27 75862393
79 18 664390088
72 17 8616996
32 53 337108179
42 74 2429176
100 60 40996205
64 87 866266586
33 12 8756887
100 13 53534546
23 27 593877113
15 22 6675013
66 61 2557375
23 35 644911410
91 3 655944077
100 87 453287964
54 50 5876446
46 19 6010973
10 72 91354286
88 9 331671223
22 54 562638907
34 92 439020559
62 23 120094403
54 64 4932637
17 67 2606832
26 42 339501161
57 34 88147536
47 16 2820235
16 96 676754
85 83 218571948
44 69 3962982
56 2 1161630
12 14 961286723
29 24 529656605
34 95 99674153
4 14 734996993
2 45 730921648
72 76 92358157
86 34 2187914
1 27 1072364
32 3 159357022
98 65 782682546
40 82 142446168
25 24 932598257
61 21 7928282
11 47 68237835
55 19 58347852
41 44 853229989
30 93 232475947
63 2 28362787
56 47 7059698
58 76 14379260
50 27 838063244
73 9 1550526
64 4 6301590
6 9 30923038
6 1 236606
37 66 8702992
18 68 784532415
1 65 2583850
48 10 3458189
49 2 80101512
98 90 37108808
78 23 81809303
56 10 2658086
57 20 5200705
30 36 59144285
91 43 10475149
95 86 56687087
82 8 83434501
15 40 7889509
51 85 7734225
23 50 502205623
23 74 9124975
8 29 637887401
87 32 13920503
54 96 203936785
100 65 8875502
85 18 182133299
90 64 7999884
74 94 258491080
36 76 3302510
96 39 1401617
79 35 235525102
85 89 86741365
86 53 453512706
87 18 5223059
2 36 7655201
42 35 38865311
13 52 8880382
41 24 963702
73 79 969710981
42 19 9114672
23 75 9611043
78 37 554277182
82 51 390724856
80 13 6112756
88 16 82706977
17 44 8904328
43 19 68837110
76 1 251676815
23 34 338725864
57 93 6800316
16 90 582755749
72 22 916147105
68 98 5111043
47 27 9721293
91 41 546550724
82 10 3495170
95 45 408370017
29 21 55760692
39 76 1549887
94 93 889833
32 86 341203284
92 69 4529234
62 11 960592745
18 25 82419813
71 14 1002946
99 76 28548174
2 77 15696432
2 68 597735766
5 12 35709025
89 6 402283670
63 99 457869990
88 95 49661902
37 14 658021338
38 99 78962987
51 53 4336301
26 70 5412854
14 46 135928395
38 32 17331493
36 74 96088253
18 61 7578806
94 4 3133161
22 13 49025153
4 23 4126065
26 27 447579547
25 67 48482968
3 96 9987726
30 59 3099517
97 95 7730635
76 51 181895
61 37 24259568
64 12 99061371
12 80 3201986
88 79 10451051
17 52 6989476
35 1 464522326
91 69 73567206
40 67 842336359
16 84 50436652
23 63 530038246
37 87 99880134
50 34 298588104
98 53 107643295
41 31 31867502
84 13 6713135
64 26 333344
40 23 4505174
41 71 78081885
3 90 4127021
58 37 8873930
52 19 9100701
55 94 5618924
37 99 632816575
3 83 69303727
19 2 6020604
51 78 80854986
4 70 4293245
78 26 40990582
3 40 9716227
60 55 61980867
3 33 25211328
5 39 43159691
86 15 5638781
83 81 928229786
79 43 31216929
56 96 80717978
90 75 750670568
12 27 27773811
25 84 14774008
32 50 81956390
85 96 818796259
69 71 815901876
48 5 5801490
85 35 4490832
11 65 6440487
4 60 247049739
94 92 92156678
85 12 4264260
86 65 22399826
20 66 8585839
40 46 712800233
39 36 24164506
84 52 9652500
93 59 94352932
69 62 7936610
6 36 6248122
15 73 45502219
39 17 22273541
94 84 257870972
62 30 51535132
17 23 57217899
11 63 76920247
42 36 7014793
24 38 30049734
34 37 928130425
66 10 92935031
92 84 126175
69 56 23052067
97 5 21559544
84 26 8421774
5 74 6845144
66 41 831101995
71 38 50585067
5 75 9530363
84 69 32423674
68 86 88839138
38 29 79592405
67 52 68692716
94 3 794041539
10 24 320489581
74 22 542312474
28 27 45769530
39 23 425150358
69 36 78136120
17 100 97127576
55 47 38931831
6 56 453995652
7 13 7051361
47 50 450207589
90 19 766974878
51 95 280101522
76 7 3138903
92 71 1718193
60 74 79785056
66 83 5282009
85 73 629708503
78 91 813832
24 82 77377013
40 42 51048198
53 43 50834145
65 87 7153542
66 4 795918739
70 85 17757275
98 14 209631937
2 69 53362563
1 32 16797416
28 99 960031098
22 89 65396344
56 48 527170412
81 92 31055676
82 70 7245878
69 53 561596970
1 8 44617590
70 56 8571979
63 43 81684680
36 55 532918164
29 67 43282594
27 14 78226347
19 76 395765751
96 86 693661056
68 24 114115209
65 12 874115044
95 79 989427053
45 22 1304374
38 47 87051116
23 30 8606677
73 64 29060094
97 96 91380780
58 24 7374636
55 72 70790679
28 60 33021728
65 84 92956007
82 87 7702372
10 31 585170674
6 7 620536802
77 30 6743750
47 13 99620418
49 100 8985407
59 51 25765941
91 47 37280341
49 66 9503921
26 83 625143892
23 6 4496647
6 67 24667008
80 22 408189539
96 15 82451195
100 26 8744595
15 1 460664086
59 6 4714584
11 85 591799695
19 16 702978143
24 87 99019052
49 29 3967294
59 47 8120780
27 75 97484996
89 44 515524
68 20 862165902
95 63 1955069
11 87 15477352
28 4 120773589
56 33 2685023
44 53 5409734
42 14 7549947
89 65 424957761
95 29 3337185
74 77 5346395
92 49 7010378
38 17 3334404
23 21 57002828
86 43 8985458
47 41 5446078
51 94 1526194
936990254 18612760 5445864 81821009 2024996 136410718 2456724 515310411 48212828 83737497 98638346 713227394 9283336 7401583 376065567 68561098 32768234 815648611 7087427 5796899 23067336 9910500 94506847 240995966 115800003 2261108 5357676 3443970 601214303 997453465 25440959 7692378 8256706 501117118 16371604 800605089 770299083 7206718 97435610 755667798 4361242 945072110 6459750 67774189 5486310 467681 36909543 3824620 390362765 12952939 85913957 732510074 488474215 199108410 57429494 994235896 6707890 9867862 994796772 14626938 278736298 9917664 55137502 54049110 602546 932735483 762120336 87565721 18147999 52957049 70186657 19027644 7207692 712200294 71698888 9517157 27127169 5274016 96774419 960123750 541957835 827090 96170641 58872582 4821313 66029961 54904478 5425189 99329 57099859 52759065 48697135 26245631 2611512 7333959 7962482 415203886 365999108 979425921 178030366
4720320 550438470 59750003 5096920 43450264 5457267 1136093 948308476 98843924 2275512 6516849 78311416 43483548 9396125 122144799 45672377 3885449 267848314 9740171 6588352 63514372 697281917 57196806 6660053 302343943 2536965 40356040 6191224 5123674 2714039 96405165 9166341 187837 6516069 97555843 4670 5892958 2323391 26680958 977516964 43035843 402236799 778699474 1430126 4535448 3650071 603374999 6325718 58236630 762193266 1221064 5466261 7874321 13464385 82685912 449003989 28304363 4696727 40300892 45564934 423665447 29793053 9514026 547025191 6502858 113002794 2078892 6601597 8668381 2920452 20756446 6220626 57804691 4076992 2932960 657338 40911740 464847792 90939182 2680779 63198545 2980183 20672840 3167314 1358336 854029 7494866 242286413 62101337 114992686 496021422 979916266 8612145 74545725 8256054 4115320 5863098 356724752 22763133 211743091
900
59 44 2602213
41 67 58296954
27 63 755361319
20 43 49366029
74 62 25688554
91 65 77517344
49 9 6714920
31 64 78717927
14 92 71025747
77 63 386043426
84 85 6212468
65 15 309099657
24 33 1941841
99 68 6576773
65 82 522697904
51 2 543710501
34 75 4228422
75 93 945953000
7 84 67570734
25 50 899880
11 53 96549695
96 44 314490480
17 74 190845403
88 70 618369820
74 25 1120835
49 80 579878208
31 4 314327384
68 57 773880319
92 29 295234784
54 17 4017349
96 48 68544809
68 63 3960891
38 40 303403513
68 12 5714099
10 16 8083079
50 45 82603582
9 25 6231950
28 55 471137590
62 61 192714341
5 30 39526504
78 50 96267689
88 29 36735295
99 20 6512316
33 52 5616461
24 55 3020834
93 100 479193749
29 1 8980824
16 80 91176175
49 40 4752630
44 9 2734441
27 32 121787070
28 9 4847469
72 39 639196196
70 50 1501346
79 41 1076839
64 17 51652600
25 36 255763042
27 56 48587288
8 3 84137671
68 21 1922709
97 74 4210677
72 25 8952329
87 7 248862038
45 1 861124063
41 99 95024661
100 82 41700418
91 22 60434118
41 82 5307552
17 23 76518134
14 52 73908263
31 100 78194311
57 29 199794433
51 71 3939558
25 35 432000052
41 10 189055078
38 72 913871
79 65 11774471
47 62 889658139
1 32 38780129
14 95 78817071
20 82 2897329
66 26 806637
12 26 506492017
84 44 805402
54 18 686334
87 12 10221530
72 9 2859602
23 73 185344
44 54 339730
39 52 766942837
36 75 82995096
92 21 3597297
60 38 5031402
38 4 28505815
63 51 9674252
63 31 774142407
9 13 442489288
10 80 91978644
50 9 347985455
12 43 356082973
57 34 96491027
35 9 1556056
13 58 853931487
90 52 845804261
50 21 840111497
42 95 649208
62 59 8846382
10 44 96528459
75 40 639578806
93 27 9733997
57 21 88549390
72 74 952268142
62 75 12076408
22 84 93903640
43 82 85363794
73 12 8045055
23 59 44929327
22 51 5521194
85 3 9160684
10 51 6987120
90 88 582109025
18 87 35443414
38 89 66917301
50 30 3863922
85 37 643925516
38 92 24495183
8 76 72554631
81 22 930792811
56 24 166112352
36 23 730433269
5 3 2099042
47 45 10834674
61 18 6604356
5 10 9973963
90 83 2549239
8 78 794387162
70 14 212537
100 92 7310602
6 4 670210621
88 74 284373020
28 25 4192153
13 86 285998902
67 61 15635639
78 100 81985629
53 36 89992669
82 97 450411824
69 85 442975993
78 48 3311622
50 12 550866449
58 86 7284024
54 41 14494073
1 87 227819839
72 59 4027323
58 36 4392775
64 30 52486746
11 64 197129811
28 78 40981559
20 35 1769479
72 42 762652232
24 16 7933085
5 55 813525
33 22 59095167
100 19 947526953
79 64 120012
22 95 18217360
54 43 92992790
4 97 9799673
52 51 349166955
15 42 486983283
28 14 571030451
20 84 5481
63 86 39162494
2 93 478693680
25 53 67588508
40 39 8771526
1 51 58663278
73 15 745761757
83 45 4636260
70 49 84358617
54 69 3520819
82 39 96712266
31 21 44294831
4 12 46166160
71 61 88179660
100 65 1897294
59 52 5726975
97 6 35148202
61 17 66674588
49 17 6721089
9 40 292357081
15 13 920595
87 52 36691216
95 100 424850472
15 96 83460451
18 38 7958618
83 63 73855557
29 18 9272975
85 56 56821496
78 52 7345425
14 13 666753
21 44 12448960
100 58 371916584
22 2 454658303
21 22 8094749
47 80 31604031
85 9 19676192
17 24 465210
15 98 477262896
72 33 90178198
72 87 738588505
35 67 86286521
97 45 75322050
62 13 88541943
99 11 680488140
14 87 5054013
50 77 8174753
84 68 75126798
38 67 288921754
95 41 7702740
32 12 836733331
41 18 59706774
19 50 4079041
32 99 2446764
9 93 9126446
66 1 5766334
22 83 82476555
15 95 693074739
83 35 659232857
100 36 9380141
28 41 8839801
4 86 65848287
66 84 721531029
25 59 38125492
80 27 982308385
88 64 2436737
93 67 16282156
31 17 88410813
34 60 618316200
63 92 3273118
76 92 9127796
57 64 9407252
20 36 71661198
48 14 227661753
48 41 5750545
3 69 1582478
79 54 6318593
72 98 49049775
61 20 6468787
3 60 5504550
57 26 445388162
39 27 60271759
8 53 382564190
6 94 22137062
42 8 127146687
95 33 527400724
96 8 6486925
37 28 64473630
57 14 5387467
66 51 269467
38 69 5214730
89 93 4116725
87 2 484286244
53 71 421247684
81 46 793261688
71 83 135114188
100 11 71292407
59 56 29924573
6 88 2972031
32 28 5741317
9 71 55830491
62 46 707799146
17 80 3472926
27 30 22224976
11 13 514862
54 87 2374988
91 33 8009145
35 72 410387101
100 41 49475738
4 10 754079707
68 47 38884873
85 32 7305518
86 42 681062510
40 58 28778556
58 94 640428281
73 95 284858944
4 73 752919715
90 60 3563817
56 97 6030317
4 56 268702996
82 21 596435370
12 30 77271556
23 85 637859404
65 35 9214359
13 96 827212919
1 6 932320592
44 80 623614963
74 33 250968998
83 4 592666125
14 19 18987977
68 67 9150074
12 61 963840817
58 22 7596129
41 93 5973465
55 42 91636852
61 21 207934007
27 19 4198323
1 10 9150817
25 2 2746049
12 89 5682827
92 97 4806157
7 71 127211961
33 44 885518761
29 54 720306669
68 76 2498062
88 15 2166664
19 80 17115066
67 48 4967935
50 15 64129610
30 57 7400213
84 8 4576774
74 13 776623911
95 5 7130769
53 63 13341613
5 93 50624992
35 18 964258148
93 56 96980263
72 32 27103921
59 58 594299873
25 70 73397110
85 98 40426583
19 69 124205353
2 30 121533434
86 37 3822833
82 30 4470880
61 2 8814411
100 29 827287052
70 31 39087396
53 12 168251006
19 78 99653173
75 4 25228288
77 45 37991622
57 53 7358860
18 48 619363609
28 6 57994226
77 49 9535750
35 52 71918339
64 74 740274944
45 12 13155803
46 96 2841489
14 8 91612600
68 50 2814327
93 49 23791294
12 71 393820478
47 17 89897927
29 28 66357765
79 24 8715374
45 30 49287901
2 21 9858840
58 44 47878748
46 27 232415341
65 59 51611859
31 92 34187270
26 86 587112860
61 30 399750397
4 43 538656437
49 20 201481914
30 37 7385266
43 87 8582826
59 36 865010275
28 58 56113439
35 10 96339566
61 58 80836264
94 85 5021939
57 93 993394021
14 1 3890502
90 17 7643917
79 48 9111619
10 72 65574513
33 38 6216323
70 69 26082735
7 4 896183378
8 33 3803227
18 2 641747905
9 19 4507055
23 62 27531644
97 18 8846964
93 22 9951384
76 57 360663080
14 7 7115210
9 62 84692099
94 100 91368588
16 59 36483413
82 71 967649156
92 74 975956143
28 11 2656202
95 57 7380016
49 26 2151922
22 8 1104665
86 6 32851679
47 6 951243431
57 45 70033670
12 51 26250613
51 100 748170799
20 2 38759387
8 63 603111753
85 89 219932974
7 24 495592882
59 9 18868042
14 54 4038249
100 40 423344057
46 77 477732857
48 93 55533666
90 61 5398608
24 92 71215303
35 97 2246127
37 2 369916
35 30 121437852
24 98 374923168
57 40 6797356
53 78 329394569
58 21 105254987
6 22 16382695
5 56 82600598
24 43 9985780
53 93 5188459
54 89 6379138
20 27 79320215
21 8 4124415
66 34 55215747
57 35 604159104
64 26 9066808
83 13 885776284
4 62 17387121
30 34 537987063
47 19 4054771
15 68 848810877
66 28 968704169
12 70 99333883
85 95 961594668
89 92 85683603
93 32 6862884
26 35 6652031
10 15 79819502
47 29 2617178
2 79 9182193
34 5 66330546
71 48 4480935
50 75 810071602
84 83 9105888
79 39 87434473
45 85 94150472
29 91 474133072
29 22 57008976
36 37 7556416
28 79 1424991
82 14 292527820
47 26 251222468
71 31 9141531
17 78 240068832
29 15 3536503
79 1 6134028
88 43 2412192
25 86 4967484
68 49 628745452
75 13 8683406
54 73 593065924
30 60 440679
99 96 477310017
72 2 3515489
58 46 3036720
7 49 40106641
16 29 89508106
24 87 35754315
82 53 2864228
60 88 3228193
30 6 10477164
49 58 18659338
23 25 673015096
11 72 22630220
17 8 993883938
5 40 62005310
94 39 244297789
25 60 9662109
71 77 45383769
5 75 573030862
53 80 2445864
2 89 345527432
77 32 94999666
90 11 501090233
90 1 52944282
98 30 96884
71 18 5962505
93 6 482851013
47 48 72860765
68 19 756644214
66 14 67241005
45 41 349653426
67 58 197795482
28 26 901347531
10 24 4105348
16 82 435026586
44 45 8763634
32 41 300320573
62 19 3942876
61 81 87572054
32 87 5744161
35 87 498698875
64 93 4636433
63 96 4711611
13 56 99787993
18 19 5967648
13 38 88234594
94 1 6679809
38 50 341696034
57 52 556843700
7 21 42639782
33 56 275134320
6 55 4727982
61 93 291803313
43 76 44927132
75 97 21739569
67 69 347869
69 22 39509832
94 90 9099380
46 57 60007856
93 94 8445707
6 58 77779883
22 12 71786952
29 58 59349961
74 82 68228750
86 96 6589360
24 15 2059290
63 56 908879157
82 75 2373724
34 25 854766384
89 10 7815934
7 32 717138228
75 86 96376464
19 57 351965
60 91 14255260
28 60 610562681
87 49 8998409
17 39 3868263
16 86 545187034
85 41 89152563
43 77 7797342
65 36 63062651
48 82 946961462
35 90 7166844
27 73 66838858
48 42 24913524
26 75 523525263
56 55 213058173
28 92 21849023
5 17 141128191
28 91 261129
33 45 6108089
18 72 69707259
13 65 2199411
6 16 94742325
14 88 218042084
16 22 5244892
82 4 696712200
42 66 2323095
4 27 8063041
74 98 5018125
48 89 6976
4 47 6175632
37 31 923469247
48 52 70519964
39 32 9991688
61 38 3979802
58 57 56967441
93 54 6107738
80 95 362914088
99 18 992672839
12 94 42338844
39 65 95713563
70 46 5439899
19 44 6222009
78 86 787026698
28 1 3066104
63 9 66625042
64 4 21284007
10 43 249802423
18 9 44980122
47 95 6454014
67 12 7172068
75 28 503492646
86 18 8101179
82 22 2472641
39 73 7437350
64 67 69584860
43 63 76940444
42 47 226028019
77 52 181129
1 55 838694847
63 16 809975
51 95 552923264
15 52 608377006
40 63 30800173
34 86 636106891
50 51 574059290
14 84 4558275
60 73 478116875
3 58 5655642
45 35 63243600
62 16 583378789
76 95 5745261
1 25 5500570
51 14 8663130
29 56 928257
40 70 1022133
13 41 5764328
23 6 57482686
45 87 2704396
63 82 528273269
20 42 97368948
34 84 63566275
91 4 8766100
68 6 1731578
20 95 24619651
37 83 15828049
44 5 305030628
1 57 5739687
28 95 8284486
68 87 58762120
72 34 552835432
32 75 2638299
80 83 36166419
30 41 10431231
84 45 379969690
34 48 9322194
34 96 484166380
17 86 9313147
100 34 1478941
3 13 71173767
53 5 643850333
22 3 915343272
68 74 253788
11 3 7356000
66 35 881758500
67 55 18622533
35 51 815322993
43 78 18980972
23 46 28913964
62 80 6208572
7 98 566953231
92 23 428023305
60 9 6284556
84 11 34034608
15 90 6722157
59 91 5946596
64 1 960900187
48 50 94347218
74 30 4297728
6 52 971345985
80 14 89169914
11 63 6967551
15 14 8158605
12 63 93901892
25 42 5798482
73 77 12121545
2 10 404330706
15 22 2556966
31 59 13246352
23 82 6913696
86 49 91068500
84 55 60241657
32 14 496986134
54 98 400332265
8 98 91376422
96 2 6601821
73 42 2216325
91 26 814044565
84 48 522515028
24 31 621087403
37 40 3249487
92 37 6480658
69 88 33157926
21 25 63978925
59 5 26582427
9 61 58240
25 8 1843455
64 75 463655129
16 9 704897
51 69 3074599
75 91 80658192
9 66 503424436
86 8 922211440
56 96 74627786
100 70 462367793
96 65 607826622
11 73 826998092
34 16 959743636
70 75 296530147
23 69 350056865
18 3 37864896
52 23 248539734
11 41 9147182
77 17 1296906
56 35 766927266
47 96 361253128
66 83 82379439
47 98 286308917
52 34 33018713
55 90 9611585
11 93 7693375
42 26 58366
13 12 3962130
67 14 72951198
86 74 81598327
82 70 37964453
55 38 324891858
43 19 758422
2 53 357001049
42 52 4266221
27 7 1625011
93 44 2614333
14 43 3999879
71 39 1224370
73 32 3335675
95 54 46433544
12 19 8428444
31 87 283162612
25 11 465289340
28 70 9494449
99 2 4205806
56 2 184878823
71 87 882512448
79 14 11604734
64 95 1071364
67 88 39759431
29 48 497433257
19 3 49251963
49 62 22737416
41 42 745610698
17 58 36452072
97 60 66675412
52 16 92207136
53 77 328990161
91 76 82460620
84 1 10962241
83 61 326556638
8 15 7904640
16 5 79344796
43 75 7136134
45 54 62990054
93 69 89812626
17 33 606783629
47 8 79340016
55 16 172608958
89 55 82793962
82 28 9352904
26 24 8188851
28 10 23441231
33 31 12089606
24 83 243536899
44 85 168277293
48 28 53519998
53 31 249876470
93 31 96648196
11 80 411354376
93 15 1300074
33 80 6544103
5 41 971603279
50 79 9441473
34 76 53566501
94 69 87031696
17 81 8076938
21 6 3210629
3 43 197088463
68 31 36398294
91 95 442250970
81 93 4195862
98 22 489434443
54 40 25744572
45 91 820038636
47 73 9760183
1 70 75946315
6 69 404741236
7 54 227092167
100 96 8909023
36 30 36042535
100 60 5016788
77 65 367621416
76 29 347468668
67 70 7477732
15 17 60449616
98 20 315758646
87 88 7212528
27 33 9267190
21 96 1145793
79 4 9011979
30 21 147247872
19 83 4979312
71 43 563358106
68 78 385993
2 66 21536260
22 46 6010408
91 70 19359369
85 59 10146774
33 32 14446086
21 26 30908560
16 88 28711615
31 96 110681963
60 81 749616932
2 97 64325600
3 55 26647248
15 59 8073712
15 33 67882871
28 17 5323738
34 89 2183858
12 66 38812482
44 89 11910054
64 16 280983372
46 16 7607572
71 4 3287912
66 87 9218659
23 80 8773482
88 30 987933248
80 61 94890062
72 55 5421548
8 100 77108668
77 40 3847302
2 34 495271801
63 59 5812187
23 97 4177122
65 93 10210269
81 63 3978809
81 75 675205018
78 77 337224312
74 37 7001360
68 88 679941837
52 22 45396780
42 30 260454878
24 3 730866339
47 99 526653
71 41 70105889
18 45 902466619
42 87 267060380
25 84 848016069
13 80 8248969
36 13 382938
30 83 16589219
84 37 8325337
98 73 91052317
79 7 13893169
23 24 35399727
88 18 42751964
27 74 2429997
78 93 60659218
67 91 8683140
76 5 1495778
45 82 6895040
1 4 87750038
94 67 2890704
73 7 1060893
89 49 4637241
97 40 5291314
57 94 48044327
64 82 740461612
13 27 53582219
24 35 758442328
32 38 695454688
31 9 273200828
72 83 6844230
84 57 78735626
75 89 60877197
43 49 2405648
52 60 1561771
49 84 27226088
34 7 71292098
8 82 161542623
47 5 3869699
7 44 75133086
43 28 449578058
89 18 83626560
38 37 1580319
93 18 16790359
58 84 85285054
72 20 222745
42 89 623785504
65 34 2956077
44 64 4257342
93 79 780097047
26 88 8365865
57 47 4051661
61 53 3248133
50 92 96098597
19 90 7641545
87 19 723796806
76 22 740812575
25 48 115982172
63 5 6129532
4 13 102074012
11 17 96953217
59 97 5274935
76 59 9084254
26 55 9240962
43159124 9190599 35421027 36169131 3620823 842269282 588210746 9238044 83743463 721045808 118870068 658992788 6428488 2866473 640864529 5741196 964834296 556610511 948271787 175517378 777125584 8912206 48072477 200323307 92682447 5509657 67047097 7100860 64221562 7120111 625546085 44811020 260233990 247773609 313121102 48381744 57500038 3060677 394356 6723182 1591668 582838304 8920797 390295738 3045917 517427679 158674995 82837669 719431944 522157623 79905481 710761005 446062079 171805265 4681889 25977329 638850294 68864928 468877951 82817400 939862106 2675714 471890905 85223689 531118237 303782060 994972303 57007005 553030000 90879769 298432240 62291633 41732782 4660560 2089458 4948906 18466697 936792321 9696064 550952692 9654922 228160026 3806168 121409486 84640635 604091069 5701517 13211751 69740111 489103135 164616576 42975201 5314675 285397144 54793929 7569946 68627134 48913350 2810661 608046853
84119101 2310003 587004721 531697726 21175480 64899577 273968621 961442033 525395696 72667076 13512113 19901667 3260381 4971072 65635457 7282219 108337026 106213664 324078759 34778851 881278552 985906635 502243386 768640053 6664761 4936477 3310100 1306305 943858293 4128678 51418792 395888405 758723449 1086955 7352305 89048976 7926778 1530550 122348908 4187443 4275955 560083649 92101710 8418577 14757857 3719822 859652359 482734004 2316323 50554138 95872696 14889128 50303290 432903850 357852808 1691191 24995308 9680175 6475489 3703889 8108662 9479122 43973409 6552106 8682690 846626814 1678291 3095666 142313668 35946509 5460609 7548708 177786075 1299401 9171528 824518776 800256 8524781 9278869 96606614 918779768 403356946 39526472 972083801 6247257 7655594 323190796 56456624 467313985 393465625 737030 6609159 804663973 62414179 216817697 513806 156019317 95734584 79390046 599181419
878
82 24 81121186
10 34 4248629
37 100 889166093
25 50 819102788
55 75 5592813
8 81 847802969
69 94 1153772
38 31 14230829
22 45 71526045
49 65 918666504
34 5 199674504
83 74 9963322
59 50 740352442
52 91 5832865
30 82 4787515
24 96 105853005
41 16 688443057
48 27 1793097
68 87 8219967
80 23 904314411
60 9 48690921
98 49 4022972
12 18 50311185
9 45 55417785
83 25 24688498
63 7 785219100
74 60 72659304
78 98 620017234
4 24 615248239
15 52 7368151
71 28 3271699
70 99 64534130
97 60 4113046
73 83 39585707
100 81 4036633
34 95 620846464
41 87 356410889
19 29 75263021
25 84 52864104
70 3 70703206
26 83 45471233
6 73 7601942
12 60 63116651
43 82 15271789
3 88 162397956
25 73 43358524
59 5 98242261
45 2 75695574
76 39 878801551
38 76 400045747
2 51 7332531
100 76 5453390
35 31 2182367
63 55 658244236
68 36 81960885
59 88 696084905
25 27 76978895
52 87 91913667
94 71 7184247
10 55 9095957
83 86 59085236
21 32 6383748
75 16 32441546
58 49 18388153
17 83 544541819
17 75 705371051
97 22 475166149
36 18 4671116
9 38 756044158
25 71 949295
43 29 564637298
58 66 539073831
56 15 112124077
1 39 47728801
25 36 3585217
28 79 63192582
85 81 6504350
6 2 2212614
91 53 44375789
92 33 312513450
77 15 761922
64 77 4264509
7 46 382035628
79 75 99212712
78 18 290842281
36 62 362034
29 67 3762079
99 74 9092094
16 9 19063670
61 7 52451346
26 91 227351169
42 75 791254274
2 83 7515187
30 35 11997260
47 37 68709694
77 30 7808790
33 84 7644467
78 99 2486944
86 31 85180616
19 9 449315620
49 76 7884399
69 36 601585955
99 92 769050222
19 11 8524320
13 83 50838101
81 46 2376487
77 100 86322722
70 37 4833717
92 8 621618540
80 39 30831067
73 60 880060390
9 79 195147196
24 37 51309751
4 19 2948897
86 33 739085012
22 9 718660721
89 73 26083841
69 51 764697289
74 52 339302110
82 20 37497125
1 27 457422026
16 99 656348321
15 78 90804483
95 84 2133851
88 38 33890756
74 25 187372509
35 20 284119242
84 58 491838
9 98 379510697
26 74 719417396
48 2 3298496
78 43 31485665
20 75 50027514
62 14 2553260
42 52 97562927
26 50 99263305
63 38 3009033
41 70 818675733
81 50 4137432
28 98 1102669
63 66 83005561
85 63 8654762
26 69 7531689
4 34 91249977
53 32 59164381
53 67 497310312
20 17 5231631
71 57 44021357
70 49 46817854
45 37 834422543
93 88 523278335
50 66 7211925
17 15 5727648
4 88 56103044
28 42 36715679
18 83 962568
23 71 275152257
87 29 96066427
74 88 3623518
74 38 9820927
44 65 626579393
7 26 44946017
82 28 2981469
1 89 5343096
27 34 6532482
20 30 47221403
19 35 33922065
24 6 557966056
22 59 653709388
18 31 89429362
58 70 6664477
37 91 517610771
44 50 90977290
8 52 6946088
70 28 2694688
43 22 50639234
76 59 5160487
30 63 12988874
29 85 6811069
60 49 4228611
14 97 8012773
92 49 9318191
67 95 728719838
85 93 426139
27 52 361577
82 27 6624840
46 74 99896154
75 73 4179484
24 15 1794794
27 89 10352085
84 19 6515712
39 81 6347778
66 10 73313774
76 94 93452348
90 71 85319193
25 65 89141458
81 56 5894270
31 48 57937570
53 16 5991229
32 65 376328070
15 97 7786647
100 10 786407273
51 61 9172341
80 21 31298761
8 67 39738247
5 13 917625755
49 79 687127094
65 21 191443
19 43 94958556
87 19 70398478
44 15 233517257
74 90 10682434
25 6 198896292
91 23 241188996
49 20 62872455
45 33 3942770
2 70 53142371
34 92 2667472
29 79 11643385
25 96 98818201
28 99 9037148
47 57 5366619
49 99 9699288
70 100 4092958
82 18 31695919
54 11 3378818
54 39 3655439
75 22 876872927
56 99 2582255
13 42 1567597
74 98 503930705
56 34 640263327
13 84 41547426
35 49 823253898
61 55 633862931
7 2 9584306
72 87 793844172
73 61 2457483
29 41 71981572
12 96 298691
24 50 551453186
11 68 1796140
50 96 78946143
29 1 7726511
15 38 44955331
71 86 89279462
87 18 704257501
30 95 106794218
48 89 69230652
32 56 5299475
3 98 50585151
39 43 78231185
86 93 690779650
20 36 64215648
96 55 55063426
35 73 28743490
80 54 17407327
4 40 177573658
40 65 4228563
52 97 133063191
62 11 95882307
36 33 4213444
36 4 496237245
68 7 6357407
75 49 6199985
53 97 174610613
29 23 332689606
61 79 9304629
76 32 847402148
54 69 749809
67 21 2727487
27 17 973228369
63 13 6798275
9 86 273587382
46 25 91078431
88 62 8697411
24 95 37342015
92 50 6990079
48 18 174404601
60 92 33242310
20 61 462326213
23 15 774284035
20 92 94752033
28 33 5778243
98 5 982285545
26 28 895546456
27 8 535649159
64 2 39522342
52 100 96011414
78 23 6039191
54 38 54970241
25 90 61898007
86 69 44901048
86 32 165717980
87 47 221372847
75 95 1533065
53 8 8389605
71 10 98377642
37 21 522098184
21 54 705473761
5 66 5237410
21 88 95667062
56 42 6090865
63 51 5311370
14 44 68436625
38 29 213751947
22 27 2403390
85 21 71768834
47 80 482071020
61 97 731359
14 66 40804122
18 41 609687838
3 49 63773829
49 71 568510166
2 52 87071829
67 9 36793136
44 88 7037549
14 11 91257921
40 91 4893174
95 66 199502924
5 89 162630629
44 82 981552777
62 52 2645193
36 22 49412798
98 48 313567610
40 49 3983104
13 4 710660630
32 89 9911965
37 98 505123370
19 76 311689265
52 18 465850255
74 29 456776881
55 86 418751
97 41 82270355
76 2 9092267
64 42 80833154
47 56 11248506
46 53 275437475
75 81 3024647
46 20 67182496
66 45 160555
6 62 26344390
15 60 260082102
89 6 1851250
48 78 127299030
39 49 49477066
75 4 73984382
41 49 5354241
35 65 639864043
31 21 92528904
45 80 734076131
79 64 6693586
53 15 7613897
60 31 255368497
95 46 747163804
25 45 7247855
99 41 3979715
66 72 37204838
46 69 8502538
10 40 26354212
27 83 60218952
61 42 4468543
69 17 8718173
46 71 60947375
55 14 96585506
38 87 978796966
22 30 6242224
10 22 73656506
28 58 89441525
70 86 93025286
71 59 42566585
51 60 7702966
79 62 70490835
31 92 4768612
85 36 4684886
81 63 685567226
86 84 8325646
97 19 59833225
63 91 887520
19 55 593809351
81 52 48300649
6 96 72162554
78 1 963350464
58 10 41389772
51 47 274395163
8 33 44375391
78 82 94449353
97 74 93175283
13 41 70781240
8 84 6917176
55 51 9716783
21 1 934939705
65 100 75108146
51 6 94540950
83 75 93323371
46 24 306959743
100 66 982103355
94 86 7851628
78 46 923713123
99 30 905349297
5 35 478575718
83 48 456459
85 2 14719466
77 12 2601258
24 44 13984186
82 58 418315949
15 57 49912981
28 61 4896194
51 98 140350849
27 72 71845635
91 36 4102535
81 42 58715700
80 97 237301048
30 41 18957185
78 58 426686394
19 46 2119018
28 81 2074571
10 1 746817252
46 48 7396513
93 46 210816984
41 67 52522829
98 95 43742653
61 78 763652566
68 54 235236967
70 81 94525750
1 72 329735380
79 73 128895107
99 59 70413436
33 22 2425563
83 71 3253104
94 81 796478020
99 62 5830981
56 77 55095422
26 16 648890536
65 93 98964686
42 71 2715960
63 67 806078846
7 39 29136119
73 32 52472820
93 67 86671640
69 91 903184957
71 21 568032935
28 95 199426258
16 92 9709526
33 35 72385825
93 81 5505204
69 66 258283864
69 64 835391534
29 98 20618286
91 80 68745571
95 73 920401453
92 48 3516630
29 82 49984336
46 30 893236905
29 37 509505509
93 64 864175122
62 91 42092759
80 38 358806129
44 54 424629108
34 67 907868992
46 9 797273660
39 14 30538650
49 96 812448841
47 79 5987191
94 72 996046032
24 85 5193120
32 75 1187691
22 39 89586188
73 93 20128383
79 59 954336754
77 66 203521981
94 47 209963728
78 4 834407792
72 85 62788705
31 88 98080558
19 28 12522231
57 94 62354548
52 34 716136997
70 90 44872005
25 31 5361857
21 45 8788909
79 22 789881481
17 48 9674421
95 94 4146002
41 39 1960922
55 20 922269251
8 50 8291629
95 83 1446540
63 20 31586297
86 52 618830462
53 63 5020480
30 13 945955224
39 83 1323781
82 62 2086137
47 41 69310394
53 60 39087349
96 83 8388033
98 32 7475486
77 82 706957217
61 34 3067226
42 7 913059406
4 56 832435858
83 36 247047188
4 84 3749425
88 27 786354
97 50 7467945
53 28 71544967
2 57 31203327
10 46 8987586
50 77 52408331
60 100 682711032
80 85 3813417
78 94 67702595
86 36 155029219
79 6 501767294
58 77 1110690
99 33 4750435
97 63 47871709
92 76 97737995
78 7 618719
20 31 194003410
46 43 3216197
83 55 26244185
5 99 64306924
46 49 3130347
41 10 761731585
53 86 9040523
79 46 338046177
74 11 1621820
41 11 73766147
47 62 68413431
42 57 4335024
18 85 560034070
31 6 617721
13 2 92197076
100 20 888983421
57 75 26095004
23 64 1420747
61 4 8044629
4 64 52804285
51 10 5969006
80 90 58824798
7 64 1627292
54 49 3161651
65 3 839487927
61 89 41342829
28 29 73298168
97 40 2693700
97 39 81400291
37 59 6994679
16 36 19479251
70 77 927283076
83 53 10529211
52 61 6918751
53 57 9846548
69 60 209983627
14 29 955045464
90 50 7931229
89 44 1137449
23 27 34244576
19 54 13776769
24 32 41264796
48 39 2867185
73 77 52551372
42 100 3253789
43 49 639399256
18 26 83404720
42 69 4290151
47 40 800283650
62 61 1949779
42 91 60203363
9 84 2244556
90 2 9125506
66 16 945033405
39 66 2043836
13 70 7229589
75 89 3993173
98 90 59901554
70 73 3822683
63 19 4563309
61 9 940244033
4 82 333424830
80 78 73959187
22 31 825043571
19 2 72418179
60 24 444453230
53 6 47806741
23 87 881355684
16 64 911281112
52 31 8249819
94 59 975894
75 52 8343242
90 38 8575821
22 70 7933313
69 31 46093772
41 58 5743673
59 82 535721
65 69 474780
21 14 61089188
93 41 6119612
6 63 59270560
23 62 74663937
67 71 92757630
41 44 956990226
34 77 1915912
64 81 15513954
40 70 432388609
29 46 257038518
47 2 834956757
79 50 63860185
22 1 6181811
79 41 149623854
88 84 167508917
45 62 804190908
76 74 884027421
52 40 684034008
55 15 94275533
48 11 5796927
86 73 859678099
46 80 5636718
62 9 25190684
6 5 89156193
79 90 241269948
99 11 96454069
95 32 284118211
29 53 6912132
69 25 498526022
54 17 2780449
18 59 81121106
33 69 49032802
69 63 41981616
81 72 1626286
7 16 337558167
58 17 79135586
54 6 61888146
39 57 47119116
53 41 77389812
68 73 629523111
63 95 155096656
44 32 14854178
55 21 418294366
30 3 29830337
87 62 12889236
11 88 1381442
31 70 577411870
79 85 851689705
88 73 138269897
2 12 396877834
78 100 919724813
48 57 189941835
7 35 982640
2 8 32959258
3 52 6867574
96 46 526656510
63 18 85467561
44 6 73665727
56 90 37019976
55 13 9047672
70 52 921753924
43 57 54035158
96 29 4113281
26 81 35360774
55 71 438069725
6 67 83716066
95 37 255786522
76 31 4291173
37 65 6935614
56 74 12433639
1 79 2902712
79 55 432496
79 18 14263993
82 40 99294069
38 95 91884007
91 12 898927
34 31 2504225
91 29 5469371
17 38 249697060
68 19 411664643
35 39 884748811
41 34 359080054
88 28 42210070
26 54 37262951
87 67 847999
46 34 7724105
56 12 9386737
79 5 77416352
52 53 39286655
78 39 45280661
34 37 93506675
37 94 43244740
46 63 227425061
64 15 60357033
69 49 539025456
63 89 37880337
83 37 859697160
70 6 81650308
69 28 5269586
12 51 5822488
74 41 837025499
19 15 421005400
26 53 19274101
94 58 34067602
56 85 613925775
74 4 55805451
45 68 53330198
50 100 38857177
22 32 92526209
50 51 26802573
17 18 56033302
88 30 226847997
70 46 40301677
93 95 957381664
55 78 285784995
84 47 454585818
5 14 6744392
30 31 452191059
1 8 4897788
52 17 5569874
75 5 639461442
31 96 98945811
73 42 773091558
58 69 96420791
63 60 995120916
66 12 647664797
10 33 4095467
83 49 2334308
59 84 429854761
84 1 965486913
4 53 7568110
63 29 9254648
51 71 2681023
42 54 2086968
2 14 9983853
31 80 8122486
18 11 449913926
74 72 48668278
48 97 46584477
64 95 207505650
58 60 8299121
24 3 8705460
29 70 89167772
85 100 7161879
100 16 29671228
97 38 32222742
14 99 57897739
36 5 792828123
9 81 950812188
83 70 57889726
64 56 48084921
72 54 325934684
82 45 7327327
37 15 523792014
37 78 9557512
16 48 92814779
80 43 463518
82 76 95014993
76 24 31086809
28 59 3596506
19 91 98961434
41 24 14524984
35 37 45431160
8 54 539250387
27 20 430767318
26 34 2947171
21 72 8166596
5 95 2840673
69 83 9840740
73 27 542483312
11 92 825993587
84 7 7604791
86 57 488964452
76 18 3387356
43 21 5316838
83 1 91633236
65 89 915407368
75 82 2861831
54 27 1635597
74 63 41590491
86 29 76601464
42 97 43791790
54 90 642825218
71 91 727942881
54 10 6110921
62 81 372885534
76 8 4610716
39 3 40316156
60 95 20234196
32 68 679534258
51 84 225920840
26 88 70080611
1 93 86811187
13 39 69708946
71 14 85995522
4 28 148351371
52 95 4641885
11 83 6426060
93 58 5150495
12 35 3589030
54 53 176742464
38 42 80461553
94 65 6584884
89 31 4663480
33 40 493003647
31 19 1957120
57 6 87735612
99 40 629860352
34 32 349857439
71 39 39805292
70 16 1005379
12 55 838926966
73 5 7165461
79 32 63095669
34 86 358098828
89 51 835315714
99 73 87560284
68 74 6877875
74 30 674023398
2 84 199496308
63 28 6452298
10 13 97526981
76 43 92370155
71 36 17033023
53 30 725357096
89 57 24102871
20 57 189285522
49 48 82451797
98 11 665791852
54 34 2340312
32 71 7300194
89 42 28083448
57 45 40834791
10 92 8165449
29 83 632141755
65 85 4823894
53 58 7315481
10 67 59623363
64 25 23577318
81 4 624882177
76 70 2756678
5 1 275687654
25 13 4946767
37 52 57188385
25 56 25878427
65 83 6378316
70 74 52519033
78 56 2855466
45 42 165337278
83 43 74934464
83 63 857888605
90 59 2565771
94 63 508259866
60 14 53508099
44 38 190646227
62 15 8786833
98 47 47750916
62 73 480184635
9 3 39453079
47 86 28217442
1 99 57341308
15 31 66107542
95 39 536356932
74 81 718830238
90 62 81897992
2 46 9993253
26 65 167815082
23 85 724282491
44 71 44765128
82 80 7347468
83 6 757362736
66 81 4258300
3 45 5154672
84 61 3446352
16 40 62292657
7 52 4625177
57 26 5456912
82 16 65863416
56 100 14069110
28 76 207490596
43672186 60852912 38278046 866081630 649894717 197933288 9456995 14031205 97138820 19382314 28658091 41164833 309373750 418287021 4207918 7355012 443259649 462952107 7415108 14821581 758083 87754242 7859462 857771726 497812149 352192685 776786 6462366 393062394 9133802 1882404 56142154 5841735 2557774 4649849 53435480 84174610 5097741 88604655 523439 41401364 3364972 292601436 26403473 9364734 11597074 421296954 8391474 71876580 584751367 67970503 525910756 42510883 7650583 210492764 31116334 60842926 8534994 348826869 87579678 258100270 58981504 29384907 296106075 791907454 890311993 92208643 6863900 44791586 96835934 44251378 9901490 6252020 855537650 2269356 67373364 86164963 7343130 917429862 2114010 46745468 1951392 19483147 87465883 67481310 50028850 871150315 7022048 9278239 253368973 245216210 996888583 44332017 71666564 2156179 16502067 87161662 342378850 19609294 497914
8515637 417294405 8311701 742145824 6307683 46797946 4694797 645042966 24614099 919577569 93952199 2886183 730214 9851476 41544670 7713026 80407455 80501896 5761828 6395549 50529353 418274457 36884657 2322446 216919785 825249998 177437985 102780527 726166491 766148009 78560008 815137550 555764408 32006017 543589215 486573149 192599400 177420001 889501683 60287493 8996091 9873101 76417418 8173949 40848706 96125337 2129239 18313658 9045892 12565470 62954877 27931130 23490380 16797847 75700287 33561486 5187499 3210009 73057216 3190434 8024804 61777498 432030517 2525643 496622582 925877935 47023364 17152048 697032973 36576026 6506762 18545294 97930997 5367441 76960584 549521442 20868423 678050253 9361240 2869366 5286013 86713930 549512 484460403 67788899 444946099 171828347 2182338 4099529 9640220 798028127 68835527 619459041 5678108 457057516 8214070 12942027 663754 32318474 816400664
899
88 11 5403165
78 30 3622490
98 13 52741528
42 29 658825070
87 9 74494963
34 63 58075772
67 8 77289328
36 41 552093874
90 27 3708554
44 17 86121096
39 24 8625625
23 63 4058482
47 88 67128818
80 78 71943775
75 78 62362585
25 97 3787106
52 15 21365744
62 30 1619700
58 44 88231
3 76 5047145
83 71 6356284
77 56 17778193
83 25 24152833
66 79 8337653
56 16 879871266
54 36 7222434
37 67 44266408
73 78 5308053
62 25 9650361
11 66 642772743
11 73 168029901
9 100 28399339
50 35 129944
15 64 151479409
3 49 645857984
58 23 4529208
53 65 244639330
40 60 9674024
98 90 3647552
28 31 484044635
15 1 94802167
96 53 23417526
28 79 89879313
49 34 557117538
31 25 539267104
69 39 1578055
45 20 2363636
75 48 3594961
44 15 90031689
6 1 341751164
77 88 440176112
87 28 482269392
95 18 39522980
10 5 146781540
92 26 1325681
78 76 11603466
99 31 13932913
92 79 78861342
51 91 882650491
72 73 1815344
80 59 3712677
96 62 9972017
61 24 6509194
64 49 34876247
71 53 4865244
99 40 363577793
81 50 43437520
83 64 1134705
86 5 4886490
28 82 25203949
87 10 6583948
74 14 78657069
85 26 51984874
5 88 97251900
43 56 146357507
7 85 477465455
66 59 21121828
27 30 70593700
29 93 80267410
51 57 11953534
9 59 970017214
88 28 49081684
22 23 92375281
10 86 36225322
73 30 406864257
23 50 317601265
50 2 83247488
92 85 87393213
7 53 79944766
43 76 1572418
47 13 7500712
71 95 647150834
3 39 248750953
74 41 421896638
32 3 39387797
97 56 8022951
5 25 385645105
23 34 345185548
92 40 928819366
93 42 5395240
28 89 75755101
32 21 83482489
65 69 96024729
41 85 105069579
55 100 495991133
59 55 2298579
67 41 40459275
33 20 55698057
19 55 9105935
13 100 5582233
50 74 918590738
29 57 9296008
89 18 29386947
87 5 5623235
18 33 8850184
30 69 4386732
71 10 74870982
92 28 59419432
7 28 7082558
1 61 891532585
8 98 333712871
4 36 6884330
7 10 88009909
73 64 85097309
34 53 6716173
77 71 412546707
35 93 5412773
92 88 61021538
82 59 7195643
79 64 73880771
85 68 67650055
23 65 8929301
40 82 829080944
45 64 93659940
83 11 27485542
62 22 130783268
46 87 34210823
83 37 52970709
74 22 173792161
47 30 3212398
53 92 64019737
60 28 86862186
69 46 3948389
63 65 7043313
99 10 66812895
28 37 67510751
81 51 76470554
39 85 9668623
49 50 1122885
26 42 20905157
83 73 72274543
59 86 8416325
26 3 4966241
58 65 444050138
92 20 156734136
98 89 9359825
31 50 3895936
58 36 417784961
82 45 48483267
44 92 4622227
46 32 771324296
56 24 30173538
87 82 16135520
100 20 1265144
77 3 598628913
90 99 726215
81 100 521517716
48 87 9976191
10 28 261878347
66 72 3769715
70 43 7828451
6 17 68434126
34 100 291902949
27 40 46592244
93 47 27430611
38 58 6794443
16 23 24711941
40 98 9532581
14 66 515580669
24 15 13543426
78 37 812959055
81 16 4892959
75 40 49940531
53 70 259719178
17 22 96535591
43 71 9565315
3 95 833401811
99 7 9691677
32 100 954966212
58 35 4124694
23 24 357631722
64 75 2428609
67 5 45324323
97 2 33929415
58 27 102239053
14 94 7725602
5 13 35899559
100 93 763236013
98 83 30026461
80 37 330567282
68 82 717836915
34 27 439007883
29 10 88884093
27 16 6265532
61 53 568733
99 80 448281694
85 100 3943187
93 45 59252861
3 20 3076872
73 94 53759849
27 91 37224323
30 92 51189980
34 88 2944540
44 49 15836731
79 63 24985792
72 75 497759306
38 24 62379697
1 11 47742181
65 79 13014852
60 65 3407522
56 2 4650121
28 48 6904003
4 87 2969955
33 56 68701560
31 83 1990128
35 30 82596966
7 60 75855352
10 18 3469506
30 59 534572227
37 20 37630883
43 8 350446245
95 6 6010486
97 45 4683873
38 77 8778558
43 47 4620068
61 99 9705376
3 59 45199550
25 44 77451358
29 95 73253474
95 9 6140620
97 9 485442052
71 58 82906278
50 40 685433246
49 92 350795722
73 80 50546186
75 42 512111997
38 97 4256737
11 24 22204751
91 24 6281603
65 44 22322453
67 68 88936758
37 19 21568093
40 24 34856599
36 10 80061868
26 71 94125266
45 33 612778966
57 8 19793347
95 20 34240234
23 78 62577001
3 72 917194429
77 23 852689421
95 44 78017754
11 43 42283589
21 38 3282602
56 90 488030333
23 7 78021297
3 86 5532671
64 7 8559587
76 63 52592688
17 48 362441
47 39 37784361
75 86 916299641
79 26 313925029
77 53 73044859
41 40 910467988
41 52 416217219
85 72 117164174
21 12 2800038
45 87 50843783
74 61 92895755
42 34 19671932
38 49 6612650
57 60 258273817
44 4 737408884
96 77 75752092
5 44 89960606
16 10 410680486
66 9 73666677
96 39 303455065
97 10 5986320
74 6 94468047
36 60 8413415
90 24 7468227
37 94 151496320
98 28 3831305
89 87 792163768
29 12 9185541
16 33 616706480
75 37 5428667
19 42 68704271
31 48 72243241
20 29 820863034
43 2 689949182
72 23 6604805
15 28 9827302
79 36 5507177
56 21 94996110
70 83 3560712
35 69 726600885
89 100 85568131
18 44 3495527
89 24 647930914
64 99 6008842
55 16 80283785
30 41 105354
50 20 6805068
65 16 4159232
16 57 461055693
74 88 3158807
4 20 9550904
43 32 562854258
68 27 86808256
73 26 728077049
39 79 602959299
42 20 650314196
55 9 5369695
93 21 1114532
83 59 3797081
36 45 620170028
19 71 7261599
70 92 8458978
22 27 95339836
52 35 761467
44 74 49168960
96 86 54361377
36 84 32340087
6 40 226115338
59 49 107846593
82 56 222489234
54 28 97538983
75 65 505964901
21 10 242405497
90 60 960893925
52 81 1284742
23 79 25722211
77 5 70162251
90 63 3128541
96 10 2667099
65 2 3500211
52 60 290537564
41 25 72482672
93 28 5314333
77 12 107156059
71 62 7837386
32 38 29639144
40 55 49416756
90 44 76565799
76 77 49189251
74 72 9712172
84 91 217165274
12 32 42546334
61 15 6118016
14 19 106047042
19 33 444328736
30 14 420456943
12 82 54625601
40 67 33581738
86 38 4224114
10 91 132530
5 41 9490284
52 64 24577256
98 71 36547944
65 33 61795830
45 89 91372171
28 59 685673
95 39 2452707
100 5 336611341
21 50 280310303
62 10 37992801
97 1 9776780
34 93 874981544
44 1 956461879
95 47 2387183
90 38 8317036
86 19 607093134
81 62 370183167
84 20 1343252
29 83 35553140
68 79 357283907
80 92 947475654
94 86 3106977
19 68 964181107
39 18 6105729
13 24 913743984
93 68 674197111
94 8 43686861
49 36 71419778
28 44 813718620
53 37 70043314
39 80 668696790
68 44 8124743
51 54 66461313
90 96 70856675
27 95 5984389
48 33 70858268
29 1 456463247
25 75 5613330
8 59 6138502
20 28 797580491
14 48 5661176
15 25 7493169
97 52 45675302
76 19 80872309
88 87 259122396
2 82 754651491
78 81 40525006
50 37 180252268
60 23 41369566
4 13 176959068
84 74 24127580
73 5 26070167
79 3 33362653
96 1 71069113
91 18 4316969
26 30 217405802
2 5 3644149
4 49 299593034
84 83 38206482
32 98 6971630
74 91 85636235
42 84 40551045
43 99 5584148
62 35 67703212
43 100 232862993
53 72 1669928
98 30 13555167
44 79 76325862
97 18 985948696
34 89 1227487
16 8 3764851
67 66 9876139
57 2 1752578
30 89 7140824
27 38 51167269
53 100 7836487
67 56 98964898
4 66 78321810
60 72 847292795
59 70 2513022
58 59 79275671
89 3 972124238
85 77 545119281
14 75 6657261
5 40 8183420
63 24 732947274
56 39 212673
58 2 4077646
46 81 45291999
83 10 2423934
11 77 32559663
54 53 98677356
37 40 288636815
5 72 471650108
81 48 9126358
63 46 655729338
82 77 561887670
82 96 30574495
27 85 387819054
98 3 975561634
53 91 708955600
68 52 2806113
31 51 714008316
48 25 6538840
51 50 749035772
81 36 658308779
89 17 4342485
36 92 16157843
47 63 382475838
44 12 438840909
7 50 446787270
21 1 791121445
80 57 621684013
96 85 76658537
25 81 77067382
45 88 83365323
47 26 104332716
42 11 674395293
72 83 1090326
29 16 148009807
4 42 9185594
43 41 51707385
73 8 1431408
20 1 62742368
24 30 647774200
25 87 7681744
35 89 849703466
19 12 3163911
53 45 206954901
2 8 221362987
92 90 375825220
94 23 192283179
79 19 434781
13 3 8613264
97 42 25669649
73 98 3692321
33 59 75605811
20 56 7890810
9 91 579155570
89 12 769294088
28 14 600063251
30 39 5218844
67 35 571232633
49 31 7605394
52 74 771682224
11 26 3277913
87 64 96178583
89 29 843472398
66 37 916762
12 3 118323189
44 83 2323517
73 56 154370317
57 98 31485348
24 74 6784575
83 75 877075786
17 15 2630457
65 68 103630428
50 61 976447764
21 95 496227350
24 6 385689594
11 34 34264633
34 55 41241500
22 55 3017018
38 11 6729037
91 26 21814360
29 55 259809687
44 56 724337085
11 69 680198
61 94 109055930
71 89 1833264
35 92 51217999
6 15 238380763
80 53 8736574
67 14 905025941
6 88 537242899
21 6 4386767
79 48 752766614
26 4 144749629
35 25 5341633
80 27 3728704
12 65 430640769
32 65 728412892
3 16 2224734
86 35 93872133
24 96 38720457
87 18 7845525
62 39 315174403
13 68 293453016
32 94 8751264
45 86 60776637
83 38 46358307
12 15 887510160
29 39 6822177
76 51 29180698
56 83 830820179
59 23 19859911
67 89 4536451
6 84 998688501
99 76 28600642
33 9 5956872
8 11 251349521
3 74 6295392
11 40 22136568
36 70 25817570
15 96 7860204
72 13 490021310
9 72 8124319
12 8 207161816
14 78 68307559
93 32 7860721
22 65 5663634
35 11 32578455
31 96 829738028
27 26 6677981
39 66 7200560
80 94 78047570
2 34 285893034
94 56 188430530
28 52 15130134
21 72 9814616
31 67 4684318
67 82 716816771
58 98 1051474
36 82 78720300
48 1 941552022
12 56 9606998
87 80 1098710
68 95 7235743
65 25 8376354
91 94 2583441
71 65 53858470
66 23 9019076
97 11 75944497
76 58 449528641
57 39 1517681
34 70 1356962
83 35 578066501
86 61 2945361
10 95 1474068
62 45 883012044
54 9 7879559
87 99 62468038
39 68 94703183
93 5 5047194
51 16 840139429
9 4 1640376
90 6 844622
95 35 3361827
89 26 3982220
99 73 65452777
62 64 562545939
55 87 58060398
67 77 23159336
52 4 623309592
49 98 8794478
70 5 934344314
41 6 29560834
79 52 3464674
53 75 84436046
100 26 8262207
13 26 966567
44 48 62360389
8 77 61583773
39 16 39254678
10 65 4716318
34 7 4356236
68 33 15195419
64 60 353537349
96 22 68113142
43 72 198180147
67 94 64565270
30 55 59818397
17 59 104591
69 5 8232447
10 44 1259280
37 44 530208080
63 49 2034072
21 48 38419374
24 94 33756711
14 80 200382488
58 80 374271618
75 46 851617363
64 94 19349145
97 43 387223171
25 2 82419695
50 64 187097974
66 97 231481127
57 53 55611523
17 39 23797587
89 68 2656351
56 59 8111111
94 42 304500749
97 91 3275466
58 39 3559950
12 45 6550541
28 27 129484349
42 44 934184224
8 81 3440234
51 90 5808843
65 18 228619
36 9 405298447
96 95 76217278
62 15 84050375
96 89 57842864
53 73 9584358
100 69 8588001
56 36 1418705
93 81 5909035
27 77 84141297
96 16 692560219
1 43 876840289
62 13 904524583
93 3 68055490
32 52 385064880
67 79 7875964
8 9 9457076
56 84 7899197
28 9 887404494
82 94 7127256
28 74 3012798
40 9 821187893
65 34 65429464
40 34 8732958
5 34 4644580
86 36 352522591
27 67 2555029
41 83 3063359
65 100 5809209
50 67 709757831
49 51 42010132
30 87 836619045
97 83 2401617
58 25 7171292
30 88 406180874
23 85 445826447
29 30 508242933
44 53 354122042
87 81 26504880
76 98 508104798
88 55 1618451
33 82 54414756
3 43 44436937
51 75 785393792
19 87 6432892
54 96 7054375
92 34 3843707
38 1 2473250
16 72 4427850
73 95 45575674
4 55 953073947
8 28 6218624
4 89 22500243
32 69 4393902
46 78 45145563
99 25 705633476
79 75 348007861
21 35 247077
54 65 308843347
82 38 10238224
43 66 49427335
74 1 3840022
60 3 539231133
69 12 9854205
21 2 89822965
28 5 755346165
75 98 35068564
6 64 5767546
85 30 857201842
57 44 2161757
1 51 75133573
62 28 6771927
72 92 50953020
88 69 210950925
22 14 40662522
73 40 4960542
77 95 6101359
30 25 283222834
49 2 362667664
24 97 15583399
78 60 5009994
86 33 23224303
93 23 1582794
5 99 2869202
64 84 4726302
21 44 792875792
66 31 555467602
79 73 5997989
41 69 4368059
40 91 365339673
58 67 492817365
27 86 40123031
16 67 30348530
51 63 551228123
68 46 47243324
59 1 58636830
42 77 923161587
13 11 591072
95 67 5569998
35 1 97147003
85 75 748157915
87 17 26449690
41 32 8435542
46 1 908204
72 37 208080232
86 17 720112245
18 100 50544742
37 65 529776655
39 90 4817412
16 69 31931836
49 6 792526033
95 16 1861135
57 49 112761169
30 48 17181669
69 89 669315879
14 27 750199855
2 13 77979752
31 52 618128628
38 72 4827108
33 75 37781103
45 23 7649871
1 100 4633126
87 32 9121479
94 31 19697221
40 8 89923853
18 19 7268092
61 47 289608427
31 65 179576
24 60 81367620
97 22 3517453
95 25 28460827
18 49 528564949
8 95 351476207
23 1 3553992
62 65 3404660
2 32 428524654
86 47 3862501
99 65 10500480
26 95 8555567
20 97 416560406
49 89 30666487
67 69 54468508
61 60 731186860
50 97 69045233
29 87 9124744
21 23 8446864
16 1 22271629
57 95 5077915
83 21 4212226
62 29 999052925
29 11 67701084
19 44 314964011
36 63 815146228
40 84 9006520
9 80 809943038
17 18 867888621
79 43 54693
51 69 706424874
57 54 294524
43 63 854978106
1 85 748812
85 9 51416057
71 20 249361330
90 34 2576237
89 20 2768408
98 19 43531424
12 99 29699992
12 50 220011151
56 49 7493091
8 3 42407143
90 86 205686292
81 53 3604619
10 50 274167047
16 61 42373781
56 41 8583843
81 5 4922449
15 41 6300286
30 37 707495750
20 14 896224986
89 16 5968163
5 61 46242869
9 24 37915773
92 61 302806452
41 75 266556067
82 90 93584630
22 53 37461901
76 8 369830
74 87 7754277
99 52 597704377
5 21 36168201
50 4 84684717
15 71 64825125
2 26 173698052
27 41 389961184
15 99 6246582
20 31 6844380
96 6 2105880
59 34 20827462
82 9 7647553
76 64 48658955
65 85 46028973
31 80 6118752
37 68 71000820
18 74 831091776
72 61 35579934
32 55 838642090
80 82 4206368
13 43 114113636
47 29 8487111
9 21 5408342
80 20 792150412
3 87 36231782
63 20 622807342
3 62 54515377
12 57 53432725
17 25 97960799
27 89 2141328
97 34 9101852
63 57 22949495
25 69 16542748
7 78 2808921
2 80 9105935
37 90 567698238
25 78 19892046
52 46 29452438
74 46 89276937
96 12 338476233
81 94 1743428
51 45 483213733
10 94 6798408
32 71 26495389
