-160189
-203848
-153008
156989
181588
188153
-151721
-90583
170778
159629
-196646
176243
-189395
187319
158064
-110371
182448
200447
146152
-208292
-155416
-169547
-122300
132519
156198
-196319
135445
189064
153998
153838
145058
-164012
169465
-91551
-129254
-175165
-92927
194702
-160455
149369
167549
169189
-98485
172138
-132492
-118224
156518
-122437
-165603
-160406
89065
183845
113331
167443
-190811
-153420
180265
-147915
-217097
155388
-155712
164974
135700
-156598
-185906
-183257
164266
-202749
136545
-141998
136345
181416
-160947
125257
-172420
-146081
206736
-172633
-142984
171069
-126008
191196
129377
-181735
-120747
167344
155928
138889
-206628
156301
186661
137021
-196327
149667
-167450
139931
-163512
-150672
189385
191368
136133
98792
161010
168824
94214
170058
-179299
-180271
-167723
-209891
-200612
-114967
-143614
135523
103199
168962
-110933
-196011
184258
102767
173413
-207027
-168507
-100439
-173773
-121890
-146304
-135533
177111
-171340
-142102
-188916
167296
-148174
191139
-189941
-129738
132473
-148260
-125466
-186800
-201975
156556
171236
-189836
112574
147694
-143234
170744
-163485
-153646
-122381
106815
136144
162072
206682
139589
-175478
148250
-97339
192994
175012
-129886
-110157
-197089
125422
-189561
-157239
-190284
183397
212883
190842
-162927
-135211
139022
161718
127529
-190327
209570
165751
-212968
256273
111911
174706
186621
187249
140177
-155992
167835
189231
157109
-141077
199978
-204068
200819
129954
-149557
109529
-223560
-210501
188382
-147614
185220
157529
148664
141329
-184054
201117
-169772
90655
-176139
-197362
-140150
183704
-211323
-169136
-189175
159523
81774
170846
125736
-154594
-130084
-151049
176635
184156
-212516
-158984
-167891
-128288
-169946
225334
157393
-159155
145605
132300
-186327
169779
-170012
205477
191714
-139596
-203001
196867
-172275
193729
151551
176853
175478
-128639
234116
-176769
-132404
175643
194359
-173356
-189609
-186335
159810
-105867
-155649
-158287
-173829
173587
185968
202550
180519
-187103
-209699
-151590
177996
-154340
-123802
120455
189755
-186554
158636
-155418
-162690
168688
-163531
-217357
-162468
129994
165648
-141417
155577
153737
196993
197688
-174749
172090
202777
190459
-157077
-188913
-188689
-178357
-153208
-195237
207844
163190
-164181
156260
-115623
-191332
205984
186663
-134899
-148796
153299
-178967
-193866
169568
-159131
-115792
127502
-151904
-218750
-199732
146647
-121340
133381
163879
192355
-164529
-178778
-140768
-168194
-198081
227978
-126253
-159602
-164279
156427
-153914
109912
-131441
-163579
182618
-126487
104365
-136388
-174418
-198464
202250
162107
217376
139134
190350
169045
121912
107254
-202425
-180039
180323
95540
-132866
-107559
-158704
116881
158186
149293
111494
197401
128885
-155962
-186228
-203005
-127552
-144411
157796
148584
163587
196643
185271
164605
-186262
181077
-155464
-180399
-221569
-158224
154793
-104498
-143358
170293
-154621
-168155
162174
145867
-206383
-180751
133312
192046
214721
-181288
143682
170162
159007
-153314
-118624
203724
-126290
-173368
121802
-195518
-141396
-134865
-105113
166325
173019
220914
126411
114813
137622
186583
-152410
-162464
148995
164261
169653
141844
-179882
200652
179665
178529
169967
-157682
-178607
-179782
-172624
-200539
-189024
173541
-198454
162770
-181910
164457
-199993
-108811
153247
172591
183269
154519
-160509
-202859
136974
-129337
-190048
-188247
190858
155367
-217911
211926
-169850
171033
105649
-166550
-167967
-162758
152394
204484
-161556
148152
-175315
219698
122143
-134028
233458
173811
155765
-108541
-146234
-129681
97403
-192491
-135077
133805
-184612
-124326
198303
121644
-174493
-104429
187285
-183771
133800
174404
225519
121752
-168033
-222449
-129188
-171774
189309
-182601
223300
186499
-134689
-159668
180338
-136233
-161818
-178682
-208892
170154
-185004
240961
170582
-149520
179173
-189039
231851
-170475
-155983
160777
-169052
-186104
191045
-250276
146966
-212543
127430
-188614
187468
146368
-186266
-185184
-132680
-186535
-143687
-170903
202918
-167136
-172596
157003
152690
-203340
-123783
130281
-172444
-137574
-181088
232417
-130314
155498
-156589
-201353
137759
189949
-163941
67452
-114620
-187474
-132441
197780
125142
-199134
179067
-125253
-110698
141935
152995
-121482
-135451
224229
107736
-165957
131116
-177480
211994
172083
224267
188288
-183210
-185936
140884
132980
195530
158398
147819
205237
-167698
-136486
158064
194470
-136240
179629
-147661
-144933
126767
-158544
-182335
-144814
-164421
-118742
186978
173064
-179733
-153906
148156
-145260
-188792
-176238
-129068
-168746
-143564
-167436
-164634
-198105
126133
150522
169684
-116980
-151649
-105715
-190144
158220
-89942
184669
-147137
132455
150214
168399
157523
129582
-177724
227028
187664
180249
173047
-190060
222129
165510
-184496
-204521
-162971
-148792
-149213
-153442
-116965
157293
192893
155019
220904
-176780
161373
170283
138046
206163
-139234
187641
-128327
152692
171602
-126225
-155450
200646
190617
205517
-211375
-221927
197777
169529
156315
-106602
98004
-177400
190427
204407
-154088
-175780
124233
-150778
-212276
106178
169526
183624
-142105
-187428
-139895
144198
-165600
185806
175848
-137242
-209378
-124261
-178561
140865
-165998
130836
-215248
-182086
132597
-141041
-128774
170729
-153836
-168936
188547
155577
175616
124960
196056
-161107
-129767
190191
160080
-139258
200871
167978
-217085
-177599
-179551
100652
-159292
-154923
181638
-113440
-145338
132462
-163016
-134907
-170757
-180225
181808
-175839
-168074
173003
-181266
111878
214308
-188877
-98101
176170
127005
176971
-183722
-189792
-122052
149877
-147732
145299
-175968
-222853
-189549
72803
126413
116855
-201037
99977
-152434
-101667
173236
175563
-162013
-178158
-88916
-138324
186033
-164071
204112
158122
207947
-136581
-131477
199437
151981
-160433
151689
-172389
163105
-163971
-151154
142506
-132144
-235371
-169246
-167108
-172078
136908
-148809
-112633
-147006
-177450
-186187
200410
-123622
-176597
152432
-177568
-174352
-200717
-145850
121627
189574
-197549
-90418
152859
159766
145231
169624
-162386
208637
103421
-180941
-205248
-150013
-111172
-155780
176029
176107
204030
-166280
169915
-156072
200024
-123796
179576
135604
-215181
-177298
104725
171824
214794
-157277
-232115
-128108
-150807
-180757
-180905
-184550
-138490
142052
-173940
165600
-125606
172092
139557
-111704
-145627
-184233
111168
-98203
182232
-196124
116258
188227
179576
168102
-204015
194003
-143073
195788
-179455
166054
144305
157769
184759
203400
174743
-180313
122875
209330
186244
200830
-145434
184671
197465
155849
-167212
-110287
-148740
-156577
-170492
-207302
171053
-178962
146299
-135328
-165213
204172
-223384
145366
-176039
172591
-126897
-126211
-195536
-162961
188798
-150889
191734
159753
-168300
198661
-111289
-180854
201621
201483
-193763
-161411
-172063
187634
-166030
169340
148514
196865
177867
151678
-116760
198479
-179414
115034
-144317
112717
-175528
201417
-120700
-166867
-154933
-153666
-181076
179104
195849
-122163
-168777
164207
-135787
177115
-194871
166001
-159250
-150401
-93266
-137811
150855
-185925
189953
135132
183429
-181868
169032
-167132
185267
-174875
-158128
233412
172985
-177322
160429
-154792
175540
141420
153743
-216001
187294
199658
162272
-164741
-193131
-184254
131150
108063
144825
147917
154647
162432
128256
-200467
167146
-137445
174634
-204015
204892
205531
-119238
164325
-118207
-167632
173224
124390
-137110
-134930
-154398
-168480
-154235
171096
-205188
129085
-209284
142291
-124547
-129327
-170027
-202921
-174757
144249
