166635
-202294
140599
-139871
-235121
-166842
198230
-132556
186034
-137901
204664
163182
149689
-197121
-176150
-155232
-167094
144483
-134736
-185090
-188773
-262469
209946
-122071
191736
-115041
155103
175542
-146302
134859
-189100
-172200
-154319
135271
126428
170526
130030
-188680
180786
-137157
-197105
170472
175763
-178118
-190063
-166066
187429
-98198
-154470
-137489
138736
-109107
168602
129460
-92696
148984
103053
132301
205938
-125408
-131289
-226348
156341
-182856
-182816
157881
-184875
-161092
200561
-150907
157381
-130647
147762
204327
162771
-156104
151427
170286
-134686
-124776
-153643
91437
178088
-117972
178688
143888
-169143
229183
161230
155017
-211597
-142528
148664
-238371
-157589
161043
-183344
-188350
-201981
164322
186190
159906
168418
118418
196035
-210435
-151554
-124805
139330
147712
-133591
-157931
107095
177473
-125508
165105
182758
-189927
220613
154037
142343
-210469
-144646
155234
-135017
-181562
147739
143375
240715
-224775
168219
165383
143827
-172560
162134
-169353
162041
141312
-101365
109840
150779
148925
109337
-151335
-209206
-187871
-187544
-103587
167066
-100556
132883
-171631
139911
-110892
-213158
-188119
147773
-146432
-186129
197204
134595
-148512
178519
147396
-218442
160080
191220
-186441
-117787
-193207
-108663
-134776
-172541
173297
157114
-154933
185372
-125853
183667
177648
-173167
-181838
-158325
102008
138916
141619
107075
165426
135814
-172295
174411
-158444
125929
150175
-137347
156970
86029
-140790
150667
201698
157826
150709
210528
188361
181150
-201776
-214406
-216608
-176727
-205568
168866
170738
-134064
-164351
-194994
-123621
-212391
-176331
145065
-205951
168850
116192
-151453
-188652
137741
107023
151916
-140360
198757
114578
203752
179557
-202617
140423
188026
-158999
-175659
-164102
192077
-185590
215863
-196768
105979
-191922
-169141
186217
147106
-150723
193766
201345
-160425
-197073
-175282
177175
-162257
-185187
148351
-205572
138980
205614
146599
-161202
192221
180707
162390
204996
-188822
-162417
-177649
168199
-203747
-138446
-128527
-178444
160581
184384
-158150
203298
-187155
-161061
168364
-151780
-189206
-155190
138803
-175428
-159675
141662
-158606
122377
-152505
-196585
131869
-178151
-193339
-132714
166494
139252
-137348
-148455
165699
-172479
-172564
-116914
-156200
145616
209497
187565
199992
-87478
133332
-195862
178510
-140937
175290
-160192
163945
174829
-200999
180719
-159113
-170932
154304
-184463
-182813
-175553
-159443
-157706
-202985
211118
128019
195976
173680
182466
-158897
-160691
136922
173186
135683
-206095
-121178
216505
137653
130473
125207
-132600
-199786
-191613
181155
122538
185835
160806
195777
253073
-210625
-172846
-153588
-145103
114546
-146391
184135
-145789
-130327
-152422
126923
-152476
-163722
176356
-127855
186542
188692
111468
-131195
-130487
161669
165872
161373
-137674
-186101
194176
143408
-176647
183760
-200468
173194
186671
131732
-163280
183025
-191140
154346
184026
143045
-207089
250972
190863
-202653
-149470
-194161
-133970
208700
158181
198235
-166364
-167144
104773
74776
-173304
-200299
-181386
162089
143316
-190047
-181910
-139435
-154053
149548
-164387
-160003
155278
-170343
-137420
-216842
124457
-168116
116127
-176820
-154643
174652
-156442
-165173
-132621
-186764
206007
131240
-107115
-188663
199661
145723
185809
-112272
139464
-128985
-176269
-188032
128483
-134729
201549
172798
163829
183521
146292
-168355
149720
-147875
212690
-173671
165396
-190704
-179972
199671
-203487
-161700
138280
-186800
-134578
190154
-192295
177910
-162115
-190654
-234382
-150560
196886
192467
-166075
-157928
184708
192126
-225979
-182348
-209723
194812
197263
-121335
-146010
127109
-134629
-194855
170207
188380
-171633
-129312
-203965
-143758
114863
-192252
-221545
190358
-154152
237876
-212183
130161
249659
164970
-126978
-136677
-180331
-110051
172802
-143637
-141089
-205673
144518
-94247
-137714
127156
189666
176510
-131185
-125516
-189585
170059
-163435
-165376
-151110
-143049
188084
-143548
-169068
-149972
181620
-166401
-125493
-185891
-225770
-191676
-143390
112356
-120752
-142787
-125940
122336
-153484
-161697
152677
116016
-155568
207912
-161791
127582
113544
176930
-133049
-142092
187135
138988
-183557
197404
-186696
-167492
-185159
-191578
-133923
177069
216304
-159657
-154795
-158312
-146423
-210845
214682
-114898
-124390
201905
-140043
155721
-170854
205545
-174546
-113311
121662
112889
-154680
-189689
88297
116976
-206913
-165943
257677
186972
166776
216797
-131728
-148984
163137
145544
190620
154314
-125069
113343
-214560
-201953
-195893
137060
197225
167253
-139441
-118957
-150040
-117791
-181871
-139889
175667
-140060
-227218
157986
124591
-178885
119357
187947
-114799
-96346
-149592
168417
147154
157050
157150
-199395
-161984
147809
157348
-160526
-211240
156540
-189333
145870
-125710
137119
-188300
-168990
-153870
-138147
195474
-180713
-182382
124565
-170662
-164075
161691
123229
-179460
-169243
165944
-145633
187124
151191
89249
-127411
165644
-226575
-192756
-156981
139258
164003
112543
-151621
154057
-165977
164193
170844
-190126
118254
194777
197702
-165709
-118620
-178558
151863
-150147
181670
133698
210313
-148649
162132
-181115
69575
-132703
-185426
-157831
-174453
137946
-104792
163011
-139292
-152996
207062
-171030
-139270
-178146
-146261
-155382
104542
111912
-194923
-168452
200919
-171954
-219410
-182514
182486
164923
-141474
152876
-149526
-113976
175915
108488
166106
198054
150115
206620
156554
119640
-127507
196543
156641
147629
-133361
129303
176018
-183790
-189207
-218464
173683
-147974
158180
148770
156711
193229
-181602
128602
183096
-146652
-226095
214765
-180693
127684
-176876
172717
-83945
-134111
176153
-169193
-134855
-187030
151946
-169337
178776
135721
202310
-104764
193465
156670
190445
126503
-193904
-162902
117420
-158403
145668
140976
-184984
162121
-126516
188793
149149
165398
156568
-108892
153832
154041
133315
181266
122053
190082
143868
184995
123411
135553
181581
-160552
204322
-163598
-162123
178721
-199204
158431
-150815
-183088
-139024
168824
-123457
-121197
169732
-115021
155546
218909
-138303
-192821
198188
105743
-183662
141954
-204603
-151893
-163766
133239
158708
185744
-108025
163684
212629
132282
148954
222496
-156950
198760
-188946
214296
-167249
-167330
148066
-231374
-117418
-139534
164092
161270
-156983
-129756
181599
204508
170594
-131566
-103635
174737
-194334
151221
-172093
-171862
-226180
128363
-194448
172724
-161788
188395
-166585
212479
-127981
-196324
122881
-175711
-175579
-170679
124913
-149593
-161044
166826
153286
-161490
-220380
172485
-191315
122267
-174346
-99337
-199524
141177
-136254
151362
-138663
165807
202616
146507
198951
161537
154451
-136654
-180757
177215
195227
-148899
183363
-200779
179847
-213377
-170765
167334
-162892
-139084
-145083
154483
113754
104679
-200551
-177149
-119544
-149362
124267
173769
-168556
187918
175945
-185876
-179879
175157
-189709
208858
-223852
175989
-137526
141931
157175
-195765
182057
134248
157480
182545
212746
215111
168739
-154119
-169765
-127849
168319
-173398
-166636
-188569
-151797
-190516
-208705
-124436
-206195
-196135
-189553
153363
-190425
-147266
-93585
-211153
114452
142829
169333
211736
146123
179246
149763
162885
-157580
-159864
-102191
-139466
164965
-209387
181850
-214597
-164383
-132124
-167732
154107
-160727
162405
-183603
187110
-137513
-141984
-140397
167739
109026
157568
-122118
144758
166683
-232006
-201754
-145620
169452
-201752
-139808
-192880
169860
-159428
-138964
194495
144106
-136452
125604
-201621
150533
-191051
