126036
-174067
196065
-176714
209822
-188961
-184188
146832
-187956
191483
-125791
-182353
172682
156816
-112305
146697
-116953
-210864
252488
76984
163296
-162775
-153658
-162439
-159017
177541
204002
225520
-92892
-190520
-168803
-190568
-161020
-154825
116147
173957
-185402
132433
-135208
-205991
140333
222880
225398
151835
101162
-159507
-194623
136656
-125314
-172808
-158489
141678
182355
132801
135193
190473
-184259
175572
-179914
-185420
134358
-120836
110549
190997
-183980
197556
-137449
191142
123725
-155088
-138330
182858
-162798
96043
-136210
190335
196804
-173942
-180279
-111511
-236602
-132506
155924
-193774
-148933
187811
-181438
182914
-169007
166963
-151550
-137511
139092
141144
-133877
133676
-145774
-154882
80143
-213884
-182242
-126699
-165019
-229708
197512
144368
-116163
-145736
-157800
-198414
-126245
-126768
-171274
-134074
-137676
-189195
170310
176075
189118
180419
119930
-185072
154641
-162135
181087
-162694
-188245
-191870
-224594
196869
-171960
201173
188690
-201715
-102784
177276
151816
-133947
-208155
134221
-171812
-155429
-169370
211311
-204808
178610
109257
-155541
155108
197767
-134829
131479
-172725
220252
-173709
-214690
-168465
-184795
139138
151770
137838
-155658
163439
-183681
-132579
163896
-148375
157357
160386
-213855
-174498
-147031
-195083
-121103
133157
-105245
151874
-191447
-156064
-192091
-173744
-146217
140564
121813
133362
121546
174856
-125664
-203891
-196522
-128528
198927
-157898
-115298
147143
-132693
165228
-179978
-119667
209579
159234
195240
-152306
-181563
149036
161305
183125
-210189
-152776
-153208
-181213
-174894
-163515
-199425
-178822
177734
-133434
186501
-105745
-92128
-158615
-143940
-148872
-164593
129147
149599
-164436
189467
206522
-144313
-209312
-183110
147866
-141160
161944
175814
182422
-135061
-204223
114706
181930
-165347
200470
-117213
-125202
-197470
170900
233409
-171430
178145
-157749
-218990
-163982
159478
-141446
148300
-188816
-125518
-205469
173736
141537
137622
-132785
129872
-189276
-169969
205345
-139467
212571
120529
-194031
-167160
211700
122473
145622
-202297
-123079
166801
-150733
163599
-178240
-176937
143368
-125788
185445
168722
-192912
-157424
-177177
-161920
-209208
206278
-148201
-197617
-111414
-173463
115028
-127633
-167711
186647
-220298
-120098
-197237
197778
179645
-203868
159409
160782
-186604
189159
166592
-144132
-148251
-154803
118807
-159099
-186413
-185319
-142136
172722
-161829
-203591
-161714
184649
-140268
-187932
-249788
148719
147861
144793
177956
142716
-151602
-158674
76262
-173996
185106
185353
202292
-188210
-146573
-106675
-182781
-160369
139333
171725
154610
180122
161015
147142
-170001
-213851
175559
217839
-96161
-176385
127728
-125791
-142550
191524
148012
145239
-182712
-134090
147044
185393
133834
134938
-128773
160196
-150767
125809
159419
177221
-145176
-203812
-207312
-146375
-139051
187275
199639
145661
209573
208318
-150795
-161741
158351
-189629
-151308
149265
119570
-149000
203052
-108062
142967
195025
-181296
-139157
-195508
191402
171423
113113
-190579
214176
182921
-189677
-177817
173803
209354
-151023
-171344
152347
161237
-98271
-142731
155312
181765
-211499
-147982
-173135
-184143
-124034
-164609
-136554
136357
133180
197864
-169313
-226983
-112456
-199480
-132651
-209657
-182424
161362
-142983
140035
-119291
124187
172444
197186
116627
168436
151578
-164870
174266
-127822
-223991
-196800
-172641
141230
-147333
131782
-167680
177459
144667
-162469
-179201
173215
201798
-156375
-122014
-131038
212847
-203548
168529
-146455
-165116
-181052
-160445
136994
-176898
-187725
127754
159905
-169052
-196473
-172254
173697
163691
-187728
-135352
-163072
-171567
-127108
-92635
-72248
202729
67900
-161724
-171307
-148564
-200145
174309
-153663
168006
-143900
189272
145239
211920
-159299
169605
-153927
170476
163061
160417
-124142
162222
174397
-142749
-106929
188636
-177091
114048
154513
-245788
-169882
127076
-170655
-149670
-128635
-149953
-177692
166749
160931
-167278
-117480
-166272
-150535
155642
171423
155342
-155431
-124066
159765
142637
168783
147622
-184935
-192989
-211557
126019
128882
-125971
-152620
-112912
-201971
-146718
159507
194024
186106
-191010
-159859
170075
192257
-190252
-167009
-152454
181862
-152555
-144622
164999
-121983
-233928
182520
-121957
-153631
-154520
-182888
-175978
152731
-198338
-123902
-152099
-160338
-169445
99992
-158640
-209592
148740
-255490
173500
206808
-145196
-171314
-238046
163691
159125
115226
105602
-192843
176217
143587
-173394
-170376
168080
186059
-87325
181749
109558
148561
-158016
-114463
186915
151319
-175245
-169185
224034
-133911
-169397
-128618
139169
-156533
-131884
-204232
-164500
-170697
162968
-186090
216166
195291
-221614
174628
128921
-130036
-159398
-176715
-175858
175017
196120
206372
-146717
138010
159858
-204157
-140760
-171204
205007
137644
168089
203194
151404
-186783
-109759
214658
223627
196957
-177962
196424
169691
171277
-182639
-168886
-193629
-198536
-170619
-150063
-124118
-212056
-121025
-189094
89772
138559
181721
-155859
139094
-209737
146346
-124434
-142396
95049
213787
221843
-166184
-134630
91188
-222771
166950
217892
-153535
-121022
177906
-143718
-180865
123321
-163291
-186369
-172496
182182
-189487
165178
-201166
-233167
120356
165844
-169211
-139149
-141366
-162834
230763
179218
173090
-183364
-186232
167343
199479
-163022
-153036
-168346
161358
-150443
-196386
175421
-129843
76675
142699
143865
163707
107040
-175721
137323
205062
168586
-194021
-211765
-203730
162421
201042
186709
103785
207719
197873
-75730
144849
100141
-113279
211739
128489
149475
-141656
167877
-199510
-121736
-188453
195284
-219626
-187127
137212
-182657
-152205
205946
-162067
-120968
-173991
-172497
-211163
-92907
147205
180657
-211378
-198718
215355
142554
152582
-174695
-157337
147094
-160001
164592
147855
-182461
-138921
171977
-165514
174918
-181654
-145298
139622
-116556
-141320
-124260
-206944
-152985
-152223
-203795
89189
174240
140923
203008
206605
221721
173286
204375
228857
-173052
173178
146651
136140
-181518
-137162
-193847
-245367
200935
-167310
194739
-162617
-203638
-168514
119177
194558
-208922
-138075
-178865
-199237
189452
-140253
126747
162701
-185479
-139930
-178305
201528
-202809
-164290
-132527
148987
126041
-180256
-217156
94902
-140579
-156594
170497
-169204
-190961
189912
-149905
218296
-214187
147710
175818
-121851
-167146
149445
-161399
121226
177769
-159136
153005
-137585
101142
174339
177280
-137948
153764
-136980
172119
-166793
-170370
-133318
216494
135339
-172394
-139650
192865
148819
152939
175957
145779
-218708
194419
189595
-208221
140209
-167248
-105239
-146888
184195
-92986
-149682
-183259
172640
-158177
150921
192527
109892
-217066
181164
149599
135416
194312
-161851
169512
-152313
-177261
-177677
193380
206820
232681
199128
-157550
-170844
212062
108517
172893
163179
-137435
203557
-142770
130425
-219414
-157161
-148919
-154282
-181875
-146427
-181816
168384
156316
163418
-184279
159894
-133242
-204879
197318
161521
-168128
237088
135195
-224508
131573
208175
-158351
-136994
-218107
-150956
-155345
-159615
216859
189881
154437
-183493
134788
-167440
208718
-155296
-175711
-210988
166418
-157604
109898
-87538
-164046
171187
-166251
142040
156819
168419
205042
159375
176019
204003
-155171
-190762
-152037
136437
177883
-176324
-173520
120888
231328
176293
-152467
196271
-184860
205305
224431
-139922
-157491
105958
165544
173630
-164992
-127293
171348
188319
-159080
186783
-132261
-200987
133011
119850
-111074
-169970
164609
140698
-173185
-145445
-169359
148470
