188926
-204609
136151
195525
185293
128859
164255
-142547
167880
177909
171022
123170
159782
-127187
-151493
164265
-160368
183422
-156969
-165394
176566
174337
-93765
154178
-139829
-132921
137763
-147297
-210550
-164768
-185816
208998
-136703
173961
205512
-152084
-134511
-121327
-166561
161426
188478
-178110
-137404
179299
-172997
-138137
-213256
151802
150529
204069
138361
122560
-168368
184268
221919
-175760
154102
166149
166492
132308
-149382
128546
193602
147962
204118
182676
167819
-183941
170675
149429
-153773
-187026
-162041
129805
139024
-227562
111290
153625
-161774
171382
179285
-170136
-181958
-165718
-218677
-136787
-148274
-171626
139372
191839
-189539
150610
169943
208357
-137719
-186620
-173275
-189813
178801
-152228
-156527
-149445
-167703
100713
-150746
-114421
91485
-140868
-191194
-142177
167365
124325
-146494
-137962
-176221
195941
160532
-180138
-188042
144991
-144486
192088
-150151
-180592
164153
158713
-232515
184318
-127320
-217914
-154573
96265
124781
-186663
207153
125858
-190119
211332
129519
-199685
111088
-168582
-127966
155677
154757
-129061
-163213
194174
-160805
-165600
-187446
-178941
158906
-114176
177949
-149431
-193914
158064
190589
-211344
188320
221938
132074
-135225
-179838
226033
227910
-139724
158004
137421
-148251
207291
132561
-164500
-160647
-195433
214529
195678
174763
-155694
130353
106241
-113545
174295
178225
165482
195698
228030
-130669
153433
-238570
122945
124032
154799
138011
-140494
170100
-164915
175529
-164984
233294
197340
163629
177909
195658
-190621
110098
122398
-145791
-191392
-166917
-188424
215558
209697
-152529
-144508
-105889
-125347
181463
-175633
-114144
188098
-134118
181917
-134353
-163966
188849
-194386
146720
-193527
-181931
107577
175045
136643
-148600
-172870
181034
-207276
-203983
-190155
-167889
164354
151017
-152475
-175739
-190032
152671
-150140
146390
229821
-201370
-126272
-159139
-172223
-116153
-173883
-163160
-165488
-192504
-164183
-134222
205137
139415
-182685
141677
223121
-164168
169526
-204867
-172761
135435
142333
-145859
-160652
128168
-151669
169561
250781
115841
200552
-248225
188614
114701
-162778
155526
-144989
183989
-160935
-160489
204441
144963
-95341
-163284
156498
192197
-161075
166672
-165465
162801
-192352
-160101
-207150
-144411
162887
147495
-158804
154770
-173099
-132470
-134679
164745
-188365
136660
168141
130942
-152949
-195929
110764
162859
153969
-148054
160003
-163040
-113187
172410
198921
179325
188300
125829
-194599
-152257
181839
175198
-100797
-198476
-187960
181200
-200807
-145913
152648
169887
205005
116934
151614
-132923
136166
-219969
-142747
149740
137406
162665
-210987
186476
138691
-123939
193547
171800
-186758
-158994
194871
195991
146190
162824
-158352
122625
166293
-156653
-168029
64905
-162775
203049
-138846
-164003
-167635
205704
-175435
171179
-189470
-144803
126942
-187409
159651
-184770
-142179
145916
-113893
156761
-162738
-177785
168921
-146388
-191174
101397
148765
149015
-156599
-143130
-124360
-162642
198987
179749
213682
155257
227325
101459
-119609
-195360
-162689
-158961
193415
-149744
-147406
157846
175720
187525
165290
164826
188027
150993
123565
-212845
192274
-179224
169159
-162260
132195
120638
-192852
-187006
-152419
-153286
-194448
126579
-127242
116271
-167605
171648
-188681
167646
128882
-173789
-142385
-173954
-162043
-112715
181791
184576
151951
191183
-199320
182493
-127622
174535
-203326
-153892
200653
-213409
-220915
142794
166645
-145144
130939
120731
-180668
134978
166637
222371
182292
111354
-140120
-194065
-202158
201023
-192552
179105
-110324
-175361
139224
146564
-217508
113582
147782
-153036
240851
-163158
-179318
-153166
-142436
-161355
-144087
-204814
-188459
-143965
-233243
145187
165471
112999
134248
-173603
-115119
187794
163125
172040
197317
-166632
-203137
-149408
175436
180358
-138405
-132194
196729
-187207
195224
-118000
117534
186854
-160959
151271
-160542
115366
-218661
-154714
-120964
119418
-171861
132780
171017
204205
158099
118524
-151826
-150036
-117168
185367
-172870
-199333
-162377
-157133
-194445
132268
169360
157161
200861
-181870
206495
122518
179963
194383
186926
-177727
140429
190846
136940
-125182
-168853
-210205
214328
-176007
-135499
-165093
134778
195460
-164812
-146515
187354
-176520
-168899
171852
154768
-133243
-149838
-205636
-154542
128618
-191647
-168429
-175464
-135950
-143865
206171
-162772
153505
211260
-148901
179003
-173131
157929
200730
167383
160513
142512
-151520
-220972
139268
-171888
167967
163518
176050
141514
94119
-164455
195063
-169498
-187930
-145424
-140085
-145166
-191127
-159494
215725
132521
150490
155841
-153187
188863
-215530
196894
148618
-190483
-110912
97853
92782
-126158
-161645
145339
-133328
-106895
145734
-193910
171487
159468
146057
173535
-154771
-199044
167681
-125890
143767
150143
169276
115593
146877
185239
191133
-133121
-175569
-165541
98589
138924
-120851
186528
196188
-168834
198427
133171
134235
-191541
154169
-147380
-148379
162570
205666
142011
-153281
-162054
141981
-165659
174025
-77784
212709
-178559
159401
162560
-195728
159066
-170358
190634
209214
-182398
-200206
-180723
-116021
-178724
-161090
-148140
-135772
126319
178046
149675
-168077
124787
-152299
115334
-147340
121025
-209695
-173551
177768
-174703
-111170
177503
180331
151194
-158642
-155003
-225143
-154746
133171
-192966
-166901
196570
207757
200959
-215614
-148522
-109504
-162002
-175485
148242
-145826
168237
-196633
-147036
-205576
-194310
149929
208278
-185973
-151206
207426
182031
-151612
238951
-164731
-167016
-170277
-174855
153282
156299
-229029
133738
-147789
-179527
175214
-109028
-130430
157256
184232
137985
-119248
157611
191385
197065
152885
-172540
-165825
179091
160012
-169410
-89999
134461
-166014
157837
-179073
172288
142693
-109938
170964
203704
215744
-194846
-154777
168355
-142480
149850
-195448
-238257
150852
149516
140999
165451
151715
94667
114225
-118420
-136236
-206821
158949
-142141
-146694
-177628
-165186
-193476
174950
-184949
-148974
-147773
146295
-173134
-176266
155550
146370
119232
137699
122497
131346
-173213
170884
-166261
98277
149762
102126
167869
-152392
-208898
-178747
-107416
203085
236968
-218696
-153876
167138
-191086
-169563
166986
181581
163934
-153926
-202540
-99075
-170884
142365
-204487
-127509
-185863
149073
-213016
-182815
-165797
-141150
-156739
-177065
-164029
97774
-164971
-187150
-141538
131210
140523
-137448
-166099
188343
-151593
137206
-182286
-129447
-186593
188547
140755
-194400
-142299
209241
-226732
129882
162117
167436
-141180
-133556
-228722
-158476
156414
119252
-143655
155368
-114383
-164246
-174431
-180550
105207
-182761
126617
171855
-108278
-146690
-136078
191886
-203592
-110077
-152472
122715
-175714
-113161
163932
-150469
-216403
-205585
132902
-133113
-171954
-205787
218531
139046
-188218
189883
91701
151532
-101060
147383
-179119
210751
130259
157482
-169136
200916
-159141
145912
171600
-95486
157868
-182825
-192126
-130083
-179617
-152342
200127
176030
-161033
180242
186490
-176167
-184378
158870
-163769
-162237
154858
-148959
-160121
77064
205870
-161311
127083
-181833
130310
-147744
-172869
-141761
-166508
-178796
-123776
159120
224456
-195835
-168867
-182568
-175899
-134223
-148759
168493
-194397
-165678
161107
-77545
-131746
185270
-109252
124449
-128157
224531
-178437
-193675
-197276
-129697
128161
-184246
-197152
186518
204390
-130667
-123608
-145963
216620
192151
105524
134467
140570
176315
-104035
116618
135022
229579
-169698
181556
155072
132239
-178301
155913
-196055
-173987
-194275
