500
118201
786681
182837
289345
108385
856247
960001
336961
641413
727721
700229
55001
377841
485761
93465
263361
357249
369501
769573
236601
473281
600409
368161
824321
806241
912001
883801
669545
252367
724291
643071
247951
687809
673793
755573
201671
739889
711556
4481
943728
544121
296001
335233
923201
994673
278104
46401
598921
13081
38601
84801
504261
21001
93793
60801
430913
890153
932281
401601
618981
508495
154683
301441
234881
26041
254841
645734
379001
808236
231401
405761
828061
477745
668161
3521
952001
414161
856976
126493
797741
952301
400801
131885
247473
794089
922606
98301
680377
112449
566017
937441
118881
655681
849121
479905
772881
988875
373729
59985
822785
139009
375969
790241
850377
292321
55081
514001
217101
819977
256996
890401
682721
594753
202151
813691
626849
44877
811281
84707
72161
54303
750301
889905
461421
639969
488689
172993
304001
193876
757573
443693
234625
927449
606229
410336
117721
626433
742981
185201
12777
684337
418025
675559
326225
969533
221381
842881
439681
889036
892501
261596
967029
415651
887309
266113
729921
956001
533521
728189
986457
646017
192001
786161
773761
169409
52641
656321
772865
840881
615017
672005
87133
539331
726085
951361
621376
163625
184577
367401
313579
656501
424145
386753
674417
795841
351361
677889
19671
912832
45841
756321
291649
304001
891941
790773
689785
679345
265201
471391
468801
926113
269889
993201
629450
614529
956726
626489
938011
345761
464961
923071
829901
527131
424841
215297
344321
10401
608801
856001
973761
170661
897601
405041
163583
473408
163681
810881
984129
972129
569441
445441
55863
459097
969057
872857
345481
828835
234911
690825
793241
644801
470101
526833
904506
783181
712001
10377
156801
921281
489249
568465
406641
519301
588993
418801
912001
787271
383361
396065
82131
373285
423751
482105
527146
703441
766511
283265
234001
362401
447666
145111
908609
870177
154401
931590
848001
272566
373185
584481
736001
519649
880801
892001
30593
652441
510795
970627
727441
992961
545169
969531
980001
174641
887111
602785
592929
447041
772473
690341
971601
562501
382251
976001
248129
431121
91299
678039
302161
564001
219817
932281
546593
930705
287801
101001
133857
680321
260651
842081
520001
184865
557185
870041
496273
729281
244121
290881
45581
269569
450301
195273
66081
792204
951361
130633
505705
855201
967206
153281
158561
531633
412865
324993
195313
421753
11778
993441
344401
95800
17777
370401
10001
422921
380301
419521
260911
30127
320961
109041
703561
268333
507713
48321
618473
470640
215741
893002
265001
185025
845825
363873
280705
408481
568701
391441
476266
279617
358353
962913
555521
344321
225581
951809
587041
306327
708406
473641
372489
385473
852641
481685
325249
475801
8901
707295
218945
350177
49981
735701
762851
667201
114501
469001
738241
178481
191591
404121
624521
574961
301531
856421
764681
302721
251126
190276
270201
896001
901771
162561
38851
10973
981761
370321
993201
451009
946876
757061
32957
848321
466851
327753
262801
426553
96733
501371
337453
179457
127311
704457
621991
384141
541225
827329
523601
715945
808929
691905
719465
609649
835301
23553
280521
198801
911475
310161
726913
752353
127233
406337
735243
277401
302241
344961
951621
163153
358929
391769
392001
822151
711361
856351
216673
381309
85048
749109
940001
371137
424857
605201
950001
308411
74093
57853
839601
16577
888246
615945
413721
565001
272897
724301
619977
405025
587011
151451
892981
755201
649691
892726
527313
