500
91969932897018
4018489339849193
792272404272197
458322313223843
10048162232618499
2231812013082311
1413828645928413
1244162556162342
867904425499857
1484418353814484
7542635544472347
1459170969170864
726002747300616
2159627338260601
11099258108520010
9951062783601489
299023808330892
945403424393648
13193721111173922
7357618889158527
702989111890296
1334291818092343
1002109122011199
3668730110269752
148626877763584
4578146556407754
1401647111647203
11678939109388870
706026807631596
3767907767087673
13569969010690752
12935580780864302
8318705886168227
4999219219119994
4186968438686913
8964840000384598
186889433888681
13562981001793652
5043789999874494
10860802441980590
169150688606196
245667049667532
6407114785107135
6416690549966136
9945364213744399
939432626333938
771319170824067
507143786450704
843100607101238
10675258448514869
7148193564908506
14248204555117533
3833159559622283
1770866212668077
5796476556756875
943440494044338
1095702131196600
8898056446607988
382549970044283
12374080560803742
9324733564275228
6784538669453776
14269173673719723
4600452542639954
15947003563997594
13474644984454852
62323744832415
6950670661761486
6970639449260696
490478009775183
12484337227234752
1599244424541905
12105112343006111
14388157888607943
952802555197358
1229434585543832
1166381607173770
450197801944
9451164323721439
1027440667143729
4488734785269834
6943818547183496
410144869541003
895616847715598
5214716446164214
6969811441179686
642970576069335
1134561891555301
1105688706887600
2710431320450062
6518967876698156
8818388547937188
615194930491416
79750899904797
5648868998689455
7001053652511996
852662090156357
4109972002690103
7984043333403797
557247241851754
103606534659540
1096558089864600
660513970404165
1204629767025511
85247577585247
9628062441608259
15494185665813954
6941333783340396
967335969543768
955875233469549
99526021963489
11312357556531141
11723879879773281
822707584807218
5864751660484585
11770905666090681
7314776446785126
1935519304015638
165074300336165
1252904989509351
228892291198921
8944551111455388
100268656687199
1266357202754662
7153049450502516
8053132321412607
8643954675494358
828227615732817
11821100891010191
14672166447711674
2304365666724022
14669135215408674
1145005989600540
9011611001160108
603072676171295
6844503223054376
1156294848503650
9072964103702609
857595878485758
1729861435059036
87863766835878
10447246896427440
171369821797317
284652232255482
3447906106088532
12452019109191651
7597775335667957
10034627546265399
11837096227017281
7265801000985626
9736800561086368
1444363869363453
12586928547306861
3526097778005253
2826502893056172
7068097888018596
996791686296599
8972139219412688
11924233783324291
11250300670931520
9867875884697589
2281521321350821
695966232658596
9782039878312878
246120061120542
7372521672241737
1230449615954031
566425626623565
1054231474132350
1184797524797590
14979277326828804
14188134224318813
9148915556189508
4674222112213764
9747191550827379
429614828515923
13729722101378283
8982499109051798
6240323784230316
5713283333823164
147648833894584
2156079218816501
4991185004820894
442328333823134
2979357556538792
638526646635835
11565103003004661
15618158998618165
4048717778169493
15673183112713874
1178832848238881
5828952562499275
8901592452861988
2072798998982602
2497947557497942
309859828959002
35643943834752
10679681550869760
285104393411472
825734758327627
7916268998726187
7496016776106936
10022156435621209
591685090487185
7156883002786616
730173656272026
8074403433133807
10188781891788819
1674160191060386
5985495995955795
83324733633427
5087067998706804
9119672562769208
11645035335304470
7856848888486587
1288667584776792
5764422112243575
372496564705163
1541136404642144
7897291662026987
3010878437791092
5031079328811294
2524922893184252
4215777116686113
893615595516288
6717651457176
10325455336536230
1721182707282126
10047797106978499
594259110862395
3103284554824102
4332408998052234
1061287555683159
2925871001685192
3829910451090273
3172330891222812
2085841000395702
7780506566950777
4592422233241854
7391614885161936
9576491341956649
14498819179053
11470663993660740
4506451660447044
14919626546260293
9761104334010579
1394765413478393
136479255187473
1280454747445082
793841828237397
10333963783604329
5999852783479995
4661649559472554
1280303030312982
7776041561416766
5968481451847695
906388695783708
382516727715173
11263419438243621
167832031228751
1564265474473365
10204435435345019
282759393957172
11806747327476981
634246910633525
1076686646686680
9892393772842889
370266606673062
4239373673639423
505608536805405
7796600110065877
719874213369016
1346365847573652
9361025544300639
720009303010016
830152968261928
14533603552953463
413338565943303
440194555382133
658327514722955
8883445215542788
11081264553531810
7628840341378267
4076911892086704
1719299808002926
1107395535483810
4849305225039374
9411902562992138
5025096676905294
376901909209563
4818528349149174
387644233446673
3881192331821783
12387856337676941
5051288778832494
151519756782614
209326827732802
6524941891405245
98946576474889
499845414448994
1011506645715109
7786940781386877
876618908926568
3650643553460552
8695693893974967
772236625643167
1216635938545621
7802410550042977
976392718193579
883370586074377
753174493382247
2717060220597162
476415352524663
974612010205479
6461729779282536
1106096990691600
5605409230135154
3650515555051453
121253832735321
884789746987488
42964088155923
8238460671538328
1191598928906091
3468989999899633
8061907446992597
10669988778899670
100589944998609
46384233237364
11283535115254721
80429965902407
719004252399916
627196525702715
4727758558578264
679676949775976
12636493893857361
1491614291416194
11360186886810630
1450247777529441
1040801990197050
5270405126039724
7318103322019226
4320309439130124
1216454464563522
9512386676743049
128119145192181
1113558333854420
4385224114224734
4625688338865264
6404444885543936
9202767326673118
3579812453079753
250912484220042
3637958217597363
13448676336658552
1200267877772001
10998952222599000
7223301111033117
4405723233185934
1498170030961904
9604501121954959
2457720110178432
2003686786773991
23292100119321
1136291808192541
6352240891421535
57461199105475
10988097107007900
12127331991436321
5085428999334904
1579732552379751
2216174554717211
4888123234207884
9522233213313348
8999222783218998
9849734213478489
6339038108399425
9557264674527559
286965090469682
10974474664754700
11059322563228610
11295003453995030
1546616887725654
729025050529926
230694213495922
5875741001365785
13208758889569122
13176121892106822
8836691451867477
527206706711724
1048715485616750
1453307938702463
7354604883954636
2875184455815672
964372203372468
7765355884446567
1450290535993053
3175134114314712
929756989658028
1172261536161181
788669554965887
1413216493622313
9570229889220858
765621272115666
4363083343812633
1123471064430
2878842783379772
3090597556860902
989946867748989
9329898767990328
10197798327977920
731091910191126
489345232552884
151004156239915
5192508438052914
11270503653149631
1646295363592755
7958816667178597
9284711991074828
1831492050294038
1336798555798732
28259932906172
877516656604778
4974970659695784
11801885786880981
7109886776890106
11648772782678471
1696454223555861
459626051615954
473456091643473
154217544571145
9714882782795168
7913821782273187
662662828355266
608462849353905
166699494907551
103616223261639
1785273352283487
3010498218050092
785844303438587
8117373453747107
2184624444263811
15556518108157455
442880667078244
5474990890904744
141295444460313
11719067668699171
102513200230430
11694139329413970
12315779218785042
7624147327514256
4697461341547964
739012272110937
4545708559165444
1007588989875809
12099729560269912
267789232897662
726293828393616
15689770550780865
11665084443804770
7580742672380757
12328506997148331
1633718151817336
11193336216432920
2555162331516542
8419356447629237
5089633332269904
12324992111895232
1318214808511822
4345801561985334
12066690230876611
1102114929510210
4790178998819874
1049237746841850
9955398447845499
9182711331062819
124950577505952
5588362431748745
8597367626958
368381687173962
1069822808327970
9216495114956118
3908586666859083
14659277447719564
6323865444584226
1489757594756994
1492979413879304
164605688650755
471245989543164
13838167997718383
7371971781691836
1323843233337432
1055563475450
114773434437651
4178644334457813
1340223828421943
7661827557181567
5916853563486195
730489413894927
11103718559273010
7946007228106387
