500
467931
347201
822401
452841
657197
257455
222391
831701
743437
960017
833141
108001
537201
885601
609251
241769
321473
789501
348581
697601
449649
910711
980001
397771
697473
200225
808001
158161
301351
246251
138369
265169
685441
508491
355137
325601
227101
769601
773901
98861
735601
968161
516157
573171
317871
971729
494801
867521
874433
789420
114881
703185
491521
333807
623502
775981
808801
830641
665981
173113
450369
672001
120001
621881
110747
407521
461441
187841
822390
42785
500801
206401
668551
40361
600401
144961
17561
533985
709281
769601
867771
711601
115611
948578
888861
521153
80441
338785
195371
160081
786776
202625
939361
661327
274401
6561
6441
738768
529233
741681
856577
819997
332401
617857
207377
458437
24247
889105
376805
896682
391407
978561
129623
148993
429081
979137
597755
14268
883629
316801
732899
552201
910681
756911
484489
662693
121451
880001
807569
44801
964801
408141
788262
861641
259481
600393
466211
13441
931201
725501
356813
277417
530101
662541
693981
627233
856001
835001
49601
507201
241841
522301
630001
688601
958341
979201
927201
827841
720219
376001
743971
316909
678081
800801
309881
981733
616001
960531
521571
340161
780150
100331
772721
193689
12401
844641
175937
313777
698081
558305
372201
860787
85588
702401
181869
411521
460161
98117
454001
982801
628662
412001
595932
77679
471641
142401
651929
17857
157281
192641
917549
835001
537537
958381
98689
795329
855193
229097
226585
513093
22241
350881
879201
373681
645521
590729
969441
843665
153417
65719
616801
683649
822625
681237
455508
383601
396816
774881
823131
379969
530409
325761
944901
545121
712481
167681
201201
525217
39193
376029
813429
243001
822001
327461
349441
682497
753006
750145
595457
810881
952201
774481
88929
972033
892001
413589
390626
56513
948801
917729
479341
129695
896519
20801
364201
806551
343813
557751
974209
627201
715181
164641
877889
193121
541691
349641
833741
662401
116859
726401
692437
827101
530145
658217
343529
221001
293641
375047
303001
915309
982946
866089
230493
684171
750579
246081
146761
50401
130401
254561
173601
389761
140737
447733
824865
402269
845761
664321
259841
9317
261829
954881
820225
297281
89705
895211
503201
573457
643293
174401
983729
422401
875913
735401
507405
716531
176801
698897
270401
216961
369009
506433
166481
719329
268737
72569
326116
783379
959441
581601
964761
492567
74361
876973
628961
937441
516481
51637
448997
986881
187949
230017
13761
393561
551223
257656
49851
975841
777281
496986
466751
72121
532161
324481
735751
888961
836577
545121
571001
68913
38851
989609
214201
52497
961196
399221
393555
296681
157391
935406
222753
401977
262703
963481
149801
830401
121901
900351
637701
282497
565681
890465
967121
496161
237373
906381
291841
301449
888129
957971
919501
405153
362715
716701
482113
768358
345557
160501
397825
355401
457891
505771
346121
413251
646101
288001
844841
304417
879744
335401
385373
955277
128401
281761
751681
59945
753409
494281
402777
476801
732337
246827
681921
361
345985
902305
848897
765481
357726
231617
488641
499401
106401
172065
681285
605831
438241
334133
19153
331401
702001
440773
263871
776271
154617
205801
899521
166161
527511
369121
672001
327801
858696
260401
378801
671361
921649
292076
925001
977059
176421
87092
188501
974465
680273
892289
325626
102153
108961
921236
558301
98401
100657
879809
739537
640001
697281
899141
64131
800001
641601
422301
519915
402001
458465
864799
626801
212953
150681
854401
