500
80283156228297
5946179219805495
88247078065377
454373868472354
1232244585443331
86594267240558
652685291487345
4814037118394174
8812382772932178
11371474004741730
3375227788224732
2608600780958062
2219845996480211
9998750111568999
810525494525007
5147751660477514
9737831782278369
3068686325868702
4373154104612733
865053071350458
12922925875292202
104845621653850
6164753443584615
1065842394238560
1410923313319113
3114968328695102
5717102552006175
295138727941482
11724342772423281
15572743372665
6350705446071426
891190506092088
11051471001740510
650738968947045
959389453883959
629829191927925
953432131233259
945669384065549
4505256116416044
101502666729519
994488222895389
5872917888192784
958880707088859
3279809008980812
11305282992925031
126768067076772
8899166996718988
11471367437632740
1265389282994462
6112920440193006
5854728569273485
89310567601387
1030081646190930
8607238547328058
562818930908255
9416305875027238
3358569778568532
1029992737190029
1066470222085560
992555697446289
6071018547211695
8201915445092017
693114292410396
1033663151256439
495879594988484
9078099450008798
5374646117465724
10189293563928820
6729489889850266
10426690890867339
52495566559524
7826829669287277
7055335456324606
1495162565371494
5245837116296414
5139782552770404
6881180671711786
88812130887
9570845775490659
2150103763001601
1542386089594244
990967434759089
1000812686209099
922611526206318
882591949196178
3209716447269112
12018651441557211
8549129449208458
11398419549238040
1000767050767099
9781395444940779
11462764003572750
6481553233452836
12188326215238921
9320522453250129
13287887887888922
10209241232419119
8822818658281188
2701227678122061
2441408449141332
871420646114267
961690454987159
189569404074881
3806671881767073
817818828927717
9975915776185799
14956188778926494
6707633113356076
8838397888037388
7561253520557
2376368888636732
9906522222246089
956327262833549
88908699690888
1411930707129213
8276901222087817
2778648108468771
848231605142748
6487865104698736
4153844543493414
3266768998676722
1469891888198973
464781232078454
6550240430555
6025023344205195
11746071330706471
1034108091801330
109325010953290
9125146556405308
7972171220711797
843163767352437
71139010994106
14984948889494804
13568756005489652
5648850550578554
99989899898999
6881126216311776
9635573542766259
429723444417023
9497550439458048
103540777804629
8482864675582847
783929869028387
1240284303482942
821860151958227
1187541788234791
597197372701695
3081518779151802
6060771451680605
1734804995183271
45679355287654
13815877998786083
16775179008714786
3807065555597073
705890150989596
4525329769324254
802601930196297
803500949095397
587711405118675
684149756852376
12513875324784152
10128081001798309
6310425545241125
9348318108238428
4664906216084763
6439359639236
12387970330687941
6491724103281846
315589656886602
14788869549678884
3218478558737123
8376444443346738
783688868897376
9392481451752839
8422939669393337
2848786775779472
12483404554042752
876888666889767
794366989673397
7249035995299516
1132434142435230
1100398212794100
389990383099983
1341692737197142
7225399329035316
4223469769743213
65465789746456
7857254103626587
15994282772724905
1897009485009708
7978319450227797
1020223999223019
6998891110987996
5184045775393914
902834696339298
12158956326589611
1049449213933950
8900267887630988
2784465114653772
10888248107527989
4421053674500243
11616609890156260
420252182342014
789876585688887
1343368888742331
104448111074450
10351628657272430
1856001232006471
3912301452032083
918010647110709
386143807450583
6932345116433286
7771694544070677
128249599595282
888952767348888
7882110891101887
7785489844777
911375606564208
205979150979591
5921757447582284
944825404617548
749543272344946
1522472662852141
15081699768961914
8911585885961088
5518018008098244
1192431869224390
5979230330318795
7138968118687416
12479975655888752
755334675443447
8258374884838617
9477472981847838
6967135215417586
1194754818348491
89807777780798
8375572012754837
154845189154755
7358295004937437
9099517336159008
5388487887958725
9067944554387708
10506365105735950
5124577657854204
74933888933046
949284444482949
8564780340784558
8202852992592918
3751181121820473
608949910048806
898761617057898
1124496787694430
13519085544909153
550989504990144
12082653222462911
349057949849843
5650584664960554
7672670120662767
7505413564144947
7037458779548296
10725548448456270
126261533506262
6088392342838905
1267022546319672
1123901616099420
11283240890333731
3626531562346253
3760859779590573
5264967347594724
839393575293838
343510272015332
6160238339419615
1381218625921093
575884989479565
1202310423123201
11228736996378330
9169252002419718
684341030132486
2745128778315462
10083600549963809
2940463552550392
4372626766361733
1180236606741981
7226129306316
107353822736270
2988508999048892
6172389108843705
1795382292173607
16158035297526
13014645004365202
727597393784826
1091595293486190
1146810716918551
4864750451464684
194492444319558
12369502232949642
5406124334106144
118747589674681
135635289342663
9954678998874489
55560165007644
187104130410681
869592676294868
2859683453878482
16534971111695355
8485374103834947
1126554909455730
1628198989901835
526724484427724
14661415005140574
568901132099855
5613977777794155
662220889121265
3112804003983102
3830678878860273
12530925556291351
1234630000363221
69862877925896
1758996225898571
807716736616807
1329349272942933
7102248437531907
11705632331374971
814197585802407
9158652101677419
716078393780616
929790728088028
11008945005389100
8684829119174967
11755823112185581
9223466446753119
9312270121721039
582046475639185
4176788327876813
9642533774452458
9107772672678108
1338924786528942
12235898548094331
1587151666161695
174137688684047
5891515225051885
10396778107786840
1116805202607720
6409218669120036
11049237227429500
1102789565997210
1130915171509031
11642238327432460
11633661110563371
13372151220422643
10585714114065959
1222222747322221
9586475445746958
49168412477184
10555960330595460
13054887887884612
7894671770674887
6762842221393665
353903768399343
1064371495063470
172041044004126
12859032553398592
1187144565442880
762116111621157
1297871585178702
9350700340970538
11107116337207110
4638355995528453
4675636876465654
6968671001659686
11777823334376781
3955576556855682
8064438118334697
8038522002247407
1030234909542029
8567437766446658
1327386049692732
14951938998392693
780841131137087
918599827995819
243180352982232
2567854444477652
10800332883429980
3187012112106812
10758186676818669
14137001672007313
11436953213586351
8243407888143417
7374195654924637
55104732749055
1025906233598629
4632969779703353
460050555049954
1318008393809822
7961434324441587
4845502112055374
10276397216947719
143003311330033
6427908339187236
4950011881209494
1211371818074111
7458823002188547
994362970263399
1123351454043430
562653515246265
3359006335998632
11803621331262981
8716307778126168
8926962112596198
43289556589323
11308190329918031
10877873893697690
8382022883301738
1447744029446754
1344502010195542
4884711992164884
7677342112437657
5818827327289075
441509029905233
1230271989173031
831739393828227
5492517997261944
2032469328653291
13712426105352172
10714682783765070
4641011441101354
1056253009262560
10890573673759890
718290888092816
1128009232909830
1342350817954242
5684947778494765
240790242097932
1450205666592153
7624407778134257
6078276336827805
3743247667533363
845329949033537
10785925236294780
5104373344733905
6797709439067976
1304901353099502
3356455545635632
13057040451397602
9342597327062428
678734031426876
10814742893364190
4601221331220954
8780187776819778
8024803552975297
385766574568573
11912959328593191
1572229635921384
7178677766768816
39811056110793
102659454396719
1116956887758720
10775209109015780
913806172598408
1266078212771562
11068250341517710
10385937117285840
7913561550564186
7278245005417826
4218257448618213
993828292729389
478351929143874
6271592441960725
1786188668915871
793085080591287
667543252344765
1676074554381576
1163277990872261
554582253274455
9733185774812379
6785877877775876
1315146485740522
1820458668551171
6545913344085456
11749941452389481
13115278448825212
7190376897630916
879519970024878
10799706667069980
111519766681620
10721565675661170
10964881660795590
7818147788418077
665170929180466
821189191882217
594378514774485
1092935141539300
13912646886562292
10150084653909519
412819463919303
586242556241585
3020325444240192
6885967568595786
7131824555381306
4815050549515074
