200
1463515788615363
11322989779893330
10599090219908960
1448252646351853
14155976106885613
1735142929252536
7918664223668187
10952771232673490
7724529999354267
2376875545776831
5560958008490555
576605353496665
219359232962911
5683462342553765
1647308170813745
1051385827594149
125271245317251
743100707101336
4272095215011624
97802289319779
3334163443724322
3965574994765593
8075079109794807
3068821331178702
1366837847837673
4738917668287374
12704125116313972
8408760440569137
808267332672807
10550342540549
10972621211252800
929731969227028
326000102100612
709618949916006
638047030650835
982413132304279
4337540549456334
6756305455936476
5749287447818574
8290440890350927
975052414150479
3918183433918083
1278391070083882
8588912553188858
817467807764817
6444554544555435
6738800769989266
464616272616553
11307875654798030
13965679890766593
3528892892888253
5966992882996695
7613007116993256
5382951782493824
11591672331672950
846733233327638
5185813333075914
9851866226691489
730424444524027
874630333026567
8656265995726558
11917302321147091
4415734885365243
1489006372609894
1106445767554610
3984178778714893
9848084015807389
10256996546007519
8519970109700247
1234888100987442
11437698888977251
11201169449611020
10029784994879309
11605358217536160
4463466337633644
6499094665008946
1890071718071097
1169097565790871
477590667085774
3473274434813832
4310566666661123
15105806117086014
12620053884600261
93554367336628
2026124553215301
2545917998186442
1171790777988171
8804622993264978
1338154989451842
4974814225174794
8344438328345328
12565409450045661
6279555885548726
4177405886137803
10514266777714249
73549310294636
129216478452292
1588981111178994
5222203664013314
6003723674173995
900681252087098
3247533543347423
7359088558908636
87296111159367
834117645721437
70195300359096
102325588553320
118005499460981
7358670109767636
6614050330504155
709402767304896
6152092661912505
70236577453306
1288314011403981
9947408558047389
84851743715838
827987049689827
9205401111035118
11744214443123580
78882256218887
1403243676332403
10366162002606729
10005789658876099
6305631441256125
1814371525164517
6645200451015456
8219622993359217
1264043535339471
724714243506526
9426339109327338
1239878968879041
4669747777578763
4150592001960503
1031513626326030
6454901541094446
3557457668647542
3383185885912833
5282836325392824
797778606987687
7243327888332327
6066587887866605
3193332002223913
693637050735396
5639468338748365
1737223666422736
17520792001980256
8561917668182747
1783927888283871
1391237111643093
488377251772884
6078872782688805
542532647335135
66478866887466
652994333400246
556180767071655
730785383588126
1846090150990657
375813444427473
9926770560677289
9524112773214149
4442244224521543
15241302432131424
1940572031265148
614395808604405
6865663564565586
572501595105165
5350337228331524
5142777997783404
6894952332494886
3837464773656283
16908534885448096
6600090109910055
4017949328498193
9254559340653429
367577383775763
844089252880547
5820621770170185
327229474921623
4529594993859254
10255813894075530
665879988979556
6067679218768695
12638032222298362
7409571000660037
3732473222742363
1361392110204162
576339736942575
9406453233447138
1235665896654321
6811698217971185
1066649828056659
652889282989246
5835908999095285
6191271110730816
3373729328283633
425697828787514
4357365446726633
7705328339226067
17244101000915426
5390068998709934