40
999149296 813492839 5161762 998645874 998476616 320132639 996578371 996295518 996089865 572114039 57766540 994473292 994459763 993609748 670787827 720120287 647644055 725833688 990547670 990394406 520991435 989744327 988693804 988689625 987069368 22843030 985467014 985371690 984805452 984627622 669746249 983938948 983814802 467115162 103197607 981218937 979828405 979745302 954364249 979458504
450354779 978928781 977810711 977123607 976623777 976464774 382885862 976087403 975903789 975711327 456771962 974939705 899237956 875299019 972866314 723140042 622068120 332338536 971684658 544528103 970072918 99892130 969663577 871819523 968690470 404924056 253432978 967398827 966640129 965607570 965528207 964067032 962695452 962433676 962271380 589889537 960867382 960798045 960604283 959520042
755644716 958639516 958152343 955973333 955267508 955152711 296108992 954764440 952110245 951882000 951494972 951158557 621601455 950094963 240346382 361911474 949503625 705504317 492646884 948716978 314317724 658604804 946664423 946594292 946429787 815078287 943640640 933343843 394126927 321184138 248115162 941342167 530437177 940736593 805326276 940676847 939713461 939694912 680155629 939000871
938993836 442370673 938912101 938587018 938270006 937849147 36580956 935756122 935236853 934346798 992391766 933649399 11775634 933438260 942845349 932566053 497936267 772266160 929731361 166578095 926655105 926273325 971857691 926144445 925693864 925512452 925387265 924821570 318912679 923964294 923661367 922899153 411180321 922491193 922322716 129868850 871439512 921945506 816749718 920005607
397593548 918474525 777760244 917955585 575143548 117137745 915342620 261900786 914549294 914472382 914451227 704912683 912936535 911001621 910652300 804494028 909704820 871439512 983562440 909690221 909326206 908193300 45045413 906951328 906257120 755644716 905704306 669354089 971857691 701748316 905011938 903926363 115918450 901587009 80918988 901120127 901095670 467115162 900385954 900301829
900176875 248115162 973895462 899214021 497477674 898199335 898028410 887944523 897925981 897371023 896738314 896385118 745198832 895766840 372758173 894531147 731119200 892937232 892761600 379972192 890845040 353661723 393107150 890423941 134209182 888644421 97456899 897966372 887501125 456294195 886611455 467115162 885920689 883275854 386204997 881998105 581287509 880690417 880646653 880340223
878381363 670561106 878003938 875872106 875721300 27380751 875460711 687779783 878271855 872202136 887594379 42192263 228256134 871147352 361911474 870830244 225001884 869107704 868521315 867479715 867016875 866021368 625768178 637257582 583071872 547848148 787274309 851442499 862440569 248115162 861101169 859965849 859860634 859687069 859531526 859499947 859358740 859298141 547848148 859151882
740493535 858267099 84759324 857646164 855512091 73847630 853143331 852308216 699596497 457337777 851458129 627097170 226236491 848675459 848138759 43605317 87938471 847382454 934119118 846512108 844585585 844163487 175036227 842875569 787821620 842504684 424042136 841595362 840272996 739223354 538330985 838547015 12708541 837046232 835247462 834077407 248115162 833260402 833112130 832336919
831797000 831063622 830490490 657336767 829813237 829351662 758112339 828516439 828141869 703227352 826641694 329705560 478921894 824425607 822318204 822239174 821797432 917655162 728539243 725820657 820263322 582558293 820236657 562295566 819722653 819389997 818978674 818699116 39355126 817457190 920048520 816065707 815254887 547293776 78819388 814134677 121912060 812487574 105416706 811179040
811044980 807877594 255435800 910315312 804901830 206770816 419763179 270075976 155792104 803927760 799563321 798375088 72800142 796674033 795996293 233296793 291936736 793691056 553682598 228632492 790892893 334198260 616108635 790049822 789015627 788878089 842717549 532940759 363640866 785133094 805326276 785091333 784123483 252600878 781746528 661028968 781162522 658966346 779640433 779039474
778933245 778586995 777864808 421558830 777353486 776643336 276172234 776209029 776069217 775943489 775771414 775512511 774093490 467115162 773473587 512299178 773237935 806748805 771051421 971857691 770246833 440750907 768205104 692840150 766927407 918627441 220737342 764893981 764860393 762726291 762630531 794923476 761634116 761278119 760781907 270912632 629995745 758231955 758157040 828708315
58611012 572114039 757277993 268434582 756934440 756030793 361911474 610518974 754472467 80727792 451284008 753201835 972469344 847930651 21544996 92493268 749251680 749247854 748920093 748099196 748068523 747944984 428986065 747300870 746647547 745994815 745724605 895851037 744461484 744380937 744199960 299899078 744188664 743285705 720396719 325609473 742487017 741586912 858430693 739944025
839657333 248115162 737540113 738630306 735899053 735553282 735171085 734207908 732539659 541131925 892972665 729812310 729441705 669354089 729422215 728799853 235641336 728585738 820641927 728478141 270633998 8651159 609809891 726992597 726585700 991428231 820411501 724874377 753089029 722677967 36876904 783670691 72594370 888877381 992871136 699469474 669013030 718428729 717923342 717547626
717097945 716693720 424400359 806571773 712010891 711395957 710554191 710363726 268434582 710246276 709295900 708623096 650930905 708178522 707428503 584791220 572351867 499085799 705304103 705281265 625768178 248040147 704633326 683627251 119032591 827986369 574227957 269919239 535281540 155792104 702610079 905160169 701668457 301341091 8651159 699846570 131396855 720062976 699069063 698904112
570552092 697501118 696763834 696664341 535281540 696501644 696481512 696249075 130554453 680155629 695556831 695287552 695147165 229790581 693214669 693147116 767543773 472031820 427541686 691256785 615377682 689685115 689643285 689324905 688656874 688539638 973798529 687640607 687479100 685957637 685860797 685851987 684520070 99892130 704475578 683149850 683043761 657336767 871439512 682741156
609161233 681787264 681441684 681074992 755644716 13141597 680709514 224351181 679732388 679154281 373131591 677215365 676684841 676475723 675312776 217304976 88098933 672958742 671200646 440158538 873597948 389977646 320443748 668946341 668377737 101412110 908071273 666016610 665344040 983562440 664362449 525142084 664067325 664023149 663381509 662536188 662177620 661794856 781390021 660454522
659812782 659153659 780949171 220737342 893500031 53588592 948220644 123741023 657105099 657054347 656397015 43946491 656035994 989936424 325641538 653768074 653527314 653026219 652588235 652041277 651715140 651659015 100412421 650878275 650711502 648575083 650930905 648530941 495624841 645840964 644096055 643095018 642950041 642390901 490445918 640705601 640090278 852444182 639814325 638758511
638681259 300297591 351393421 556197579 226080533 636673696 636546623 635834914 634372183 633046136 566332919 631952596 630833880 630406925 759194313 629684384 628240718 627431983 627348712 627324045 862821206 40382629 346371951 624437344 624351108 623812261 110552220 622096939 535281540 972334022 622003899 14096360 419168125 617195036 220737342 984474434 790698367 293649465 690337214 220737342
615130545 727788807 611348464 343888487 91320596 755258914 480274954 681980606 8651159 606994309 606689908 605159546 604279674 266442960 623619264 10525034 601819977 600720860 491529007 650930905 98736817 336499081 598519901 597982130 621601455 597824242 220737342 596945684 596495818 596183969 954364249 405066959 594780058 594454469 303043705 593820382 592310579 592148776 592115438 591859382
591727904 590099564 378871952 589828576 691834115 706737677 583077913 863899657 582511064 581691662 581398867 881442053 638658416 93952236 535222438 579674994 579417138 396029465 576348713 576041848 777557637 358518676 575638125 917659861 703062487 357576123 544422880 571230279 308500155 570751906 755644716 570560569 698811050 570516533 570379884 570123022 569795592 569636780 567653210 567315794
566717882 566697054 632369052 565839326 156932172 582558293 74460804 564609574 563839139 562972263 562735545 562574529 50598572 561538638 456620209 558799908 558631615 557192942 556619919 637877641 555557254 1297025 555016131 554826844 554170638 442370673 333981633 792482928 553437593 553233711 550266580 550139092 549281764 548787061 548594553 547941570 975534295 321400449 547084956 244569629
545293148 190452973 970178504 705976839 543602053 851635019 732282727 540782985 540264755 99892130 539653607 539545169 538963054 538765219 500569162 412990847 537357034 501727723 536942209 535222438 536920139 536841791 262077848 75080716 535469825 534839984 534003393 766207900 299899078 863448906 531461810 941013291 513234110 527681053 527081949 526586889 5161762 664313639 846798931 524181986
523483241 523217629 521862394 361911474 521681212 655499596 519171127 517406980 442370673 595276616 517238218 516448669 529731961 513007019 512413140 512380099 511682644 511080557 510779587 510281278 509776381 509756264 509624335 509458783 509150758 508688304 508096882 507691334 506506981 505962850 505467296 505253758 505046788 505003232 372887360 503732596 537287617 501626481 50066818 501019624
188632135 500534969 499639172 499294055 949429007 932391212 497762215 155898660 231476892 497096317 110444966 525062203 494904279 251234690 493441267 492983691 492767680 979280082 492454515 492297852 599115071 122742523 253456305 489748876 222964153 804843065 109112699 488467106 673985993 487636187 487169714 486499678 81506286 625768178 486236782 485276733 483181092 482496359 482354118 572114039
727745909 824641244 478825022 478605409 478589358 478235291 478210642 477503827 477088659 463712295 473957974 473006086 472337861 692717214 471858794 471780115 471527462 470281094 755644716 470155638 469750233 469295032 468112102 466815489 465994367 464386222 624980882 474364404 462548296 461723904 461497101 460756729 460640380 459966530 354593044 994532940 945860587 559602391 456608382 456374957
456332573 695921658 455831792 455574342 455423904 454706838 120337492 452827246 54620383 196299557 948784532 450115819 449702285 449300337 445619676 445426435 445305287 443864550 443635675 443528223 441780292 441755817 742717095 572114039 993138406 439605414 439000440 438353267 437594368 437340463 434661463 433648571 432025516 430684245 430460293 982564228 429067955 464380614 428561083 586246484
427053087 426808379 426641794 87040076 715634093 842001222 423654730 918241035 75553697 419759940 419756977 276126705 76910603 419485735 617527765 418849030 971857691 621601455 417859146 417742072 416580111 416216042 414255457 413696585 413533043 413096208 538197523 412562904 412385443 357567649 412110131 411782206 922509064 410934077 410510254 410390156 871439512 334198260 410270041 410027938
409504063 188753417 408874512 408647142 407648212 903493352 407286353 406688208 971857691 406676015 405657169 405452674 175557462 375432432 404326080 401389924 303051268 400252080 400194859 399915866 399161996 398310583 533693152 396732988 578034931 395341035 395182798 755644716 753828112 942787173 220737342 241257600 890432896 392464894 392385293 392366058 391788326 390403299 616858198 388315370
27380751 388244512 387891710 190040238 386964303 883012774 386161358 385496682 221777089 162070013 383800342 976251052 755644716 382523209 382250289 381923408 92095887 380627664 248115162 650930905 621601455 380020666 891346058 378996143 954364249 961598284 378558247 377501598 371022093 504687757 374923114 374169132 373631429 677581836 219532595 895000461 344417583 372500226 371556516 376032744
370605314 488126290 366629664 364204593 363730382 785212874 510708635 363171792 362630903 361307293 360667324 360396976 360262121 358810336 358644433 575963841 848053398 572388674 412152345 459855579 354581226 353863367 933560587 353190980 353103371 352167743 352009908 638019811 351389516 350569125 349678421 349503062 268434582 348904301 347527026 621488819 347058675 346874139 747600767 345394520
372698471 344007018 343385286 342724751 342469336 341888109 340383034 340377437 697264240 177746377 338250471 338090183 337795041 337714383 337148139 553706551 333682153 126661039 968218439 117195297 290601057 331024487 330379806 824861093 328472197 408721625 328106158 327130536 35488714 326534685 755644716 654646695 742535285 323248936 322527107 269074621 321495510 547235002 941999801 541751173
320799913 117397015 996882013 319217401 923969807 318513727 318406743 317730998 317301728 316405246 315756762 315464477 315047144 680155629 948378063 311403664 310658074 310027244 570836730 308426159 983562440 306695689 598710693 305709263 304701838 303845584 303518932 303258219 582558293 303063940 400506479 594133728 753828112 301856381 711274268 239180473 700688513 753828112 300537950 564832701
299668689 298556125 297987118 297749933 297354256 297091698 805326276 954812772 621601455 295846631 294471038 697264240 697264240 615501664 293436041 794858827 331729770 290568483 243968171 288728574 285854928 282516989 680269624 547848148 278853045 743596542 278482802 276221218 776268490 419522352 275533143 275460327 275457978 274859646 971834654 273548848 273493689 272463761 271349663 271068971
27380751 759668978 614309496 270283182 715259207 703034934 269502924 711274268 269465442 269107599 268862551 650930905 871439512 268523876 603863444 266372209 535281540 266029547 265550161 265275751 265018360 166549269 263502663 263223744 263005694 262683781 536686408 914642420 261616052 260808112 5161762 117195297 5550031 257185460 257101823 256616075 256490867 85947075 931519510 490168686
968203019 252916049 387791281 252552961 493859535 251171177 250427779 250371572 250124693 249829197 249435830 248300102 913581090 697264240 247572143 47598151 246471297 244640452 244588019 547848148 719390524 244471737 244423779 244222796 244130249 288931541 243764137 243729003 243440446 242664651 242661319 336499081 242561235 393772014 971857691 949724364 240279465 239742290 301371273 238767398
237473012 237093746 728797524 762362673 582558293 232697616 898810594 72800142 230027949 693478688 229603962 791333430 260237946 227082304 848900207 864447991 203094898 282260600 223973453 223477923 222988232 489688344 222313783 901950787 221568434 220565156 547848148 220129133 274569668 453563334 218293025 983562440 368260576 217058128 216954710 216701846 215597511 214728618 213835446 213805773
650930905 213117201 212025695 210846640 489472553 206103993 205243965 204864180 203859428 203677139 870699005 202408895 155792104 201122280 200925190 200784649 199903575 199585357 199517651 198067000 197507147 753252251 971857691 193359152 193092648 191275843 73750083 190574844 189003778 721174050 189386479 544974089 409418020 893500031 181966848 188591251 187685020 187096557 186740446 184826554
743596542 184243566 334198260 182733621 182279392 839506172 181453690 179715335 110837332 340015908 669354089 177628931 582558293 177478732 177444169 176913205 517305790 175317860 844156896 174269395 971857691 173528689 172489493 172058372 170284113 167221045 650930905 927634611 264927362 166010766 164680339 164179088 163174011 384695056 162009781 160510199 753828112 159319184 158416607 155792104
565379038 156869371 887594379 156863849 903493352 497690101 154318036 152766500 152090229 150319489 145097730 144785679 142772908 142022615 142008448 141738146 535222438 835365892 141649634 141436412 140947929 84759324 139409001 117195297 137850457 137468689 137026511 136593180 336499081 135668433 135623101 135424988 769103916 132817119 132666111 131668574 852155147 130773750 887306649 465211091
871449530 129641327 128960417 128887689 127960279 127348601 332882688 125037596 123756514 835365892 657367847 123462737 123397886 123156697 122889705 119425005 121924656 998998375 121907466 121106178 120569153 218480735 120126790 384716788 703600557 118135744 545875722 821576621 743596542 117070617 116542977 642169291 114832015 114213031 113356075 112718964 112251178 11356468 603757325 496526948
200
13 27
34 7
33 5
31 16
21 13
12 6
9 33
14 16
40 34
12 29
39 40
25 23
2 32
24 39
4 1
11 16
6 10
16 18
19 25
8 3
7 16
6 40
14 21
15 40
31 2
3 3
27 39
5 1
20 39
37 29
23 12
8 26
1 32
19 17
36 17
36 7
31 37
8 2
7 6
37 33
10 12
1 4
29 16
14 21
15 4
6 18
38 33
23 13
31 23
12 7
21 31
7 15
3 9
21 7
29 7
36 22
39 30
16 33
38 17
20 2
11 3
34 21
10 35
15 5
7 15
16 23
30 17
30 17
30 17
16 31
10 19
26 17
7 23
6 23
29 16
37 1
25 30
22 16
35 40
8 2
12 12
14 19
20 12
19 20
32 22
14 39
13 17
37 5
15 9
27 34
38 35
17 34
21 25
39 37
13 7
37 25
12 16
40 17
24 5
11 5
11 36
25 22
2 24
38 32
17 12
23 14
32 2
19 15
10 39
29 12
2 22
19 10
33 2
16 23
39 23
40 25
37 36
36 33
29 37
35 3
26 38
5 13
11 32
26 40
29 5
9 9
21 37
19 7
9 27
6 28
21 31
30 18
38 2
4 1
18 15
16 19
8 11
36 17
31 32
13 14
30 34
13 1
39 21
17 5
10 38
25 33
7 8
37 35
21 7
1 10
31 35
4 2
10 6
3 3
14 38
35 36
40 29
24 16
3 10
35 31
14 6
23 9
10 19
31 33
12 29
14 9
11 20
24 11
36 12
17 23
36 13
19 1
5 28
11 28
20 12
20 29
20 7
8 33
13 13
36 8
21 22
40 22
1 16
9 40
14 25
6 38
27 17
40 13
5 9
33 19
1 25
25 24
17 8
16 2
8 10
23 18
38 37
3 18
10 3
4 21
