40
999809247 999258583 214175818 997770356 997132380 328416989 996237983 420287156 994997715 994837492 994556496 146105372 993819101 992986310 992969568 756136788 990857240 379667768 40043451 700942700 989715722 989318417 122998293 988780021 988431956 988081799 987531820 986485168 985965137 531032288 204080298 984788405 983669621 983032792 982728180 513239538 980857635 980174359 667599226 978480296
978243803 518881855 60230857 976275376 423151561 199418779 975329266 974794910 974099247 971494796 90061057 970715054 970126208 970079517 969758736 967930234 966724069 965184243 204602370 964271557 963147868 963039020 453276633 559799633 961854662 326832600 567984783 960762489 960139849 959401747 914841963 957029209 956917468 956509150 956294346 439259219 955584642 953535811 397263651 267282209
952375816 145975314 951803015 950918613 146105372 323594628 758955988 949594321 949579274 661634363 190473372 947251916 413689319 814287444 946443940 945617177 945613150 945386528 944995221 933331246 944873851 944200524 943395414 942711423 54276900 445331172 940337627 938572911 938258004 400921251 937500725 937162429 935563255 935128943 934046852 933379955 944943206 933179321 638744502 931022037
929008829 777856446 928866582 928722306 928609958 295262152 924861232 525362780 789190816 754013807 922581334 921853829 921734966 920413858 920192373 422539926 919442415 918773047 710112160 917619767 593084357 915968854 915460538 958216146 914300856 754785090 914095175 913769629 913607095 913310273 122998293 314329781 911848193 910470461 766439401 467199798 909086711 36936069 908266666 907995583
639692790 906813244 615054979 905419578 905040835 904824469 904773687 904562070 904558526 904279143 522591765 902783188 902698170 209067339 901898830 415546025 900298751 524193147 533094439 899003406 897921812 897861344 984941828 897415861 896390553 867253024 242794046 894010199 157736945 580423489 892252179 149827593 223255792 891072833 890837151 890496977 8618794 225720542 888944349 888849773
888023817 887563919 887477007 887314336 887176096 886950010 627189789 70937190 723338497 883375810 882822655 881923170 635675702 316186022 880464248 878822486 876039788 434431181 875589552 491051975 874146022 871869243 533887796 871220049 871053737 178776865 869910535 869425826 109869651 869193373 868968725 48442292 868302647 867656764 867599720 217413303 867559158 867555011 866928106 748706539
865650472 225720542 619814052 864818359 864799685 864128107 862507058 861953839 804777506 860374490 859706845 261579259 107768999 857567839 357355130 405427144 684380667 522809162 263412103 855686140 853724619 366524367 853601929 853482029 217064533 851234233 362638356 850253152 546599519 849031666 848852088 847690633 847007583 845720709 845454868 845417659 844529255 843794001 296318759 187948749
841256256 840070471 839850230 838882496 176063941 461221340 368008015 837157634 835888397 834841926 834824571 834500238 834178453 833505576 818711691 829881577 829459382 826770984 826527340 826118427 825616912 824564124 824132317 823674898 823113738 822994806 822954458 531032288 400921251 821622088 636941389 563298915 819822337 531032288 819147546 832749737 817763318 981667592 107630543 895877951
45859500 796215488 64603931 126944750 814181829 763910627 814044673 405427144 785402792 895877951 869925707 781421513 813012806 971051518 249610238 809205130 808342166 808312867 805026399 198911906 868911852 851275093 803660505 802989791 802426172 801908022 800445975 799454301 799233178 799173083 798712706 145975314 798054556 480291056 814761144 318681416 795975129 356573727 794543912 793714716
439433146 107948208 790772082 790759950 789371810 457479877 117408184 787540248 64052085 45275613 51396647 570856516 126017888 571897101 784734411 784279106 783756173 783246482 783167682 384666205 780026875 779901172 897634373 779110786 778387790 767485421 637793242 681056816 775229513 774985073 774906573 773615544 773470032 771786182 771379420 653396185 770248435 470473275 770102504 769915824
767888983 144825913 766602228 909785644 765844491 765783285 765166272 262160666 764874566 764648362 764367098 763938421 763153479 762979246 762968090 761473476 899246133 760787305 759564088 950150595 777856446 758013941 757082212 756369747 756259852 756203213 991108440 354032750 298810487 65414669 753909849 751152793 745230578 749972209 749902033 225720542 664562770 146105372 748312176 747830031
747079639 746497489 745896003 88067925 687618068 744626804 743652319 743092670 741772935 741398789 36264198 243831590 740943614 740682308 891149460 739598703 739192724 738738234 738701582 738589551 738319747 737218921 737141306 737109514 564314581 735589072 280526317 735091765 733889339 733373108 777856446 731649596 681056816 731344580 731262674 729381609 357355130 728989669 728986745 727227276
726321141 725757300 338936430 989895831 724754043 724325458 724262873 723554096 885027680 723221808 722809766 722707751 338557233 722193235 721673338 721286169 720258146 720109269 720035329 719932618 718124480 549050540 714828635 714336729 314329781 471896101 61732196 918099090 279419760 709548205 709189316 708742852 708498988 708293880 707670704 700942700 707613620 705778420 705218593 812453502
704920760 704874621 489026373 655182687 321852063 702418416 702247385 701381002 763910627 700575243 700487068 700296665 700070701 699162704 395727790 698907701 517885369 697395927 697154790 696561477 696504682 146105372 693993311 696258720 91665607 853672985 694321481 694460250 884647716 693876576 328683383 597633418 691437351 691053744 690692286 437303302 511275952 553062989 689397249 722569587
688228675 563887861 686626236 685433208 684633368 857176670 684295849 683864844 683402381 781421513 256487404 741225903 865007869 681014100 680579635 680335108 679890688 747605004 679700813 679372601 793082119 679065625 678911044 678113032 677797804 550907241 676290360 675151838 195294806 674411427 674077570 674024626 673531112 823267179 673307338 213654084 902640461 445331172 336265496 669939681
669584096 388944599 633984355 175006000 667250177 665687573 638865764 664592849 866701225 664537585 664034817 263412103 663729342 314314237 661947363 661638139 150163654 660225021 483161572 659202753 659108793 658773758 658358208 223036259 657644067 754785090 703636564 884647716 654627554 654022379 225850965 157509009 652763951 652457220 652059737 651476397 650629434 649755199 648186249 624951239
648075527 647971783 647556125 517885369 646521675 296186124 405427144 646310357 645800544 645638311 250890923 784880755 641816298 640853300 952924054 96521225 639657134 665640121 931097705 638090576 357355130 775528442 637171455 820644631 776900791 636084136 636018948 881459778 634185042 633876598 280203867 37757836 629661153 349108030 225720542 628824745 146313976 404299610 627503346 886892952
141225685 625918980 400921251 625781852 625537389 623988103 112282276 622980265 622399793 621252059 420454824 617711302 617138649 617033543 429680437 616265613 72058011 615685378 905860133 440305074 612516723 754785090 612228073 225720542 511231569 610213011 608777344 607596948 607013934 606719928 605794078 542679345 27535048 605692645 604952835 502138395 604207509 604117192 603898190 210524280
603305485 603196291 601829831 601688725 600989081 600640003 573226450 598596136 691482460 596372520 595240355 594649453 594036449 593633907 674419053 593055065 511275952 591811137 400921251 534344848 243831590 591733480 591418974 791503949 590739496 589695740 588504009 588441103 588263355 79434988 165420830 581514295 581359767 581105609 580980387 459879195 293725773 579336709 804196341 435975498
577801910 885387833 996821092 577032439 576923233 16600769 575960897 575628999 67030097 66307090 574336110 574131756 574009096 573543078 573447806 599150415 573130997 572783234 572273728 572236986 572180738 643155987 570767021 570003503 961110000 112261222 567349771 564771532 470277128 819851862 563213316 562905259 560600582 562341958 561904084 560690587 562686179 560441539 314701389 560047943
962456676 559682580 813725828 967531401 223036259 558852310 558717129 122998293 558621842 558449704 558442364 557756264 122998293 556764319 447443107 553608675 823267179 553405510 227917334 204682666 552492903 551973255 677373020 550678280 714930175 152915342 547800331 412865556 545840862 545254190 543452036 542735177 605778128 542259487 19905930 304882907 540534272 540265523 538896273 538429214
435975498 122998293 511275952 537939618 537633640 871447897 532785068 532360217 531230158 530494423 529922786 804777506 529803451 529590012 528475129 528278179 528157600 526365232 225850965 249583074 524937238 524787544 524657130 524579012 458719729 523401416 523372132 856297272 903869344 522267567 54061444 521262153 521160827 519955391 519629609 519425942 519199150 519118179 977545893 518234136
516665170 815835598 515554175 269049963 511550632 511366298 245675978 293017179 510747654 510409092 508156181 508150024 341413899 506297382 506111495 505660995 511162529 604375380 445331172 499017790 495049603 494950065 494619485 494402060 492764630 491502975 491366322 320956235 875192289 490863797 259455687 489965098 704231139 602681428 488988700 239631051 484629751 483753148 660026430 372782169
480162216 124443132 479415255 478511133 478228453 478150152 477896914 884647716 477123200 476394748 475533420 475191095 475039595 682377565 473624739 470473275 166921969 471959659 471924186 712441051 471175492 43964805 350666914 813580881 468680525 909143148 467003758 145975314 445331172 465555221 226095657 463835280 463104336 760994505 462230072 837629637 460351663 460041875 422030538 459638996
191784888 990545272 267564 382323155 9641237 456241640 455843159 453864916 453660800 453404301 305133921 452564770 451821567 451567743 450982913 450676639 450234624 884647716 390132188 338410077 448214836 447731821 447585034 554420076 446536760 445433326 445355709 445314021 444851277 754785090 444530573 444009699 443858489 443781565 443270324 624951239 443235934 442519838 5869126 439858511
439611938 679182728 955683494 439145580 435975498 438518367 437633234 431029482 437092452 113171275 271957612 434992285 876008558 434143376 433857752 433388370 433359580 16919187 690465967 430165608 430120712 429849125 616427495 429065821 426764345 426118980 425984526 424374145 423859677 976172347 919528111 422524846 422508480 892510933 421726233 421144479 420641618 815526161 995428114 884647716
420059656 418455626 416749330 416625414 415729268 449519901 414635194 947013392 108859503 849703047 598743470 411480021 411217524 410311176 908529320 409268476 409248082 408878494 408045901 407345273 406590411 406549212 243831590 405821710 404566514 628721722 404096930 403918912 403674305 403583376 402589397 402352824 400921251 366306486 255722003 400398677 400129072 398091091 640202156 396827666
225850965 365370371 699026685 395079227 117408184 531032288 400921251 394900199 394788808 156693486 301639838 393414253 393288192 393131258 392860762 97091844 391508546 390791500 390617319 390496586 194129564 749996462 390095663 389932033 389716854 389478395 155128839 669296277 387868663 747605004 386543456 385272539 661634363 384925889 780493149 383189121 382617316 456281298 288456109 381894953
381717775 380014399 463600723 379638363 379093928 823267179 823267179 377211874 376826654 374403613 373778050 372994811 796502460 688428305 884647716 371461959 371306886 961692566 370424294 369722922 837548610 12949522 104810539 366617178 884647716 627364814 787239138 402351424 366191748 365431970 364647285 364044126 363169618 363062012 363044790 850671648 362225094 361512083 360094396 359574659
359074288 795310987 796100093 755124973 354027005 354005277 353984503 353840522 353516881 3162317 351057520 350781484 901286410 350664717 350332118 747605004 627364814 349333625 629407095 347953321 347808919 347460488 345684711 345458907 343997758 341960548 341441365 507875322 341379787 339604243 64027498 117408184 265118372 725589693 61511508 779586414 815092500 15187410 262723700 36984890
671841090 335339041 334563441 602681428 334271396 334244909 334105940 333478609 333375681 332713738 38584401 330824648 567959858 328614505 29646639 328368060 370967725 786967721 324265848 324036631 950918028 322411439 322399382 84437527 321454095 511275952 321412879 206731358 321087358 320719383 318836568 578245623 317971116 317280999 316949801 316459558 881332372 560063519 662048545 313918953
313460992 312423340 311575663 309982768 73509774 308408059 306530990 306398531 305238380 305134448 962867083 540951061 301693594 394453275 300515987 300159308 299398244 268893910 296338278 842136018 646469458 296063110 926131697 242158846 49448281 293711148 293506379 51848067 290613646 272008835 289726252 289478054 288774958 243831590 288637193 382155490 286303100 285813824 285272426 26449466
282779407 282085016 50201208 735505118 633464790 279715759 279537491 709925061 278669894 278235647 8121682 276704285 275167126 274889177 273908020 272492568 290471300 435694557 269956434 269402855 516016408 754836135 268311264 267360144 117408184 952619927 266290801 230394443 338984085 264206062 263812934 967531401 337046536 262455131 765163413 261671412 858511545 260743956 490694965 259309633
257212017 256924205 256782974 683127834 401552367 252955401 252685595 251812574 643269784 250822576 250331900 705073868 923968292 247724663 247549958 247251597 247242994 247147318 967531401 603893515 611943147 245087580 895660195 242426421 294080910 241492311 485069296 239477545 238718911 71004467 178448483 236173573 235155031 224365754 234509795 58616676 233410526 232398184 231695953 265935883
230058875 229222565 229039170 690280670 226904484 891444818 465087969 224609218 224491974 234529514 224209076 223601521 740494410 223170052 237574644 221153835 220618057 220434463 575518985 219859385 217769699 867565134 81213320 217312679 204297798 215657944 215591444 215136066 997841914 672502251 212693162 212657375 672059102 210844004 210771062 246338236 210519648 209947085 212171371 517885369
207074424 321267223 205980363 478406939 205833969 552684887 54676848 354844913 591365349 202942367 202694684 201686788 201184518 531032288 201151868 200714624 975414316 804973502 198598140 198424683 196776183 916058483 195198045 194255866 390396430 193246777 193017394 63552196 459188385 947361432 190241572 190062582 120917396 841281591 186517764 55631670 185460736 184322787 183824964 182127015
181508826 405427144 179048589 623965381 922586518 432110446 178190644 177098307 177066498 176241897 837921254 175432127 979086749 173793053 173029880 445331172 172745325 172136451 171334688 171298412 171109527 170906112 170706378 169373622 169256987 168819939 168586905 472178854 166712002 166589782 583132441 165414692 163584897 226258065 159391986 67237010 771056233 157155589 156993257 394514939
156006629 389077937 154967655 153684009 548371543 531032288 152590199 151214512 150575944 660954768 36984890 149878155 160036400 147771722 107721540 147196138 147074468 146910477 119341909 379729152 146187056 145661150 145366481 145194333 144871412 636586368 141276263 626813695 140397563 139766628 139436112 137453357 137081992 5131054 379729152 135450627 135428000 533094439 134878334 134401993
131180734 130753449 130376838 130012875 129717273 320956235 129476604 129083016 127608689 946812950 558903871 125932413 125065463 479541830 124308062 357355130 123871810 122560948 121344130 121237081 121016861 187974938 30580936 119614140 628804279 50499705 114579676 114542679 114345757 114023814 113829130 598743470 435809763 178865822 3589380 112175817 111965457 111654192 111238259 110475076
869218458 109708055 109286708 109100926 109012010 413286285 108681715 108088110 448488458 858346961 147433652 681882555 106477869 64027498 105420489 105213750 104884656 366738308 104459856 103972556 103552731 263412103 102474940 15500008 99734201 98519708 98230408 97342356 19467623 391590687 907099522 95673643 93174079 92584004 695082664 812824621 89588747 89008551 745291080 86081477
1305
18 19
21 34
11 1
18 31
18 32
37 28
27 33
3 23
22 34
28 8
24 1
30 4
7 6
17 29
37 39
1 20
4 39
24 10
34 12
20 12
7 3
11 1
15 32
25 13
22 23
33 37
24 13
39 5
7 16
3 20
27 32
37 39
2 2
30 15
27 36
11 40
3 12
31 39
26 14
32 19
39 21
30 21
32 30
10 3
27 10
32 10
15 6
29 37
28 21
27 40
12 38
35 29
17 2
24 13
7 22
3 38
37 22
24 33
8 11
35 34
7 36
23 29
1 7
35 17
12 21
15 4
17 2
30 18
20 4
13 4
33 7
25 16
5 27
30 33
4 29
4 24
38 16
31 9
19 24
24 12
35 40
8 9
40 23
32 24
26 39
35 17
40 11
35 28
6 15
32 2
8 30
8 16
32 29
2 13
36 9
15 12
24 38
7 23
35 20
2 17
9 9
12 21
7 2
20 25
20 17
13 37
3 7
19 5
7 2
40 32
28 29
19 6
11 30
9 5
10 37
8 22
33 25
22 38
12 11
15 9
21 5
10 3
22 37
26 13
37 27
16 5
31 15
13 8
39 7
33 24
38 8
3 34
13 12
32 9
34 31
32 30
2 5
3 35
2 7
26 10
5 3
15 6
35 33
37 1
29 25
32 22
34 20
33 4
37 35
30 27
18 15
5 24
35 22
26 22
22 23
22 26
4 35
29 33
31 24
28 4
28 31
21 23
20 39
12 38
33 26
16 27
2 31
9 18
2 8
15 36
16 9
2 32
24 10
11 29
34 17
34 9
34 13
1 31
37 5
12 40
36 40
15 2
25 4
18 40
37 21
6 10
9 6
1 12
39 39
22 4
6 9
12 13
38 14
33 13
39 31
32 39
15 29
18 34
5 38
23 35
11 3
23 8
36 29
25 12
7 24
38 33
27 28
4 29
31 18
2 40
33 13
4 16
24 32
33 22
9 10
28 36
7 39
13 10
7 34
16 28
3 19
37 19
15 2
13 15
8 10
25 29
20 5
13 7
34 30
39 33
31 6
10 10
22 14
1 34
34 12
34 14
35 10
33 30
32 29
23 40
20 13
21 4
27 39
25 7
39 35
32 20
27 34
32 28
31 12
22 3
9 39
26 37
15 20
21 27
36 7
33 2
1 20
33 30
6 20
37 7
2 35
40 29
16 9
2 33
34 14
20 33
12 12
13 20
3 26
13 16
8 2
37 1
13 2
10 23
27 30
1 8
40 26
6 28
10 17
10 17
16 21
24 36
28 13
18 32
13 11
22 2
25 29
12 5
1 37
18 7
22 37
33 9
24 39
19 10
14 19
23 22
29 12
25 11
37 4
19 21
8 12
25 21
32 11
5 5
6 13
20 36
11 19
37 27
5 30
4 1
20 39
31 8
11 32
35 27
36 13
17 36
37 16
17 38
37 6
28 28
3 2
29 10
35 23
23 5
2 26
25 6
8 36
36 20
6 37
31 6
19 33
7 11
4 27
8 16
10 16
33 37
6 3
10 3
15 5
4 32
15 6
7 14
17 5
30 13
27 2
39 13
32 29
24 17
6 33
30 37
40 5
15 40
26 28
14 40
32 7
16 2
27 14
39 24
3 4
16 38
4 25
18 20
13 18
36 34
39 8
23 3
25 26
24 29
5 10
10 36
18 22
30 2
30 29
28 9
13 6
7 27
29 16
3 21
27 8
8 7
10 27
3 40
9 8
30 38
2 27
2 1
1 24
12 14
21 8
12 24
26 34
37 7
8 2
18 25
9 31
34 25
9 31
29 35
20 13
13 11
33 20
21 31
32 1
33 12
20 24
14 28
36 6
26 5
27 11
37 8
33 28
18 32
12 22
28 21
37 27
10 16
36 25
20 1
11 29
28 40
9 29
11 1
25 36
23 32
26 7
22 6
15 37
8 12
16 4
13 19
13 22
15 35
8 31
1 26
4 37
4 20
6 8
11 13
4 7
8 33
14 36
34 29
21 15
11 28
24 21
22 20
12 3
15 15
31 31
13 38
40 3
23 3
36 27
36 37
18 4
12 26
36 24
13 34
23 3
18 7
16 23
7 17
12 13
24 3
3 29
18 26
13 3
29 34
11 19
36 27
23 36
17 23
23 16
34 8
16 34
3 27
11 19
37 22
33 20
21 19
29 40
9 17
11 22
28 5
1 5
40 33
17 35
4 9
17 11
12 10
23 12
35 10
31 3
18 36
12 13
37 4
22 38
38 40
11 9
29 16
39 12
4 29
19 4
18 20
9 7
31 34
3 22
6 13
9 6
30 6
33 10
23 24
35 8
30 12
1 27
30 10
32 6
14 9
7 30
7 40
35 36
21 15
10 14
9 15
8 37
25 20
10 24
32 36
18 3
35 20
17 33
16 12
1 15
2 5
2 34
14 9
36 7
17 5
5 24
33 33
23 18
5 26
6 20
21 16
25 32
34 8
26 29
29 27
15 23
14 36
22 31
23 14
28 15
10 25
11 30
37 5
13 11
38 19
18 16
4 23
34 39
36 32
18 31
12 36
14 27
37 21
15 18
39 29
39 37
31 17
15 38
17 38
20 22
17 11
14 24
35 23
6 26
22 22
37 31
18 36
2 13
18 36
32 15
33 34
10 8
29 8
39 40
21 29
19 34
10 27
23 22
25 37
30 21
7 17
7 28
23 34
30 28
34 6
22 27
31 18
36 32
19 24
17 1
17 39
16 30
21 10
34 12
27 19
29 29
37 1
13 31
35 27
26 28
20 14
5 13
2 15
40 11
13 16
15 24
11 38
15 5
12 7
24 20
6 14
12 22
31 39
13 24
17 25
22 13
36 37
10 27
4 11
32 13
28 30
21 15
9 28
16 22
35 27
32 30
18 12
32 19
10 39
21 16
5 31
18 8
26 28
40 26
8 9
36 18
1 8
31 13
32 4
40 14
17 37
21 11
32 4
24 33
22 32
36 28
24 16
27 18
14 2
29 13
30 5
33 31
25 15
25 24
24 6
28 4
1 17
30 19
10 10
17 10
10 37
12 11
21 26
29 31
4 14
18 16
26 7
31 10
36 28
4 16
20 34
33 21
8 33
12 22
30 30
34 3
32 29
38 10
10 10
28 23
23 31
25 24
21 36
11 22
35 18
34 19
15 12
19 16
29 9
8 25
37 27
25 22
39 24
15 19
7 39
35 3
18 15
7 1
35 5
39 11
9 4
4 14
19 18
25 11
12 17
9 7
20 3
25 16
22 3
4 24
7 5
29 10
30 39
12 5
19 18
16 19
36 38
18 3
6 4
17 15
39 16
17 17
15 12
9 3
24 15
2 26
30 2
14 18
17 13
8 6
2 6
38 20
28 12
24 3
3 37
24 7
4 14
26 20
6 6
34 7
25 39
28 31
33 18
40 23
21 14
39 19
16 21
19 32
35 38
8 31
19 11
17 15
8 38
38 4
10 12
18 15
21 36
20 13
6 21
14 14
38 24
14 14
10 27
8 1
16 40
10 11
38 33
13 22
11 32
21 13
19 36
2 25
11 4
16 34
16 30
36 11
1 10
24 30
16 10
17 39
21 21
38 15
18 26
15 22
24 11
3 5
32 26
11 9
35 2
14 20
22 7
3 37
40 20
16 4
29 24
7 15
23 13
32 22
3 12
33 7
7 36
28 15
25 1
20 34
22 37
4 36
22 25
11 34
29 29
34 37
1 16
23 27
2 29
40 18
36 10
23 28
26 1
25 26
3 20
2 18
11 9
35 28
30 8
2 37
37 17
15 1
24 13
13 6
2 5
34 37
10 1
8 26
6 28
37 16
36 4
18 1
18 22
29 38
21 2
34 11
16 40
24 38
29 3
19 26
4 23
21 22
22 40
21 12
12 26
13 17
22 2
37 9
23 15
1 28
5 38
9 39
35 11
39 25
22 22
19 12
20 34
16 7
34 22
33 12
40 35
29 20
28 16
6 6
30 18
7 36
35 2
22 5
32 26
25 5
16 19
6 34
10 24
20 27
22 5
34 2
4 36
16 35
7 7
20 19
35 26
28 9
30 19
28 12
34 7
35 15
1 6
18 8
4 11
19 10
26 33
1 14
12 40
10 30
23 14
8 11
28 11
2 7
9 18
33 6
37 3
40 23
20 15
33 26
19 2
26 6
19 28
19 17
38 33
37 23
26 9
21 37
13 15
17 28
37 7
38 1
26 9
12 19
3 15
36 19
31 32
26 39
27 12
2 6
23 3
1 19
12 31
16 37
28 14
6 32
25 34
18 24
34 10
22 4
14 6
23 6
7 25
31 3
40 37
4 35
5 31
2 8
26 13
1 11
36 6
38 15
39 22
2 26
15 25
31 40
1 32
31 6
4 2
10 35
32 28
5 28
22 18
21 14
13 19
24 2
25 19
21 1
25 39
28 10
3 29
16 30
7 40
17 12
10 10
38 7
40 9
4 21
32 19
26 6
19 20
7 16
15 8
25 31
14 18
25 4
6 26
13 12
20 4
25 10
20 36
30 9
3 36
37 10
39 3
34 16
32 12
10 20
13 24
16 9
5 20
15 26
29 40
3 8
23 31
4 37
21 38
3 8
2 25
29 23
36 30
33 39
3 2
39 12
33 1
6 9
40 32
35 32
28 17
2 20
19 6
7 1
18 36
29 32
12 38
22 9
37 30
39 29
17 4
32 4
32 23
30 16
38 39
27 11
25 23
23 20
9 4
34 4
30 30
12 39
13 8
26 7
39 36
13 5
10 33
22 21
4 38
31 38
39 2
35 2
32 22
27 34
36 25
14 28
34 34
13 1
32 23
18 32
27 23
7 3
6 31
16 31
6 4
2 31
38 12
6 32
3 11
22 37
1 27
36 25
1 19
14 28
4 28
22 34
14 26
21 19
10 19
31 37
29 5
8 18
8 3
19 26
20 34
30 14
18 22
21 18
23 22
23 37
21 11
12 28
4 39
17 22
18 4
12 7
22 27
24 3
19 38
27 40
21 20
9 40
4 20
29 15
14 31
13 3
36 23
13 33
18 14
22 30
4 39
40 33
4 22
4 13
33 36
35 13
1 35
39 3
24 28
35 9
30 33
32 34
10 38
38 6
21 23
10 17
27 27
24 39
11 24
30 39
37 8
4 10
12 29
2 39
11 35
13 37
4 16
10 34
9 9
36 31
14 12
2 24
35 11
37 7
39 5
28 29
4 22
35 34
2 34
11 22
23 6
30 7
25 36
5 39
37 22
13 15
24 39
40 27
21 17
12 5
17 19
34 2
35 8
11 23
21 30
38 20
31 23
22 7
26 23
7 14
25 28
28 22
13 4
29 29
38 8
5 15
39 30
21 13
12 1
40 35
21 4
34 18
15 19
4 32
10 2
34 13
19 16
16 17
20 10
13 18
5 14
29 39
14 33
22 31
37 10
37 40
32 33
35 24
34 15
14 1
9 38
22 16
20 13
23 1
23 19
37 32
39 1
40 24
24 37
36 21
20 30
34 4
31 30
39 7
19 18
12 12
16 27
7 7
17 38
39 34
8 29
23 24
22 11
21 23
19 36
8 19
21 12
28 11
39 22
13 22
7 14
13 10
9 39
22 27
2 33
17 30
12 28
32 30
12 11
29 26
6 37
22 32
30 39
35 13
6 32
39 29
31 34
23 2
15 8
9 15
28 5
7 5
1 37
15 29
21 16
11 7
33 33
25 17
4 30
11 20
3 24
31 38
20 30
10 8
38 6
31 30
1 3
15 6
31 29
15 17
16 12
19 1
29 29
9 7
34 33
7 13
28 38
14 8
3 18
22 12
18 25
28 22
10 2
8 12
14 13
23 13
21 3
18 9
13 23
14 7
26 27
5 22
17 1
8 40
32 1
37 40
