40
998399525 998385296 997738509 997527183 277347598 996235733 779629270 784763237 614411224 995102044 488547713 966314741 128544398 993561117 992620378 992106704 991786501 991087975 361676574 990591676 990381036 989581996 988120363 988063922 987476903 987096777 986565927 984675436 168682690 983646609 244125074 982749342 981279656 980586879 980047038 979989027 979394056 978797813 978128771 977874181
975320085 975020674 311100992 973781438 973358337 724939454 81718367 969383401 297506853 968000740 966400729 994539114 403765059 252599974 335022443 180827223 964687692 964297474 963777015 963237677 667182901 645531410 962667150 962257434 709355298 960521431 960446473 960390153 960283620 959738902 712393094 958386357 979037230 956765649 956006039 955093564 955064639 955057492 954956644 859062584
954847742 952706004 952629698 952420066 707499040 951559222 950257827 949824434 343727815 508040807 948727383 932103182 557892830 946596204 946218709 944611025 944587675 943601898 789320477 941098838 940246013 940031160 939513613 939510396 938362379 938107533 540668147 839686244 936877229 936399548 979037230 934645742 934529382 933997039 377584143 933378008 303282868 596784153 931807609 931722964
360635669 930605890 612016817 399936195 741350720 928750930 927849466 927474156 344992609 926529669 563479787 360635669 457004559 924567020 683319695 774763556 370018245 923894967 588260876 923728586 923248474 836118345 921043063 618416044 2981322 552615471 84464877 784763237 915211499 914338486 914303675 88520278 912571729 912125658 398007365 910494604 910447269 287611132 910154970 910120063
909848969 908454592 718360256 14607873 352762880 906129789 403765059 904973310 903584678 903248997 645531410 902494038 961357579 902289211 901466686 188640471 898421820 209186135 897956459 774763556 937954375 293083669 897716889 896753336 573126545 896412122 895247534 894633472 462535743 893955180 893917337 893845086 893483233 893245214 645531410 88520278 880780891 891482542 133957844 890117668
889432167 889129115 887959380 971640891 551752273 887142654 755592342 884819881 883964211 696311000 882576884 882467346 404142854 881894683 881079271 505067510 356576319 697823905 957797812 880291912 880158128 879282425 875720937 875410920 873971605 871788050 734750719 871082407 870384159 870040706 870007107 555795753 867395925 110512329 866632035 760900876 865701232 864597525 864232403 863228041
125796450 979037230 862330554 860799708 860339264 859195758 954931273 858141357 857892323 857793028 856834750 856817508 28018345 55805327 855040004 684358381 854460475 17574339 850837123 335022443 774763556 849773688 848397700 846947815 30624208 648919830 223865055 843745185 710305888 843484297 843126315 526693653 543332791 840505276 840408017 840109927 937469971 838291937 561078804 520684023
836710552 942073325 836227357 694954717 836079131 835097657 834806323 20019381 213308349 832676843 832372092 830450319 827934487 706375123 937954375 784763237 827517772 826761912 826396447 559365437 195607096 823830680 823319066 823257653 822875306 798695745 821391278 821348180 228038862 820684701 820209381 784875308 818665460 816810512 816592613 816164255 814477682 813717182 7352030 813141119
961357579 812971778 809277095 808710864 808662033 808546123 808506294 14379524 806452416 806380117 56412205 805351783 361676574 453624486 804855365 228449252 802820885 397786388 552872566 799984138 361676574 799251552 821817051 536334615 798278879 798256866 87784823 797144892 795713171 795317771 795317581 794930362 794419975 790067605 521484028 788930273 788681632 634362072 788458926 961357579
174791700 466915607 787705625 376012661 763863068 288541914 786114745 818693296 979037230 252457332 783893040 782622822 782586690 781954450 361676574 781740984 781665041 780191624 332167878 674406284 779131537 983148348 778585997 115776602 516944731 777686305 777601470 775112310 775009823 88520278 774110809 773400859 773281547 689816071 772498665 771533169 770271039 769968693 957797812 586020375
769306136 768815189 768668365 456986635 768160937 313648033 543454888 536334615 765498335 258637198 764334410 786612187 762750900 115067385 433012660 761508313 854058276 542017865 845814124 760802246 756081381 755826618 616941980 598752208 754939817 804678569 762563849 752382701 740679997 750774424 750159576 749662690 749164237 747854316 745913235 744775718 38773886 743347988 703909449 743011819
742919357 32749744 929158674 734431646 740765620 716309811 854058276 240797382 140247885 739192073 303282868 246962524 739038897 738577612 561759842 868442902 534315360 735844119 735571586 730232001 734467254 741306576 734100537 732201161 127147880 734573650 683413771 727091306 726517135 273385218 249108648 227277695 972767521 462535743 87831235 189797666 273385218 723564630 122087399 722013974
721052871 719954340 719222737 718549259 256184360 751665232 716085391 715420157 713931318 335022443 959636837 843743367 494006343 128526011 709441912 961658138 708319048 951920129 692121028 707058205 827668122 128526011 706247404 706077483 705089200 704967087 704258741 134272315 588260876 764490586 701349221 701230567 700781754 699560792 675145730 703404481 343727815 108444391 880721727 482785651
883776991 277160145 39006651 694805985 693963913 855654427 343727815 692880064 362064311 636746075 436070687 689305924 921777470 686428281 561976641 685585985 854058276 855024172 684305925 924412598 621583386 683262917 682457161 681955585 681665469 80082127 255621091 356576319 678772703 678424666 677874370 677648498 676533722 676065738 675595520 675495273 293905262 395619597 267571748 673439633
673167288 630597168 672602792 672569415 128526011 672494667 672186752 671097662 223819616 669552375 669296266 669250772 668132316 962771497 300511309 253219604 665719256 665644867 619474861 663721292 662579974 660655018 660387706 588260876 659644152 659323877 658968508 367470692 658334323 658305998 625267936 657644642 657569995 656465501 774763556 656454842 536334615 655323130 642637248 360635669
655061314 654787148 653108895 652541593 652366074 650364795 995174690 937954375 457004559 456908892 650451374 649756111 649575495 866508445 648096564 72667146 647013225 646927186 646700611 646379457 645986124 644287201 643633704 159886247 401678618 642351934 641975694 641047131 640126968 639329333 462051767 636948581 691753913 636392420 636336546 635350343 525110057 634562306 28334370 788654291
633526089 632994189 632945223 734750719 766882899 632640896 632108674 631889798 631097869 673073966 314001797 630013213 629076698 628945027 628576614 628220866 627874712 590177386 626288067 38140243 624665807 624495683 622951881 622339233 683288906 525929171 699134633 225759431 617849215 959186583 617179019 929382463 864965256 616781214 303282868 918175534 842386343 616058915 615534535 615196618
615189185 614585959 614575111 995188425 482107056 530126375 613512564 613512002 578410626 929766932 611075137 343067865 610864345 610790035 610062601 609344125 352923768 608671713 496911250 590408000 607808945 480768315 842386343 19762751 65716747 606711851 606569978 606045170 605665947 921777470 604841529 247100684 163643626 361676574 603824535 602964706 602471909 334348567 602068208 601537254
600698944 784763237 81798748 193005305 947802434 596519175 596397815 253173526 595348369 594042518 591786376 591785955 591493223 590849663 957797812 590688062 590506913 608115649 590188250 627590247 271473679 588788323 411379421 588565476 525190138 95179078 585557083 585340962 584875373 259423997 583317338 583015465 581881855 579670010 578658573 144191795 578046708 577696037 230948765 576138161
575856903 609335917 976261286 83673841 574403063 425495216 352555135 896546623 572987945 892250486 921777470 572533225 178786247 128526011 571995487 571665889 569218450 567738065 566680041 566403260 634603932 566129084 466915607 565432540 565073787 564711141 564238261 563960392 563809358 563690204 926092014 368920642 737964287 561670046 561285521 837458272 560762590 559527295 824634027 404777838
774763556 500193871 555928540 128526011 737854243 217612316 188202486 710285669 616144274 552166956 551904591 497512894 296136811 170921241 736878714 548341495 209186135 546945308 546303690 937954375 545779142 384246244 211777222 543919663 190066118 313056970 917751068 840772850 542188468 760932800 658451167 70557603 937603020 539856030 539708333 539309159 538848270 462535743 536830094 77868721
534681944 549081338 532249911 604170163 774763556 531323154 530711545 530525804 530472989 530128587 614127414 784763237 110004977 744413673 841784239 498618746 910528324 361676574 519345944 959186583 837513085 586277874 566348749 524929669 524315140 524176326 219505586 523566562 523265106 522890665 836470954 681032042 837123035 85012383 209186135 518690380 106441680 304384199 516897568 516655423
784763237 996178960 515179191 478412432 514412543 513691079 513388479 235566128 512735044 512651241 588260876 127147880 551752273 306558077 510965513 510282531 396071876 509259448 508670230 508323371 343727815 949247909 507988815 64128017 507057865 385934106 768545516 503096292 639328896 502059751 501887571 28334370 501268484 500498974 907168284 128526011 621562788 498029340 497596349 551452814
497129641 645531410 608601812 496787535 496032403 229606864 722436705 363594700 125863434 492147305 492109377 864965256 491684256 491630849 490837595 489421152 488666834 933383248 488265729 487877236 487521725 485088658 484707983 864965256 979037230 484588197 697813037 482586910 482280228 482196511 614179050 482016356 481803371 441251787 480976720 480920492 607692277 312520305 479922154 479495448
979037230 392404824 127147880 478643896 478560310 478487292 515154451 477509804 66842135 476379492 475654370 339720431 473842627 473825572 473156416 472991764 472642918 864965256 470993169 650364795 470919723 128526011 470005612 465894561 465018317 462520799 394507278 457004559 460995487 459176361 458965639 458383015 457004559 801601344 458335043 458237206 572820960 61126663 456404290 455361262
88520278 455198309 455072673 454351298 360635669 645531410 321764324 805065876 453527122 453372633 452718579 452252500 452162605 855093801 451223379 317420687 450367469 449165261 446997237 446066010 73373126 445124211 28334370 444554807 443991740 784763237 413843674 29948474 442720918 442056699 441367213 481098948 441018455 15985635 440573833 440182436 440146113 439431505 439400771 438692807
438230993 772766635 64170151 434432304 434197269 762101849 431567227 429034994 428762783 428315723 427977359 427708929 425771519 425616323 573260787 425309417 424038950 423715227 422303627 206996721 421699580 106556411 910528324 420343166 420136712 418775380 418683839 417315676 417225560 506682409 693698087 414101671 413479175 413351753 413245714 413081174 412892557 412559712 412236449 412042644
411486541 407902518 211566916 410392717 864965256 410374111 409518732 937954375 409157239 409126682 409003517 408075468 588260876 411379533 407837703 407529222 407289804 407068824 406929270 406414511 946713443 404764759 2172651 403605006 102169287 655277286 356576319 401139880 400703176 887109481 154509090 399409779 399344983 399100216 398737553 192050923 488865732 398494436 911957042 802631828
397783911 285915372 397006483 396872805 58441598 509545358 396045981 395679312 699553290 395556618 395266827 394705598 864965256 502983126 392989253 478698767 391893147 391747846 391597413 88150522 391498212 390600996 389638839 270549854 387327426 386726590 386218283 417160840 385799949 384517786 574488568 384196298 384076984 383710852 383258562 381866043 669611800 178786247 376831240 376657785
376082761 786899796 374488540 374337499 373408454 373041322 373013928 924118171 369970282 369917590 369749456 369464474 685673982 335022443 368743345 541176690 367346572 403765059 367343241 864965256 367057791 365624658 365147425 364980803 364799331 364489570 127357709 493914253 554191933 853317242 109924355 314001797 293083669 360261391 360014232 358551906 356913695 356568428 356472732 353484740
355730527 355285478 355817658 104700613 906244251 573243151 351858171 235769621 995174690 351292158 351212715 351193036 351112400 350285703 350033344 468996680 348909580 769933298 734750719 348002593 346745876 346033433 57507598 216877103 344710029 207211629 610963192 342251724 480293112 474935521 339394338 338672607 338545031 338112667 337935919 335699604 335220266 333558553 779663896 331775233
331760209 331304737 329211895 329157867 328884619 328595125 328568415 325790138 325386582 325265005 323800095 322463067 453986132 318277620 450729238 316342928 316328690 316242223 315358494 313994106 121379945 488865732 543411124 341139922 128526011 312391337 217828064 974942922 310087080 308267135 531638281 306818831 220095682 917751068 917751068 296108954 778462035 801601344 207186284 304101310
301997452 300971615 300653433 666781542 300502441 300384664 300078991 298856397 298697791 488865732 297864515 297768807 297669564 462535743 753314858 297267948 131585734 550473224 260006202 191307998 294193946 645531410 675392349 293339071 292488776 291722171 291319477 291208374 289703816 289613655 289557649 786242801 288207105 287818065 910201831 286828798 286809121 286413341 882299633 285955890
285944845 285435675 284790761 284782754 283412375 278667629 278592079 277960885 997243404 695956529 276952477 275567410 274733458 274646929 144126140 488865732 273958169 864965256 273822370 995174690 271079715 387582306 984059321 269946317 268034393 466915607 515537698 267250988 265540195 265431529 264866379 264179006 263560689 263195804 303282868 261050149 260280533 305117921 584725016 259321709
259237333 258998873 258980800 258769593 258648032 665020000 256932587 256689703 23506316 256216168 209186135 556494260 680223593 255406184 255329525 255125851 127147880 255119267 555713570 254877710 927450149 595540639 252748729 965421335 784364890 252229267 252122241 249917315 249654982 249132374 937954375 726092199 293083669 604601516 178786247 739119692 216119148 242816912 242716757 241304115
241157660 523921988 240484185 240063834 240050419 468996680 774763556 239536890 239326837 239069946 979037230 238559666 238090974 236593469 351803051 513204007 234865260 234668761 334348567 233888340 233373483 232144113 683413771 231236410 577271946 518525893 230277114 230032822 495157444 754831856 820876339 227578936 362399826 226267063 225976622 920087026 225204380 224986691 224207603 845231152
995072159 223139868 222822827 162252578 221101880 220897984 220612411 220525191 512401272 740576248 219126362 96090624 311742272 724967089 666050959 216268925 778979947 215817984 356576319 214559526 778504695 995174690 213672975 833421489 212122209 544544914 22163922 211262324 864965256 210627786 208755404 208644106 344466089 304281032 421743733 205824093 201549839 200731826 200325988 199010663
198215192 197406028 802313503 824177792 466915607 193995062 193985186 193827929 784763237 784763237 192550926 755216898 192185206 192134776 398597782 192007465 191786325 191696841 191333474 294936056 191250409 632682541 724498634 899010900 553359748 186888988 186783910 185214317 185069172 184639789 184490354 183975940 183148932 182842344 182753799 181527402 181476085 181173289 964998417 179366499
179104284 177950849 177746423 536334615 468996680 177586873 145619476 173593458 173259563 173082447 549840199 170184599 169106971 285915372 270199918 698565206 167040566 307418861 162800181 221811396 161352385 643360793 159711831 159291690 158671700 158100340 158036864 256223255 157552080 157268753 157020462 155495947 399742726 361676574 153826042 153807846 152711974 152450756 150323048 178786247
150151168 149746436 148834329 146908551 21984804 145073763 144638431 612085685 274229056 143906097 142907312 142621249 141799512 141366416 140671694 140483172 140369534 740382130 140046637 138617456 293083669 137467222 136894077 743211954 890190646 132862964 53892721 132048066 296961680 787841945 129014470 128650195 993809388 127549355 127465334 363961577 127188791 126415171 126292630 488865732
1181
1 14
16 14
5 19
36 32
37 38
4 34
11 16
4 29
6 35
24 29
15 18
39 32
32 38
18 4
1 23
14 37
36 25
3 36
39 33
32 2
2 3
13 5
26 31
10 27
23 26
38 31
32 9
16 29
27 27
23 37
25 16
25 3
10 2
33 29
38 30
2 33
14 32
39 32
34 2
14 23
19 4
23 23
32 19
9 26
11 4
37 13
13 29
36 36
11 20
11 37
32 17
7 35
40 1
10 39
32 12
11 35
2 9
24 19
26 27
7 30
6 21
18 28
40 22
26 3
10 6
18 30
18 19
11 9
36 1
17 32
4 30
18 22
29 4
23 35
6 5
35 18
3 26
32 19
28 18
23 30
31 26
24 32
29 33
4 10
28 27
5 10
20 8
13 38
4 14
8 32
2 34
14 24
29 11
2 7
14 25
17 9
37 23
22 10
5 20
1 27
21 24
8 33
32 27
2 18
17 4
22 11
5 31
34 32
35 10
38 19
30 11
34 5
12 34
12 18
1 33
4 15
31 35
2 23
13 27
34 19
39 36
24 6
1 24
24 3
10 18
34 5
16 11
12 30
25 40
28 35
8 6
24 29
22 34
34 33
5 13
33 15
15 18
39 1
6 33
19 6
15 1
6 13
17 18
7 4
32 27
28 39
6 27
33 13
4 32
17 28
1 21
7 24
27 29
16 24
10 26
10 1
15 10
36 2
24 5
32 27
10 16
19 31
1 26
27 39
25 14
6 16
20 14
12 13
38 23
29 34
27 13
32 38
12 7
23 22
22 36
35 16
25 37
14 22
32 16
38 30
2 14
11 25
6 6
4 18
35 2
1 33
9 20
20 32
15 14
16 7
12 21
3 32
37 16
19 9
13 3
23 36
30 16
3 14
4 8
3 36
19 11
19 5
35 38
12 20
40 27
19 32
39 24
36 9
3 13
32 39
40 13
36 6
16 30
20 17
17 32
35 29
16 25
23 8
15 36
31 8
22 4
33 5
27 3
37 3
24 6
21 29
29 4
13 3
22 16
14 24
26 33
10 28
20 25
20 33
37 26
33 33
14 2
6 7
3 23
1 3
22 5
29 3
30 39
17 25
11 39
17 19
40 2
36 7
31 10
33 23
34 18
37 10
26 39
40 32
18 3
15 38
25 28
12 24
6 34
31 11
39 32
16 4
22 17
1 37
21 8
4 4
36 2
22 1
16 4
37 25
27 30
30 22
23 36
38 4
38 16
4 31
1 35
25 39
28 12
6 4
38 27
1 25
14 11
32 8
20 9
34 18
30 24
36 26
9 36
2 25
20 13
2 14
10 32
25 30
22 35
37 13
26 40
28 9
19 31
14 32
18 9
23 7
4 11
2 4
7 9
24 20
28 29
35 36
14 36
38 17
27 14
21 15
13 40
7 6
2 34
30 23
8 22
32 20
28 15
3 18
2 22
24 38
37 14
5 14
37 5
11 22
2 21
2 18
34 32
31 25
4 16
23 4
37 9
33 21
7 39
19 17
35 28
34 4
26 34
2 1
13 7
1 35
35 4
21 40
24 24
40 34
28 35
5 35
35 8
24 16
18 37
12 16
15 39
7 10
37 1
8 9
19 26
7 28
33 10
4 39
20 5
38 15
20 5
32 6
27 29
15 26
13 1
30 17
28 6
34 26
6 24
15 39
18 21
24 30
38 21
35 5
23 33
28 33
13 37
6 15
29 19
26 35
3 7
18 28
30 2
4 9
28 16
18 28
24 17
34 13
25 38
24 21
35 13
18 16
27 28
23 3
7 25
4 14
4 35
19 1
1 11
1 6
20 4
16 14
19 40
3 4
31 40
14 8
28 38
9 9
36 40
24 18
26 32
20 28
4 8
7 8
13 19
14 23
16 33
11 6
36 7
4 18
18 13
38 22
24 15
14 39
26 35
16 30
23 33
22 28
30 39
32 20
38 28
10 21
11 8
28 30
31 33
30 37
24 29
25 20
33 11
14 23
28 21
30 6
33 39
35 27
2 19
35 27
28 14
1 38
20 13
3 23
30 7
27 32
40 3
36 12
13 30
21 2
27 39
36 26
33 39
20 36
22 15
22 35
25 15
31 30
19 18
23 12
20 24
22 10
23 34
33 38
13 6
10 6
26 15
1 23
27 27
34 24
10 32
19 39
7 23
37 29
14 10
15 30
1 7
29 11
18 13
16 2
10 29
26 38
26 14
30 27
32 28
12 2
33 33
37 36
35 6
12 29
40 7
24 6
3 7
3 20
31 34
19 12
27 34
40 11
13 33
5 4
31 30
10 25
22 9
15 8
14 39
39 35
39 24
13 21
23 39
26 20
9 29
40 37
12 9
11 16
35 20
24 33
2 31
4 5
8 2
33 15
14 10
18 22
1 9
24 8
5 25
18 10
4 39
11 34
3 40
40 40
39 14
2 36
35 32
21 25
40 36
40 30
28 32
16 33
19 31
19 12
22 19
38 13
8 34
39 31
9 13
18 12
22 25
38 20
1 36
16 40
22 17
37 35
15 32
28 35
25 40
19 32
24 9
17 25
8 34
33 20
11 28
1 36
12 16
36 18
10 2
16 35
38 29
40 30
7 40
29 34
17 36
17 9
1 39
15 3
33 14
9 37
16 36
26 37
32 30
1 20
6 16
35 22
23 4
34 20
40 20
19 21
19 22
2 9
21 31
23 36
35 39
28 32
15 17
1 9
27 8
21 20
13 18
25 26
27 14
3 26
2 8
35 40
38 34
22 13
29 33
34 19
35 40
35 14
40 16
23 11
15 28
33 34
9 33
13 16
36 19
5 10
11 16
11 26
16 7
9 14
1 36
2 18
13 24
35 14
30 20
6 37
21 4
29 29
1 18
8 16
16 38
16 24
40 14
23 16
40 17
7 37
5 15
38 20
10 29
27 6
13 12
8 35
34 1
38 4
37 14
9 20
30 15
36 20
29 31
35 15
34 19
19 30
22 14
27 28
14 4
16 2
12 9
5 33
7 15
33 21
6 40
19 35
6 30
38 38
30 40
29 35
26 12
1 10
11 32
13 23
26 1
36 24
33 7
6 36
23 3
14 26
33 27
29 23
11 10
12 12
13 28
21 3
32 5
7 9
17 11
5 28
19 2
6 17
2 39
30 12
28 20
8 37
23 8
2 26
31 33
16 32
12 1
31 29
23 21
16 15
34 34
1 1
28 24
40 11
2 21
20 30
29 36
9 15
37 13
27 20
37 2
16 27
37 19
28 22
12 38
23 16
6 28
7 14
5 26
11 40
23 12
36 19
7 40
17 2
2 8
11 38
1 20
40 33
34 30
9 30
26 34
8 32
4 5
28 23
9 3
26 8
12 23
32 37
21 7
10 38
6 3
21 29
23 31
19 9
30 35
9 17
5 39
37 4
8 20
19 17
12 3
36 8
28 10
3 12
40 26
14 34
30 33
2 38
38 17
5 6
35 32
16 31
30 39
33 1
20 11
16 19
38 26
13 8
39 11
36 39
25 23
18 26
13 17
22 21
36 18
1 34
16 28
32 26
5 11
10 35
3 39
15 21
15 27
20 30
14 40
4 20
4 19
4 37
37 33
17 25
10 37
26 33
18 4
24 32
13 14
27 18
21 2
30 12
27 38
37 19
36 25
40 14
8 1
39 6
20 8
23 27
22 8
2 37
40 12
19 27
7 23
37 28
30 10
24 35
14 14
38 8
36 31
8 11
12 20
36 39
24 22
4 19
30 26
30 21
9 32
34 32
26 19
32 22
11 40
18 37
12 15
34 20
1 40
4 26
32 25
2 6
13 18
15 34
40 37
39 9
15 20
19 25
11 18
22 20
13 22
1 18
22 20
12 23
10 24
37 29
40 13
30 13
14 30
3 9
5 36
37 21
25 19
28 38
15 1
33 3
17 33
20 28
40 36
6 14
34 9
30 20
40 24
13 19
37 21
23 34
31 34
28 34
1 13
40 13
11 5
38 6
2 10
28 5
37 36
25 31
18 23
27 35
34 23
39 37
19 29
14 30
21 39
33 18
1 17
1 17
9 29
35 6
4 26
30 6
23 15
26 5
37 4
33 5
33 27
31 27
11 30
14 13
2 34
24 33
37 38
14 28
26 6
9 6
39 1
6 39
39 22
34 24
5 17
30 9
8 29
16 26
21 13
11 2
36 31
25 7
29 39
20 15
28 11
25 24
13 32
26 5
40 23
31 16
13 8
10 6
38 1
33 8
12 25
22 15
5 4
6 39
11 28
20 2
39 18
2 38
22 27
28 5
32 39
14 10
32 2
20 29
14 36
5 22
39 21
40 39
31 39
6 13
20 22
39 27
24 23
39 8
8 20
4 22
21 37
37 7
12 16
37 34
5 30
36 28
4 31
30 5
10 9
16 16
31 18
39 17
2 30
10 20
38 31
33 6
2 8
39 16
24 14
7 21
1 24
2 29
16 18
20 22
36 18
5 5
28 11
5 30
33 2
29 40
27 33
31 15
11 33
9 2
38 18
39 12
4 37
2 5
14 26
27 24
15 40
20 26
18 40
6 6
19 15
34 36
24 27
10 11
17 13
11 32
11 3
24 13
39 2
25 14
17 23
39 4
39 39
28 39
9 22
15 40
9 11
8 17
35 34
4 23
29 1
4 6
38 28
11 20
38 19
34 34
27 37
8 27
4 2
34 11
11 11
17 12
6 5
7 40
6 26
19 23
26 33
28 25
24 16
35 28
30 33
40 34
37 15
21 21
16 2
15 10
10 19
27 24
22 1
33 19
10 3
23 27
21 26
12 40
7 36
3 36
26 10
30 31
37 14
1 14
27 5
27 7
8 40
25 30
40 36
27 29
22 5
16 24
7 31
32 7
19 16
38 5
25 8
38 31
9 26
19 15
3 3
6 28
28 8
9 36
31 38
30 7
7 21
23 32
36 6
27 36
3 27
29 31
37 8
34 18
18 18
9 13
8 27
19 19
8 34
38 31
38 39
1 21
20 10
27 27
4 20
27 15
10 3
28 38
34 8
7 24
37 12
5 18
32 38
2 12
37 34
21 38
4 32
31 35
31 32
11 28
37 8
38 26
30 16
24 22
28 21
25 1
26 7
4 11
5 12
22 13
12 28
32 28
20 37
5 21
32 23
17 15
35 39
2 1
19 4
6 39
19 7
29 5
10 6
11 26
16 13
28 11
1 22
35 39
34 19
10 2
34 15
14 17
6 7
38 15
18 15
31 3
26 17
22 4
38 38
18 1
26 4
22 22
10 9
25 6
32 35
32 37
7 20
8 6
9 11
1 13
5 27
3 31
40 31
6 35
28 39
