40
85544680 103209930 428039834 999067484 998845976 997700190 980209888 670888253 994303910 480817703 600439217 877884530 991552375 991379930 990913802 471734079 989755716 100683124 988036962 178308837 986817030 789954653 410942951 986093219 986065003 985623670 985108785 984343352 984311419 983902971 88853457 199619888 982275561 980954050 885869764 413166701 976827370 592884630 976093217 974157058
973772483 973688620 973105941 973080903 971943864 971470359 971288444 935880917 970211153 970142920 60391174 969256647 943211856 969180103 969053137 364597154 396319805 238063089 966835470 832413304 965071155 964732895 945161827 876064596 964564449 658050566 963368114 962793957 410617693 962541450 962488518 871072050 961493014 960724361 842249177 421833618 958569666 635882355 958159414 96536283
956426337 711965255 955288724 954923550 471734079 526023773 37438374 41874002 953189437 953076937 952042036 950932668 279906726 949618817 982488405 948643892 948594320 947759998 947300756 947204362 946382037 276187483 277458344 716438780 943809184 943398123 938855031 940145854 942231547 253965966 833794932 938464134 877440541 205897115 628946632 203706927 528937589 936003188 970859438 935801924
935714586 935427989 935423367 934637385 934174950 234695563 640762758 931578459 931330424 930883115 798374147 929506457 928118575 786607223 926285661 113464188 988125129 925205291 193603961 184784640 203706927 135765560 923295278 453493108 459507509 523950047 919679463 602879877 920655327 920239774 793285974 207558831 919086570 918544669 917568882 916228479 916052390 381777158 915286741 915070923
914846587 694022317 912817826 912258121 911835171 911319796 911239384 911157416 910252985 612997579 909409212 909320448 281490171 909068530 582198699 333178920 880566586 906369765 905597695 628946632 905067448 789954653 904108942 103134743 901441995 901187091 900054367 899891925 936719736 897153219 473696658 895926591 809844866 811370164 894065371 891115562 889033519 888793204 686004367 623215962
886159153 997598678 885610097 885458285 884413848 883300510 883239058 882616958 933861398 882149811 857385390 881925185 477576598 321008885 880606987 690139671 214019079 880153501 869649657 879180482 878064654 877866955 877801543 329528445 877423793 849671611 876584383 874802497 872672433 598676027 321885920 828931624 872277167 391301346 961615380 870436861 73049092 866972732 155374034 866473041
689066835 583431877 50947646 864128619 210174933 863699480 863087883 863009739 862018019 861116913 860811144 860336704 860259591 859284036 857780004 857440155 882146071 857286551 855760820 853905093 519534639 853183524 850717748 220958847 850114439 850092810 876916008 613609286 116261532 849137152 849035768 783325067 848017745 847591491 471734079 364414064 846883270 846877050 158569018 844131233
844060800 843338378 281490171 686004367 441498504 842358890 299878731 841536058 841278507 841051815 838861673 809402167 836084581 835803845 203706927 834867936 834711132 938547054 833516779 491684342 832988812 683876515 955663084 937083788 832261917 2240122 830901251 471734079 748705524 829318778 872480594 96990133 828718027 211898638 828100318 193603961 426813761 826947008 826760010 825819544
825221577 824863964 229094206 823688445 823522178 388515310 821737965 247448644 819741421 616774389 818651733 431633120 816261680 48414319 813559956 813452528 686004367 813442415 813367782 519534639 719060683 954211978 148222565 894145590 811369895 811252359 461295939 810880264 894490595 756546329 177057238 120435066 806952398 193603961 519534639 806452614 805332174 804954833 802787949 802292066
801354056 801267773 800956709 251690248 799993650 799924828 799870128 291341102 799689373 799478871 871413354 798550716 79293065 797206375 796944047 933861398 796621334 645102426 157639292 796041124 876064596 796003284 795401547 416048804 504291923 793933988 927216181 603158350 793588756 919835260 792996853 792350018 791485161 59808354 789918043 789150257 788767308 78246520 876064596 787904281
787687864 339766736 786681192 793823409 786328950 785376212 785205420 785007573 784254354 784168323 782833830 183004757 782035922 780567292 369701150 778813274 778752967 778076099 777917678 777783026 777708681 777095876 774780248 774481644 770869110 770423749 769628657 769381247 34633311 769299174 769161551 768969154 16501248 768311719 766675553 918489911 765530032 207933177 764679418 291341102
764245092 762873717 762326005 16367837 762121748 761922835 761100809 95112391 759111428 758610881 758477690 757475588 221051803 95878003 243860806 755895634 755326362 720745479 953520051 754030137 783325067 755022442 752649430 751729124 94039144 750920005 750063520 33268797 204697740 749170843 379194198 829440676 748536485 590353810 745956038 203706927 745805515 745238370 744369248 742520929
690330314 741369788 741340485 741203116 991775148 740903997 740459470 740120235 739205903 287246678 738329590 738156551 737543115 736765309 736600261 735695657 913114624 733759347 732988815 732669031 922220695 732511400 730633976 531700196 861939563 408315206 729321521 729194367 457242708 729007299 728029489 727788736 725361173 723839418 722905212 722214815 721829027 721013765 934273640 268117793
370945120 719893084 719480717 719417858 813178997 718398753 717067655 943841159 789954653 715860453 715274368 938841444 34633311 714685345 535679272 77482204 832467263 711771443 711365879 191414634 709274791 707740211 930291668 915584297 30440170 702016406 253413419 699310563 103209930 697664089 697583845 696331741 960722583 136621245 694558105 557330809 131901370 693615197 693457908 692462869
692369257 691188035 690666491 690470578 742241643 689713179 381329977 689028850 623190229 688823932 455824769 685640052 685159563 684503062 684403182 957648874 681332029 178248889 680947671 113464188 629037288 678936945 678771228 677927642 677544328 677405888 676434076 519534639 675815417 675704658 675157615 673931305 673775079 673289542 400850617 671473520 671452066 32554221 21232061 646990153
670342713 669500675 665493080 1154095 33268797 144078288 755724466 663920491 663445138 635882355 663309326 662968292 662655270 486949200 567326653 658921077 489368043 656704471 655584989 199537768 367689139 654390527 653623129 783325067 653182937 740948891 85234625 647969872 647874164 647802294 670681352 644863985 644430987 211900890 644270439 315405062 643798971 641965946 641326328 640805558
159052813 640094508 569079310 638705731 623428893 229620849 125339021 633324945 632837018 291341102 876064596 186963125 299097192 630412987 630176285 629569381 185959398 629002149 628940369 628281717 755724466 314276654 861939563 951261445 626892928 19587786 338483717 623594589 623555567 638618825 281490171 623224177 887765325 688942261 623181467 622994456 622681066 622443678 621860041 620771830
620532465 619713909 619642469 619626102 480173414 618546196 618175144 616803384 819288439 493281212 475792155 615139787 614728914 613073259 673041277 611881155 40608051 636929229 471734079 607983838 607468141 607334894 607228241 606228065 605755407 605523645 967586175 793746447 921072169 601752748 601460812 652877212 599519366 599477300 598910650 675763260 872592815 598404769 598051288 49690553
597227185 595785237 595762801 595743314 595676554 595596971 183004757 594681410 594614166 594610134 594606521 594204593 593925288 189657107 593355635 976628604 592409766 506169218 746792894 588855621 588707568 588384698 587719217 586809250 585675808 584106145 525423440 335155014 583988339 32443034 184784640 582482614 112843889 908217260 581564562 579750736 247448644 579174008 579106174 576559748
387261804 574593901 573191445 571840151 571639858 413898683 233081824 639587453 568037203 567535333 567350029 659095825 566850341 566091320 565888024 268168518 563479005 560730333 559742045 559651233 83165899 7295485 783325067 557015808 123806168 555457758 456574744 551349097 747663146 549086899 548118453 548002505 545862155 545254214 545232663 183004757 645102426 542666367 542589857 541627122
540054934 539953162 113464188 539201408 539129602 631703194 538996273 538778395 536085033 535744305 535734324 712965159 535379518 535080189 534871779 194376104 143806473 534087491 533898227 533828559 281490171 747663146 533547708 533186399 532489273 532427424 532325785 532241616 531874140 531854415 347154279 747663146 530784248 530382024 645102426 897360769 300947878 528110852 329645738 527570400
203706927 527448776 922220695 527303365 357395754 526715517 954730197 526014823 432967030 394347321 525399081 921426652 523312383 523060542 521720421 521572834 521438941 89396218 518935232 517993859 517672143 901517983 515954819 515701278 514314338 514236566 513250914 704765211 690139671 511603461 375991341 510720437 510699267 510400714 510066846 509981612 509753956 994435807 511494621 509303920
509297747 508960930 508690476 279906726 258309178 799325638 506951462 169170801 107501250 505604566 505500139 505312790 749333006 504507552 794228522 503405077 503061811 502475277 203706927 291341102 501813639 65168838 499313847 498868104 498076573 497507131 497466716 496628511 173776857 494804409 938784516 493630652 690139671 380762527 833237679 491403608 490937461 964525606 109901299 486669860
485563720 484083549 483092309 482878639 482419205 481634978 481260125 481191936 992578499 810953262 479380027 479093992 478437463 745542018 478177196 477984351 135954293 477561160 477068713 127121768 625540170 475686936 95878003 474253179 473787498 896942561 473155398 454103075 472772899 471205653 470751427 470745270 470466700 470368154 470257855 469881358 469512346 467933436 467751212 466906447
466481963 463571577 463405616 462425693 619355563 460999657 459714931 844747183 458921848 458349999 457269177 32124244 456899965 62340222 455845433 291341102 65577350 943211856 454854107 472817587 922857696 453160995 451784077 450906330 449688906 449592693 449342418 449101297 448411962 446154252 445926868 330998000 443808648 443208558 7295485 100017719 843205433 441202610 440350604 440150848
439569075 439423832 438179652 12171837 433330972 525559363 817510003 431282067 228634221 5074037 77746617 428655292 999116554 427292764 499930474 426530440 426126113 425354925 425317807 424897940 423167248 423047342 534751323 421037578 289980715 418967861 690139671 418956362 416891673 416397747 908114328 415978180 415974013 415489127 226896113 570876542 413844597 544733114 413420428 986145887
978661847 410682939 881820503 409931149 408410170 730518361 59808354 406378984 471734079 405172173 403471953 686004367 74137218 401165831 910024006 400447399 398257371 397375307 850740362 396850232 396355376 968482557 395578271 395122540 584097784 163103581 392739988 83179085 391370135 507352734 390071846 300881673 823455548 388303578 388076352 387710013 575375216 387028933 386876742 386754028
386290109 385186870 384971019 383317437 383024701 382218973 381976258 705470344 865188518 380927271 615971982 380318973 749099450 378788037 378554908 378493041 377953507 193219240 376494644 376134279 509494543 832644400 374299139 372320451 372150743 371169994 720029027 370917098 370167998 327889613 260222805 654680870 367339731 366269042 364650549 361464038 847010632 363915388 95878003 279906726
850221659 362484942 361618152 603306994 360471673 918489911 360157845 360098449 359605447 359261762 357540526 527194512 356155889 355866179 353406437 353403812 352679378 812571548 349520369 517270506 348100258 347659379 347295040 730529373 347056277 346508749 345764835 59808354 345756397 345171042 344468619 344009894 184784640 343490574 861939563 342588912 342202543 341195763 104768253 787067688
339522854 339303177 338639300 624300824 336011182 584073337 850740362 333682636 333570003 333384539 794702886 331860064 877884530 153523710 330134754 330130955 330045152 329817534 631378031 966191355 328959100 35694210 325757674 325482592 325198567 323833462 322736649 872538035 321429255 665184813 321115837 321023846 506171665 43234886 233660447 675763260 224354022 315108906 314748147 314684183
113464188 314615581 627183775 314265996 495458385 675763260 309578552 308194387 307099336 305079501 303043377 943211856 528379822 389873265 25072382 299497755 299482826 527761966 223040393 297857618 297722378 295944075 295368655 293246927 292629066 292368216 420334918 289412644 288056352 738767024 287066543 285806338 285650942 285396466 285316088 203706927 283147946 15654845 281378493 280992627
944031738 226628495 273175139 938841444 272729241 271273579 270352212 269765568 476108319 269426878 565303368 753478855 267522472 267374003 267343220 938841444 266605724 264972197 264195769 262664274 762968370 146649454 261633254 261011851 261004403 260828081 260418963 260335930 55436059 789954653 60715010 260004225 508498222 257419152 257291547 256889873 255369331 255084924 254477386 254461405
254402433 494048759 226347195 252676262 800511270 251497142 250406438 249280355 247286476 246719585 246125415 245617497 245393629 794695894 245032637 244744999 244350315 244347326 244059508 836774273 38840321 243065562 242115002 921114836 30074439 945161827 238441626 968734024 237884309 951261445 237790571 237047748 236189659 235438878 932498285 234047290 241862688 315631136 570604986 230252513
232656357 103209930 231473516 231337712 232963628 637456478 823705884 77358728 228692643 247448644 228642584 430945636 228411457 227094314 415308058 945948740 700200892 225079859 224906583 644056014 223706457 205897115 223301447 223169965 233969539 221956433 221834553 757383222 987494776 220144370 220058944 219954891 219181035 218563164 218141856 124565186 216933088 794695894 216064369 215109344
214196357 906451268 644282946 828127954 211236620 210951567 210583252 863855751 210149681 877884530 209470771 208601531 208494478 207937122 983368954 207858729 149615877 207239553 861939563 207022467 205683916 504618075 204582789 203404150 202069998 202031439 918489911 201543591 200971541 199905652 948881793 34633311 654749235 198949314 83903225 198342306 197847428 195929931 195824017 194814698
194454002 165004587 194225912 151386028 193126891 191822363 191634340 191490855 711145105 190742937 189929939 593426207 188847994 188669960 539082720 186592244 186542631 186189566 186098611 680780481 184985812 184363275 182788847 182171895 180767754 180292820 7295485 56658817 686004367 178947941 3021217 681268734 177764807 808616755 51376718 176942125 176777819 608124679 312541595 173044915
962702390 171614829 96990133 193603961 170037268 169891295 401637854 880805453 168972774 167982933 166919952 166731582 166428704 166361058 78920471 164786439 164679401 164581290 7295485 164554446 163480906 393795565 14008602 161543240 161126219 430279557 640108096 158702784 921710287 796448966 866828761 154484157 153795538 597462782 153441091 471734079 152774641 152584487 151461701 376996293
151369781 150428972 298127441 149523391 149013934 148551660 590969013 148099706 147641538 534120782 261701429 146500352 145260183 145247261 144856198 144428688 664324955 146802337 143108467 143008677 759997421 832057883 140181527 139996703 139139104 675763260 137540689 137412510 695769223 171821018 925094607 134809305 134679373 133570083 133496381 132639137 733865149 131543338 130303238 128440805
128274914 269481874 126964052 125897548 175845569 125101944 124840892 97491625 555780361 951261445 121110774 807060005 120369700 44587983 117261395 117057215 849626099 115614722 115196341 114341970 114325782 113894893 113667027 113354696 112539878 112320544 110879898 110449398 110421481 662090946 99252925 108582774 108205987 812362943 106744424 340673002 104288330 104211274 103439258 63762797
103113431 103001978 102475816 102269929 101940489 926001023 100343189 441851883 109035522 217388828 96758041 96561514 77023166 142987015 751451077 93960907 93797837 92978265 91457822 91345763 471734079 91022947 90111653 764839339 87894678 87710837 86951722 193603961 86784473 85928524 85546946 999860310 652315820 690139671 373698671 84622500 198793906 392225929 877884530 694053622
1116
10 15
24 39
5 14
38 4
20 5
23 17
8 6
6 23
26 13
20 39
6 13
10 5
15 7
30 34
17 30
14 16
36 31
35 2
23 4
7 16
36 40
8 29
13 30
9 3
1 35
11 30
8 4
30 39
32 31
34 12
31 34
8 26
12 36
40 12
17 25
22 28
19 29
28 17
4 11
27 7
38 35
6 31
26 17
25 29
33 14
6 24
32 24
33 21
5 1
35 29
21 9
31 16
27 30
31 38
5 16
16 11
7 30
22 8
29 7
36 37
9 25
17 6
39 20
14 35
10 22
31 18
2 3
4 39
7 32
1 39
17 26
9 33
27 39
2 6
36 18
6 25
12 16
15 2
26 14
29 28
21 22
32 31
6 8
28 14
34 18
35 38
37 2
36 25
39 23
37 38
10 10
9 21
4 17
15 3
7 24
35 21
18 8
19 6
23 30
20 21
23 34
8 16
34 33
19 15
13 29
15 26
29 17
6 29
16 29
38 5
27 34
35 27
36 9
37 29
6 35
33 31
12 4
19 32
39 10
3 22
5 31
35 39
20 2
21 19
39 40
27 28
21 24
8 33
13 6
2 11
12 1
7 8
10 16
26 1
6 5
14 37
8 19
10 39
10 39
26 37
27 2
29 10
37 19
6 3
34 25
1 13
3 10
34 19
33 28
17 34
33 8
1 32
10 18
18 36
34 29
29 2
4 11
28 40
3 28
25 29
38 26
30 18
7 18
27 4
9 23
15 20
31 24
28 1
20 35
38 15
11 24
30 26
23 37
16 34
10 19
35 16
17 38
26 24
22 38
27 17
20 13
7 2
27 29
7 26
33 24
28 33
22 31
28 30
21 32
19 39
3 28
9 25
26 38
11 30
3 32
5 11
22 12
4 16
1 25
2 37
3 15
40 26
13 8
16 19
2 3
4 8
13 6
24 5
21 30
13 36
28 9
13 27
3 22
13 19
8 12
3 34
21 23
10 8
4 34
36 11
27 22
36 24
5 11
13 5
33 24
5 19
14 40
7 38
3 12
38 5
27 7
39 10
19 9
26 25
22 8
27 19
30 22
16 3
35 35
36 2
19 35
22 40
12 23
30 21
17 36
30 3
23 24
18 14
19 23
30 11
23 27
25 36
21 28
33 38
39 13
6 34
8 1
31 4
26 37
13 7
12 19
23 10
38 29
21 9
6 31
17 27
40 34
26 11
19 32
14 33
38 27
3 11
2 22
33 39
14 29
39 3
1 18
6 35
26 33
37 35
36 31
40 31
38 11
2 14
20 22
6 18
28 39
3 33
9 8
34 18
8 36
12 18
8 6
1 34
26 28
26 37
20 26
14 16
29 2
24 1
16 22
11 18
25 32
36 1
2 40
30 3
17 38
5 5
4 36
3 16
3 35
32 30
22 23
26 4
13 20
39 2
7 34
30 25
6 10
32 19
33 14
5 25
28 18
21 18
7 39
35 30
20 13
23 11
5 14
36 2
23 11
5 25
39 25
30 20
17 14
11 21
40 24
16 12
35 9
2 37
22 16
17 4
17 3
14 28
28 13
35 12
8 39
6 32
39 27
9 6
20 17
22 16
7 34
7 27
2 36
34 31
33 8
21 37
16 34
26 14
13 27
7 30
7 9
14 25
19 18
24 36
10 17
4 9
12 24
21 11
31 18
33 39
31 29
36 25
31 21
12 7
3 25
6 37
26 35
7 6
9 31
16 14
4 17
22 3
26 6
33 29
15 36
39 14
8 39
5 7
1 33
12 6
31 38
12 10
14 25
22 22
29 19
22 40
18 13
11 11
24 12
20 3
20 33
19 28
27 16
15 39
25 19
14 2
26 17
40 34
19 19
34 16
38 2
25 32
2 20
22 37
20 18
11 18
29 40
25 37
13 2
5 15
21 27
25 13
1 28
29 22
2 13
17 37
3 6
21 16
12 13
39 28
35 33
13 22
40 31
23 37
2 30
11 4
13 8
3 11
21 31
23 10
18 29
9 31
38 2
32 21
18 12
36 28
4 38
12 34
18 12
18 14
37 27
20 36
12 38
11 37
24 29
4 30
2 29
35 27
12 38
35 27
4 31
32 39
2 19
5 25
24 34
33 3
6 26
23 8
28 30
5 16
24 40
28 36
7 18
30 20
17 28
16 35
32 38
39 10
8 26
3 15
34 28
11 17
35 18
14 6
38 22
36 20
22 32
13 25
1 31
38 14
40 4
13 12
35 17
23 27
28 7
25 33
10 3
4 30
34 24
15 19
2 9
1 32
13 40
31 24
6 1
38 1
18 29
7 23
9 34
12 27
5 22
30 27
12 6
37 11
3 31
7 30
31 8
37 23
3 14
31 8
2 22
39 31
25 6
6 2
16 26
10 23
6 9
10 14
11 38
17 28
32 25
19 6
1 36
31 19
1 16
30 15
3 11
15 15
8 34
22 29
23 22
38 1
20 1
32 39
2 5
2 31
33 30
33 29
31 18
12 8
10 15
3 31
17 26
21 34
14 26
40 12
33 40
9 15
34 29
11 12
29 27
26 2
40 10
33 2
14 21
1 17
4 40
18 35
36 26
12 8
24 3
21 14
36 2
16 9
36 23
11 36
4 10
8 21
33 40
6 29
16 1
25 29
16 6
36 16
16 32
6 25
37 33
40 36
30 36
33 7
37 12
36 22
10 28
33 15
38 5
30 8
6 15
10 26
32 38
6 25
1 4
4 36
36 6
16 1
26 6
33 30
19 6
29 26
23 11
25 18
18 24
35 16
6 39
35 24
6 11
3 7
6 15
27 10
29 31
35 35
17 4
3 30
23 39
24 36
40 27
20 27
26 34
29 29
34 24
35 31
8 17
1 25
34 35
3 35
34 14
5 15
25 23
6 32
15 35
22 10
8 17
26 33
35 6
32 23
1 19
38 15
6 17
16 1
3 10
14 36
26 38
20 3
6 25
3 34
38 36
14 28
26 20
21 22
7 39
35 19
5 4
17 36
14 25
12 31
37 18
21 27
4 13
32 26
14 18
12 8
29 11
28 2
14 20
27 13
3 31
8 25
3 40
9 5
27 1
13 9
6 8
23 32
8 8
34 34
28 22
31 8
27 35
37 28
10 18
24 21
2 15
25 13
5 11
39 38
20 10
26 7
26 2
39 6
7 15
24 29
17 30
15 5
36 24
4 6
14 4
1 31
1 21
14 32
26 37
4 18
14 21
7 7
18 9
40 8
4 29
6 26
28 38
16 3
1 16
20 26
14 2
35 37
25 2
2 28
8 26
2 40
8 32
32 3
24 28
12 17
23 16
10 27
22 30
31 8
17 33
2 12
11 6
25 26
37 24
3 35
8 15
31 16
20 2
35 31
17 2
38 21
36 38
16 11
36 5
20 2
29 8
8 31
31 4
28 27
10 26
4 37
27 6
24 31
30 3
30 4
25 5
26 10
5 7
5 32
22 23
25 36
34 38
39 21
3 23
20 34
34 25
36 6
23 17
16 6
3 18
33 2
4 23
26 22
28 25
28 32
20 23
16 38
27 27
37 23
19 24
3 21
6 10
30 24
15 3
28 8
24 21
9 40
30 20
36 12
32 33
12 23
24 28
10 14
39 24
17 27
23 5
8 22
31 6
35 3
2 10
17 27
5 17
26 40
21 32
26 29
31 14
25 40
2 31
5 5
28 4
38 25
26 35
8 29
8 23
25 27
18 18
24 12
33 33
18 38
9 33
35 1
39 30
7 10
38 23
32 1
2 36
23 30
40 32
6 29
14 19
32 10
22 30
25 32
34 31
13 7
9 40
37 27
24 10
32 26
30 24
18 14
37 36
13 29
23 34
30 24
27 14
38 33
39 30
17 23
10 16
27 32
18 13
17 38
18 34
39 35
28 29
10 30
28 5
25 40
36 13
34 30
3 3
5 11
23 21
5 35
24 28
24 10
21 33
22 31
38 28
30 39
36 29
4 31
18 15
39 36
24 9
2 26
29 36
25 33
38 7
14 30
8 15
26 38
21 14
8 28
9 10
36 7
17 24
18 38
5 36
40 24
30 6
17 28
4 19
40 20
15 40
36 36
36 28
11 7
28 3
36 25
13 34
4 21
6 23
40 38
10 28
31 3
15 32
39 8
17 24
33 23
25 35
30 34
8 12
38 39
38 9
33 26
11 36
36 37
8 5
30 38
40 26
38 20
27 4
8 17
31 17
26 9
7 29
40 18
20 40
23 15
10 1
5 32
11 11
24 19
37 15
35 7
11 10
36 5
37 36
2 19
4 11
12 24
39 3
10 35
2 25
23 24
35 5
4 22
3 16
27 40
36 1
2 34
16 1
36 1
12 5
26 16
11 2
25 31
39 28
12 8
15 1
17 26
26 24
30 24
9 8
26 26
7 40
9 20
18 11
13 13
37 3
10 3
21 20
19 22
10 23
19 27
12 6
30 7
7 24
4 1
22 1
31 17
37 28
17 37
18 30
23 10
35 34
2 8
20 38
12 35
5 19
32 13
10 1
2 22
27 16
16 39
13 11
38 11
19 15
29 27
33 31
24 33
17 11
2 31
37 5
15 21
32 4
37 13
35 9
13 28
20 19
8 17
13 5
6 11
33 18
16 3
27 23
17 34
33 31
16 21
30 34
35 25
10 29
38 31
24 34
15 30
26 27
16 24
18 32
15 20
9 1
16 32
20 17
26 37
32 3
39 30
39 28
21 17
3 1
35 7
11 30
31 7
12 25
16 22
9 23
18 25
16 4
20 10
10 22
31 3
12 37
15 39
37 16
18 33
15 35
24 22
20 2
7 1
39 19
1 13
6 40
30 11
10 14
27 9
39 19
12 11
23 38
36 21
25 11
21 18
1 15
21 11
9 27
19 4
18 6
1 16
40 16
38 19
37 16
33 11
34 11
5 28
27 38
35 21
9 36
20 34
2 9
37 36
40 4
39 1
13 11
40 18
39 23
3 31
5 33
20 2
32 18
1 31
3 40
11 8
8 1
18 3
29 31
13 10
15 16
16 34
17 28
26 4
