999
1 2
1 3
3 4
1 5
4 6
1 7
1 8
6 9
4 10
6 11
7 12
12 13
9 14
10 15
15 16
9 17
11 18
13 19
19 20
20 21
16 22
19 23
21 24
19 25
18 26
20 27
24 28
24 29
22 30
26 31
31 32
29 33
28 34
29 35
32 36
32 37
30 38
32 39
38 40
37 41
41 42
42 43
41 44
38 45
44 46
45 47
46 48
44 49
44 50
46 51
46 52
51 53
52 54
49 55
49 56
55 57
54 58
51 59
55 60
58 61
59 62
61 63
59 64
64 65
59 66
60 67
63 68
65 69
67 70
66 71
69 72
69 73
66 74
74 75
68 76
69 77
74 78
71 79
77 80
78 81
79 82
82 83
80 84
77 85
82 86
85 87
83 88
81 89
82 90
83 91
84 92
91 93
88 94
92 95
91 96
95 97
95 98
91 99
98 100
97 101
94 102
102 103
103 104
103 105
102 106
104 107
104 108
104 109
107 110
105 111
108 112
112 113
107 114
113 115
114 116
113 117
111 118
111 119
115 120
120 121
117 122
116 123
118 124
118 125
122 126
119 127
120 128
122 129
129 130
128 131
127 132
127 133
133 134
132 135
132 136
130 137
134 138
131 139
133 140
135 141
134 142
139 143
140 144
137 145
145 146
146 147
146 148
143 149
142 150
143 151
145 152
149 153
152 154
151 155
149 156
152 157
156 158
158 159
152 160
160 161
161 162
156 163
160 164
163 165
161 166
163 167
162 168
166 169
162 170
163 171
164 172
171 173
172 174
173 175
171 176
170 177
177 178
175 179
178 180
176 181
181 182
181 183
181 184
183 185
179 186
186 187
185 188
187 189
188 190
185 191
189 192
185 193
190 194
191 195
189 196
190 197
194 198
197 199
194 200
196 201
194 202
199 203
203 204
204 205
204 206
199 207
203 208
202 209
202 210
207 211
208 212
211 213
213 214
208 215
208 216
215 217
214 218
214 219
218 220
215 221
219 222
216 223
222 224
222 225
218 226
225 227
220 228
224 229
223 230
225 231
229 232
228 233
229 234
233 235
228 236
232 237
231 238
232 239
235 240
233 241
237 242
241 243
238 244
240 245
238 246
242 247
241 248
244 249
248 250
243 251
249 252
251 253
249 254
251 255
251 256
254 257
250 258
258 259
254 260
256 261
257 262
262 263
258 264
260 265
260 266
263 267
262 268
266 269
269 270
266 271
267 272
272 273
273 274
271 275
275 276
272 277
271 278
273 279
272 280
279 281
274 282
281 283
276 284
279 285
285 286
282 287
284 288
282 289
289 290
290 291
284 292
286 293
288 294
294 295
289 296
295 297
295 298
291 299
298 300
295 301
294 302
300 303
300 304
302 305
304 306
303 307
304 308
307 309
305 310
303 311
309 312
311 313
307 314
312 315
309 316
316 317
312 318
316 319
314 320
313 321
317 322
321 323
317 324
323 325
323 326
319 327
322 328
322 329
325 330
323 331
326 332
329 333
329 334
334 335
332 336
332 337
336 338
338 339
339 340
336 341
340 342
338 343
336 344
340 345
341 346
343 347
347 348
346 349
345 350
347 351
347 352
348 353
351 354
351 355
353 356
350 357
355 358
354 359
358 360
359 361
360 362
360 363
356 364
360 365
359 366
359 367
365 368
362 369
362 370
369 371
366 372
367 373
367 374
371 375
370 376
375 377
373 378
376 379
375 380
375 381
378 382
381 383
377 384
377 385
383 386
379 387
385 388
383 389
384 390
384 391
387 392
390 393
389 394
394 395
395 396
395 397
392 398
393 399
398 400
398 401
397 402
402 403
400 404
401 405
403 406
403 407
402 408
407 409
406 410
410 411
407 412
405 413
409 414
412 415
411 416
411 417
412 418
415 419
419 420
415 421
417 422
415 423
419 424
422 425
423 426
426 427
427 428
426 429
427 430
426 431
431 432
426 433
426 434
430 435
433 436
429 437
432 438
432 439
432 440
437 441
438 442
437 443
437 444
444 445
438 446
446 447
441 448
448 449
447 450
450 451
449 452
446 453
447 454
448 455
453 456
456 457
452 458
454 459
452 460
454 461
457 462
460 463
456 464
462 465
465 466
461 467
465 468
468 469
462 470
467 471
468 472
472 473
470 474
472 475
472 476
475 477
475 478
477 479
476 480
480 481
480 482
475 483
482 484
483 485
482 486
483 487
481 488
482 489
485 490
487 491
486 492
486 493
490 494
493 495
490 496
489 497
490 498
495 499
497 500
493 501
500 502
500 503
502 504
497 505
502 506
501 507
504 508
507 509
502 510
503 511
506 512
508 513
510 514
508 515
510 516
510 517
514 518
512 519
512 520
519 521
521 522
517 523
522 524
523 525
525 526
526 527
524 528
523 529
524 530
524 531
527 532
529 533
531 534
531 535
534 536
535 537
533 538
538 539
533 540
538 541
536 542
541 543
541 544
539 545
538 546
539 547
541 548
544 549
542 550
543 551
544 552
549 553
553 554
552 555
551 556
556 557
555 558
551 559
558 560
557 561
560 562
556 563
557 564
559 565
562 566
560 567
565 568
562 569
564 570
568 571
567 572
571 573
568 574
567 575
572 576
573 577
572 578
577 579
575 580
576 581
575 582
576 583
579 584
580 585
581 586
583 587
581 588
586 589
588 590
585 591
584 592
591 593
589 594
591 595
594 596
591 597
594 598
595 599
594 600
595 601
595 602
600 603
599 604
604 605
599 606
606 607
607 608
604 609
603 610
607 611
605 612
607 613
612 614
611 615
608 616
612 617
613 618
612 619
612 620
620 621
616 622
618 623
618 624
623 625
620 626
620 627
622 628
626 629
627 630
628 631
629 632
626 633
626 634
632 635
635 636
629 637
637 638
632 639
639 640
637 641
640 642
635 643
638 644
644 645
638 646
640 647
647 648
646 649
648 650
646 651
644 652
650 653
646 654
651 655
652 656
656 657
653 658
653 659
658 660
655 661
661 662
658 663
662 664
662 665
664 666
665 667
661 668
662 669
665 670
670 671
666 672
666 673
667 674
670 675
674 676
671 677
677 678
671 679
673 680
674 681
679 682
677 683
678 684
677 685
679 686
684 687
687 688
687 689
688 690
689 691
684 692
687 693
687 694
687 695
694 696
695 697
693 698
691 699
693 700
697 701
701 702
696 703
698 704
698 705
699 706
704 707
705 708
705 709
705 710
703 711
708 712
711 713
706 714
712 715
713 716
716 717
714 718
716 719
714 720
718 721
716 722
719 723
718 724
721 725
722 726
722 727
723 728
725 729
723 730
726 731
729 732
731 733
727 734
733 735
734 736
734 737
730 738
737 739
739 740
738 741
737 742
738 743
738 744
741 745
744 746
745 747
740 748
744 749
744 750
749 751
749 752
749 753
746 754
753 755
751 756
750 757
750 758
754 759
759 760
754 761
760 762
762 763
762 764
758 765
759 766
759 767
766 768
765 769
765 770
769 771
769 772
768 773
766 774
774 775
770 776
773 777
770 778
774 779
778 780
776 781
777 782
782 783
776 784
779 785
778 786
781 787
783 788
781 789
786 790
785 791
785 792
787 793
789 794
791 795
793 796
794 797
790 798
797 799
794 800
800 801
799 802
800 803
802 804
798 805
800 806
805 807
804 808
806 809
808 810
809 811
808 812
805 813
813 814
807 815
811 816
816 817
811 818
813 819
815 820
814 821
815 822
821 823
817 824
818 825
825 826
821 827
821 828
821 829
828 830
823 831
827 832
830 833
830 834
830 835
829 836
833 837
830 838
837 839
832 840
833 841
841 842
840 843
839 844
838 845
843 846
839 847
847 848
845 849
846 850
847 851
845 852
850 853
853 854
848 855
848 856
855 857
854 858
852 859
854 860
858 861
857 862
860 863
863 864
864 865
859 866
859 867
861 868
868 869
865 870
864 871
871 872
869 873
870 874
868 875
872 876
875 877
876 878
872 879
875 880
873 881
875 882
876 883
883 884
881 885
883 886
880 887
884 888
888 889
882 890
884 891
884 892
886 893
892 894
894 895
888 896
893 897
894 898
895 899
895 900
900 901
897 902
900 903
903 904
899 905
903 906
901 907
906 908
901 909
904 910
905 911
911 912
909 913
906 914
909 915
912 916
913 917
914 918
918 919
919 920
920 921
917 922
916 923
920 924
924 925
918 926
923 927
925 928
925 929
926 930
929 931
924 932
931 933
926 934
930 935
930 936
930 937
931 938
932 939
933 940
940 941
934 942
937 943
939 944
944 945
938 946
944 947
940 948
941 949
946 950
946 951
944 952
948 953
953 954
950 955
952 956
953 957
951 958
957 959
958 960
953 961
956 962
955 963
957 964
961 965
959 966
962 967
967 968
962 969
964 970
967 971
969 972
967 973
967 974
969 975
975 976
970 977
971 978
974 979
975 980
978 981
979 982
981 983
983 984
983 985
979 986
985 987
982 988
983 989
982 990
986 991
988 992
992 993
992 994
987 995
993 996
989 997
996 998
996 999
