1000
1 2
1 3
1 4
3 5
1 6
1 7
5 8
3 9
2 10
5 11
4 12
7 13
9 14
9 15
13 16
11 17
16 18
18 19
13 20
16 21
16 22
17 23
19 24
19 25
23 26
23 27
26 28
28 29
24 30
24 31
27 32
32 33
26 34
27 35
34 36
31 37
34 38
38 39
38 40
35 41
40 42
35 43
38 44
38 45
43 46
44 47
47 48
48 49
44 50
45 51
46 52
51 53
52 54
54 55
53 56
56 57
53 58
53 59
56 60
54 61
57 62
62 63
61 64
62 65
61 66
66 67
62 68
64 69
68 70
65 71
71 72
68 73
68 74
72 75
70 76
72 77
73 78
74 79
78 80
77 81
75 82
79 83
82 84
80 85
81 86
84 87
83 88
82 89
84 90
88 91
88 92
87 93
90 94
90 95
89 96
95 97
95 98
92 99
98 100
95 101
100 102
98 103
103 104
102 105
100 106
103 107
101 108
103 109
107 110
107 111
107 112
105 113
110 114
111 115
108 116
112 117
113 118
116 119
116 120
113 121
116 122
119 123
116 124
121 125
123 126
119 127
126 128
124 129
128 130
128 131
127 132
125 133
129 134
127 135
128 136
136 137
130 138
133 139
139 140
137 141
137 142
136 143
142 144
139 145
140 146
141 147
146 148
145 149
147 150
150 151
145 152
149 153
149 154
147 155
154 156
154 157
156 158
154 159
156 160
155 161
160 162
159 163
156 164
160 165
158 166
162 167
160 168
164 169
164 170
164 171
167 172
167 173
172 174
168 175
175 176
173 177
173 178
178 179
173 180
180 181
175 182
177 183
178 184
182 185
183 186
179 187
186 188
188 189
182 190
189 191
189 192
189 193
192 194
192 195
194 196
193 197
192 198
195 199
199 200
200 201
196 202
196 203
202 204
202 205
202 206
204 207
205 208
205 209
209 210
205 211
204 212
209 213
206 214
213 215
215 216
212 217
211 218
216 219
214 220
213 221
216 222
216 223
223 224
218 225
222 226
220 227
225 228
224 229
224 230
225 231
231 232
230 233
226 234
228 235
228 236
232 237
237 238
235 239
233 240
237 241
240 242
239 243
240 244
240 245
238 246
243 247
247 248
247 249
248 250
249 251
244 252
246 253
249 254
249 255
251 256
250 257
252 258
258 259
257 260
253 261
255 262
261 263
262 264
260 265
260 266
260 267
260 268
266 269
268 270
270 271
267 272
267 273
266 274
271 275
273 276
273 277
273 278
274 279
275 280
279 281
278 282
279 283
277 284
279 285
284 286
283 287
281 288
284 289
289 290
290 291
289 292
288 293
292 294
294 295
293 296
291 297
292 298
293 299
292 300
296 301
295 302
300 303
298 304
304 305
304 306
302 307
303 308
308 309
302 310
307 311
306 312
308 313
309 314
313 315
312 316
312 317
310 318
316 319
312 320
314 321
317 322
317 323
322 324
320 325
319 326
324 327
323 328
324 329
328 330
326 331
329 332
330 333
326 334
333 335
328 336
333 337
337 338
331 339
337 340
337 341
341 342
341 343
342 344
342 345
341 346
343 347
342 348
345 349
344 350
348 351
345 352
347 353
353 354
354 355
355 356
351 357
352 358
352 359
353 360
357 361
354 362
360 363
358 364
360 365
362 366
362 367
362 368
368 369
365 370
366 371
368 372
367 373
367 374
368 375
373 376
372 377
375 378
378 379
375 380
378 381
379 382
379 383
379 384
382 385
379 386
386 387
382 388
388 389
384 390
385 391
391 392
391 393
393 394
394 395
393 396
394 397
394 398
394 399
395 400
394 401
396 402
400 403
403 404
400 405
402 406
405 407
407 408
408 409
409 410
410 411
411 412
411 413
406 414
410 415
408 416
413 417
413 418
412 419
417 420
414 421
421 422
416 423
420 424
418 425
422 426
420 427
427 428
424 429
422 430
430 431
425 432
427 433
430 434
433 435
428 436
434 437
432 438
436 439
437 440
440 441
437 442
437 443
441 444
444 445
441 446
441 447
446 448
447 449
446 450
449 451
444 452
447 453
449 454
452 455
450 456
454 457
455 458
455 459
452 460
458 461
454 462
461 463
461 464
459 465
460 466
464 467
465 468
463 469
464 470
467 471
471 472
470 473
466 474
469 475
474 476
469 477
476 478
471 479
477 480
475 481
478 482
480 483
481 484
478 485
483 486
485 487
486 488
483 489
486 490
483 491
491 492
488 493
490 494
488 495
494 496
490 497
493 498
493 499
498 500
494 501
498 502
501 503
501 504
504 505
505 506
506 507
501 508
501 509
503 510
508 511
511 512
506 513
510 514
514 515
510 516
514 517
515 518
516 519
515 520
513 521
514 522
519 523
521 524
521 525
522 526
526 527
526 528
528 529
528 530
529 531
529 532
526 533
526 534
527 535
535 536
536 537
536 538
531 539
532 540
534 541
539 542
537 543
538 544
541 545
540 546
541 547
547 548
548 549
545 550
545 551
551 552
552 553
547 554
547 555
549 556
551 557
551 558
552 559
554 560
557 561
560 562
555 563
556 564
560 565
564 566
563 567
564 568
564 569
569 570
569 571
565 572
567 573
567 574
573 575
575 576
570 577
570 578
572 579
578 580
573 581
574 582
579 583
579 584
583 585
585 586
584 587
585 588
584 589
584 590
589 591
589 592
592 593
586 594
587 595
588 596
589 597
597 598
593 599
596 600
597 601
595 602
595 603
600 604
599 605
602 606
601 607
605 608
602 609
607 610
605 611
609 612
611 613
609 614
610 615
615 616
616 617
613 618
613 619
619 620
614 621
621 622
621 623
621 624
619 625
623 626
626 627
624 628
627 629
624 630
624 631
625 632
627 633
630 634
633 635
631 636
632 637
631 638
636 639
637 640
637 641
635 642
640 643
640 644
639 645
642 646
639 647
642 648
642 649
645 650
650 651
651 652
647 653
646 654
649 655
651 656
653 657
656 658
656 659
657 660
659 661
661 662
657 663
657 664
662 665
658 666
660 667
664 668
664 669
667 670
663 671
671 672
667 673
670 674
670 675
673 676
673 677
673 678
673 679
677 680
676 681
675 682
680 683
683 684
677 685
684 686
680 687
687 688
685 689
684 690
684 691
687 692
685 693
692 694
690 695
693 696
694 697
695 698
691 699
699 700
696 701
695 702
697 703
698 704
700 705
705 706
702 707
706 708
705 709
702 710
704 711
704 712
712 713
710 714
711 715
713 716
710 717
717 718
715 719
712 720
717 721
715 722
718 723
721 724
721 725
718 726
726 727
724 728
723 729
726 730
727 731
730 732
729 733
732 734
730 735
728 736
736 737
730 738
736 739
732 740
735 741
738 742
741 743
738 744
740 745
742 746
742 747
742 748
747 749
747 750
745 751
751 752
747 753
749 754
751 755
753 756
751 757
753 758
754 759
752 760
757 761
758 762
759 763
763 764
761 765
761 766
763 767
766 768
767 769
763 770
765 771
766 772
771 773
771 774
768 775
772 776
770 777
772 778
773 779
777 780
780 781
781 782
779 783
780 784
784 785
779 786
782 787
780 788
783 789
783 790
785 791
790 792
788 793
791 794
787 795
791 796
793 797
790 798
795 799
799 800
793 801
795 802
797 803
802 804
797 805
803 806
800 807
806 808
808 809
806 810
805 811
811 812
810 813
811 814
808 815
814 816
813 817
811 818
812 819
813 820
817 821
815 822
816 823
817 824
824 825
825 826
820 827
821 828
825 829
827 830
827 831
825 832
830 833
826 834
831 835
830 836
829 837
833 838
837 839
839 840
839 841
838 842
837 843
836 844
843 845
845 846
840 847
847 848
848 849
847 850
848 851
850 852
845 853
849 854
849 855
855 856
849 857
852 858
858 859
854 860
857 861
857 862
858 863
861 864
862 865
865 866
859 867
866 868
867 869
869 870
864 871
864 872
871 873
867 874
870 875
875 876
872 877
876 878
876 879
876 880
874 881
878 882
882 883
876 884
882 885
885 886
884 887
881 888
886 889
889 890
884 891
890 892
889 893
886 894
889 895
891 896
896 897
894 898
898 899
895 900
894 901
896 902
896 903
897 904
904 905
901 906
903 907
906 908
905 909
903 910
907 911
904 912
907 913
912 914
907 915
915 916
914 917
916 918
912 919
919 920
913 921
919 922
922 923
921 924
921 925
924 926
919 927
922 928
926 929
923 930
923 931
925 932
928 933
928 934
934 935
930 936
930 937
932 938
936 939
935 940
933 941
934 942
942 943
937 944
939 945
942 946
939 947
942 948
948 949
949 950
949 951
944 952
952 953
949 954
949 955
954 956
953 957
954 958
956 959
955 960
958 961
959 962
958 963
956 964
960 965
959 966
961 967
962 968
965 969
969 970
970 971
970 972
966 973
969 974
972 975
968 976
970 977
974 978
977 979
974 980
975 981
975 982
980 983
981 984
981 985
982 986
980 987
982 988
985 989
984 990
985 991
990 992
986 993
986 994
988 995
995 996
989 997
996 998
994 999
994 1000
