13
56 38
2 14 18 1 11 54 15 13 11 3 39 27 14 12 45 12 31 17 46 13 31 44 9 18 34 41 18 12 46 44 10 50 47 43 38 17 49 30 
45 8
2 41 17 26 33 29 29 36 
14 1
3 
73 4
24 54 20 43 
102 38
64 34 20 91 93 67 49 13 93 14 16 96 30 52 82 38 83 76 34 54 85 62 26 94 81 30 50 98 67 50 93 19 83 19 89 31 100 73 
109 12
51 71 106 45 103 43 21 7 89 21 11 89 
60 5
12 30 25 26 34 
95 74
17 4 59 12 90 64 52 45 52 8 93 61 2 5 83 38 37 20 45 53 70 25 85 16 86 26 50 88 80 91 37 27 54 68 89 67 6 36 1 77 36 39 36 36 4 20 41 75 56 40 14 80 64 33 61 55 9 24 79 90 55 14 82 60 4 4 6 90 51 54 76 94 67 39 
23 10
8 1 6 12 22 22 10 14 1 15 
56 10
34 12 53 26 50 43 18 40 54 6 
12 8
2 7 8 1 2 2 1 5 
18 9
4 15 7 12 7 17 16 13 10 
33 29
24 30 23 31 33 2 6 28 23 15 28 16 2 21 18 13 10 8 10 20 1 9 4 30 2 9 21 27 27 
