157 3
156 4
158 2
155 5
156 6
157 5
159 1
156 6
157 7
154 6
160 0
157 7
153 7
154 8
155 9
152 8
153 9
156 10
155 9
151 9
152 10
157 11
152 10
150 10
153 11
153 11
154 12
154 12
149 11
148 12
150 12
147 13
148 14
146 14
149 15
150 16
150 16
145 15
144 16
145 17
150 16
151 17
143 17
152 18
144 18
146 18
151 17
142 18
147 19
152 18
153 19
152 18
141 19
154 20
142 20
153 19
142 20
140 20
143 21
143 21
144 22
139 21
145 23
144 22
145 23
145 23
138 22
145 23
137 23
146 24
146 24
147 25
136 24
138 24
135 25
134 26
148 26
149 27
149 27
133 27
135 27
149 27
132 28
134 28
135 29
136 28
136 28
135 29
131 29
136 30
130 30
131 31
136 30
131 31
129 31
132 32
131 31
133 33
134 34
128 32
134 34
127 33
135 35
134 34
135 35
128 34
126 34
135 35
136 36
125 35
137 37
136 36
124 36
137 37
125 37
126 38
137 37
137 37
123 37
138 38
139 39
138 38
122 38
123 39
123 39
139 39
121 39
124 40
124 40
120 40
125 41
140 40
119 41
125 41
118 42
119 43
141 41
119 43
126 42
117 43
116 44
117 45
120 44
117 45
121 45
115 45
122 46
123 47
118 46
118 46
123 47
114 46
115 47
113 47
116 48
112 48
115 47
116 48
117 49
117 49
117 49
111 49
118 50
110 50
118 50
118 50
109 51
119 51
108 52
119 51
120 52
120 52
107 53
106 54
121 53
121 53
121 53
105 55
122 54
107 55
106 56
104 56
108 56
108 56
109 57
105 57
109 57
103 57
102 58
110 58
111 59
110 58
101 59
111 59
103 59
111 59
100 60
99 61
102 60
112 60
100 62
98 62
103 61
97 63
99 63
100 64
100 64
96 64
100 64
101 65
95 65
94 66
95 67
95 67
95 67
93 67
92 68
96 68
96 68
91 69
96 68
97 69
97 69
90 70
89 71
92 70
97 69
88 72
87 73
91 71
90 72
86 74
85 75
89 73
84 76
86 76
90 74
87 77
88 78
83 77
88 78
82 78
89 79
90 80
90 80
81 79
82 80
82 80
91 81
92 82
80 80
79 81
92 82
81 81
92 82
81 81
78 82
82 82
79 83
79 83
79 83
79 83
77 83
80 84
80 84
80 84
80 84
76 84
81 85
77 85
82 86
78 86
75 85
83 87
74 86
84 88
73 87
75 87
76 88
75 87
75 87
72 88
76 88
76 88
76 88
76 88
77 89
71 89
78 90
77 89
78 90
77 89
78 90
70 90
79 91
79 91
69 91
71 91
70 92
72 92
70 92
71 93
68 92
73 93
69 93
72 94
71 93
67 93
68 94
66 94
73 95
68 94
65 95
69 95
64 96
66 96
66 96
66 96
67 97
63 97
68 98
64 98
62 98
65 99
68 98
69 99
70 100
70 100
61 99
70 100
71 101
72 102
71 101
60 100
72 102
73 103
61 101
59 101
74 104
73 103
58 102
75 105
76 106
60 102
57 103
58 104
56 104
58 104
55 105
59 105
56 106
59 105
54 106
53 107
60 106
61 107
62 108
63 109
52 108
51 109
50 110
64 110
52 110
53 109
54 110
49 111
48 112
50 112
54 110
47 113
46 114
49 113
47 115
50 114
48 116
45 115
44 116
46 116
48 116
47 117
43 117
45 117
42 118
41 119
40 120
42 120
44 118
41 121
43 119
42 122
39 121
40 122
38 122
40 122
41 123
43 123
37 123
41 123
38 124
42 124
39 125
36 124
35 125
39 125
34 126
40 126
33 127
34 128
35 127
40 126
32 128
31 129
33 129
33 129
36 128
41 127
30 130
29 131
37 129
34 130
30 132
31 133
28 132
32 134
35 131
36 132
27 133
36 132
29 133
33 135
30 134
26 134
25 135
30 134
31 135
26 136
27 137
24 136
27 137
28 138
25 137
28 138
23 137
29 139
30 140
31 141
30 140
22 138
30 140
32 142
31 141
33 143
31 141
21 139
33 143
20 140
34 144
34 144
19 141
35 145
36 146
20 142
18 142
17 143
37 147
36 146
21 143
16 144
15 145
14 146
15 147
17 145
22 144
17 145
13 147
14 148
16 148
23 145
12 148
11 149
10 150
13 149
11 151
13 149
12 152
9 151
12 152
14 150
15 151
14 150
8 152
15 151
15 151
16 152
7 153
8 154
16 152
16 152
17 153
6 154
5 155
17 153
7 155
6 156
4 156
3 157
7 157
8 158
2 158
5 157
1 159
0 160
9 159
3 159
927461687