10000
29625753
106308566
863318489
180534276
538257359
11870628
5237466
458199293
462
256851595
306708514
106308566
24040016
103962600
25621596
7315
7456420
519942518
1906884
130871931
435817418
58455078
32397225
6435689
110889624
85170826
475954021
163684465
35208615
431342
74323830
4495
165145266
392292290
166695375
229868961
21947850
971999700
71523144
105
61124064
17259390
492838710
394244954
587436582
207909471
23434580
250654530
235673389
770679105
569244411
5721300
5563251
423402001
749398
237093780
2225895
916267902
91962520
330
333859526
178462328
612097566
107495280
422198747
65780
15
321402081
2331890
12794200
458313800
133294230
417243828
170191056
390582847
42504
747326800
539306258
677040
2635500
43501128
8259888
19368964
962598
939805353
109986696
483289225
3321960
459895541
486437336
54891018
275234400
2002
690290601
31256555
1581580
930485175
1365
17178876
350988062
886731328
83146960
432295143
861105738
534017484
662035989
570948662
544624178
859963104
242403084
515421285
268899645
64684950
9073260
346258550
866715795
68
276821545
135852886
1749060
1656360
353518180
18316960
2380
309319296
11628
11238513
1150626
65998350
901244960
795907181
134849253
200070006
485550703
24672560
435897
182637273
611860305
871385131
2635500
44958903
4368
317691990
122391522
106308566
721656936
9511040
992499210
921917701
286097760
9657648
470742310
16108764
261630670
462989699
537608445
605085078
78738660
138702840
256799620
77580600
13019909
416965528
395010
234531275
338983316
253828
7160245
700259176
80730
7028847
677040
402073902
698810149
485835126
464256156
336428830
319310541
74621436
42296805
618587551
66045
167549733
440622142
354463395
154912903
771821071
413247498
194580
40031135
512624190
1370340
330
14190
495573903
473490550
18163860
58905
25621596
1370754
423402001
28185304
105421039
374271120
23738715
855154755
7140
935486823
144084501
22537515
7940751
696637243
6
493367735
591600030
460368590
739850066
3183545
32
51485850
58584900
443081796
639935536
3162510
329204970
45212895
28
482004818
177232627
228891623
657800
637995157
142506
317691990
914914476
994204438
708561
9657648
864228015
616022580
1712304
101340876
198792594
445145680
814606066
395010
1423828
837222750
374660
63391251
198118441
722475078
821288058
498187404
14143221
445888000
487766499
254231775
121747626
359933112
695946630
1287
2045253
14985824
216071394
42952546
59640
443766736
618271030
9629466
71523144
80730
39721230
1055240
651860944
91881
4368
397662301
688371960
20765790
16649480
213077046
343638211
1330
103441604
999800616
763616139
60
992724429
204796454
753510541
616618428
201359550
125539935
403657482
80730
661136784
416965528
3276
24040016
381310137
535576983
983691423
377396635
61417865
631231315
501942
87541245
11628
774958356
901289592
646542820
474027445
517696061
313413310
316902900
352995735
506590365
239656279
23001153
40470
85333200
23535820
106308566
2731135
126009520
224143270
209582101
929778465
8259888
5512640
696843420
735479745
497734233
85
96514671
13637254
221772330
309544521
533778801
30541644
521855
219790485
140205240
697599566
481008528
77200317
7059052
210766224
404345703
555619699
33649
5881204
72867865
830645345
21
939438501
83291670
189433380
40145280
594591404
983351755
31256555
43119541
2349060
47967089
196802880
99137080
50351840
5545194
53130
70
68685050
813066640
1221759
1426425
220
127848045
21111090
45139896
643525750
336818035
197941220
61124064
12840751
8579746
190578024
730179040
949173615
775372179
12103014
703406278
218331856
8855
184474850
45139896
99491141
40432700
79975934
197829126
208329996
156247003
163185
2123555
227322820
718792570
24359335
2225895
11628
1221759
8436285
939053126
232639402
459521956
41507642
84376796
673005095
163185
270725
899783378
916468755
83728443
14043870
658008
416965528
1107568
824038713
36949857
35990
34579016
540298420
4582116
18671940
261630670
727117745
9078630
389185822
339746225
91962520
980885939
844427753
374161690
3003
16234505
253158751
249900
978833310
820384032
553498945
5356
27285336
235765116
478223340
426772720
838963203
362929260
2919735
7172578
30856
635376
958683033
57940519
48620
1656360
683531663
5461512
215553195
50403
977898414
759993876
230181
440436360
908722396
455126
374410013
782562240
901244960
997396803
458454340
729465822
11716640
29034396
11628
470155077
83291670
4950
27720
9088716
68685050
91962520
2556
214060736
26294360
71523144
75477958
26
410540185
518854791
929775003
974701338
723120160
445891810
10424128
371259885
267632788
910682080
475925999
333859526
58400320
67910864
3464840
41278754
6036075
6471002
979752108
465983056
134810340
41664
424270
249619898
532440028
333859526
96560646
177331528
134160390
1362075
958683033
533582778
367290
683947200
3276
73815
11826255
1891
309319296
675993780
225150024
81376903
286060273
469604170
399351247
2598960
591600030
134810340
23738715
10827401
846153126
309319296
166905585
497663760
23130030
16741791
810193615
438011770
975287330
1221759
987144645
677876929
43324086
37459184
377396635
137085620
375925534
499145520
254274090
7
971970
726074579
79208745
93240126
36637267
423402001
2380
86
767751705
85653600
121266951
266331660
57940519
87541245
738478615
356565160
223070940
9290431
74303685
180352320
244222650
7624512
553526545
293069256
554661444
980122220
42296805
100290905
249817128
3162510
1581580
451498682
445145680
383520360
828753828
6545
614597725
96371928
614198676
55709115
42504
721609335
628545835
243531475
376992
10626
1296855
530093080
891881376
527241667
954288380
13455078
124417425
817733985
971635
47586
2672670
13991544
666563898
361926060
149428828
193489100
65102860
839168028
190578024
582506081
228819528
891859639
456871417
7624512
5512640
947901640
47698420
517314151
92663691
13633830
91223769
571199598
248878344
435897
27132
75761895
119606311
29772765
13019909
274692218
454399396
4967690
647982000
65780
292664520
339900
264005731
160124460
2869685
13991544
477049716
488065187
30872016
837222750
21978620
42504
402464790
967147796
231
571149256
39175752
700154674
101340876
858986662
109658025
7624512
103140703
7413705
150919251
71886045
70214045
9962680
75287520
2511496
26729016
527897020
226387980
115584315
402073902
153476148
278256
703722570
171700
739926712
2598960
250843165
806724187
3612280
254186856
289373747
7145775
2598960
5827576
233527840
207288004
53130
126
182637273
67537210
32795126
4531555
332602620
229791464
866684217
90694345
278256
547175582
818934572
115917595
354463395
354538506
477306111
981365561
3464840
68638340
971324850
5563251
95548245
237086960
185250786
769912236
83291670
82798716
20260275
716086991
171207120
2349060
6265840
506993504
769754986
532432879
537386621
333859526
297602656
52360
26831440
7940751
800075058
235108770
137085620
216071394
975019204
6154284
2598960
12103014
8646
185322270
790448680
927361711
804467885
201376
1712304
10009125
384753570
428676295
169911
13123110
12538572
48903492
225150024
824509483
247073751
77238876
2829056
470792474
63391251
1287
286243776
591600030
91390
226095156
927278718
4607424
776673660
521631180
227938315
278256
3
74303685
6438740
11238513
5984
350113160
859963104
658634060
334381692
196373286
677040
94610454
11716640
840802713
137989180
63628783
3876
325
6906900
63
46376
78
83427565
1663740
982652331
5
13633830
160250636
1330
21337260
213640389
164140021
682078645
113582855
26235
4459591
128164707
2380
84
415051266
406481544
584146640
409586778
5160610
292341435
186582903
79
34389810
273347271
276111364
785570182
278256
714325503
61949040
197995050
701419785
260669555
5145680
689564916
185290875
813450
536878650
269838475
218222915
74529929
188560841
698837805
237304500
222446778
698812207
530468856
205320696
43949268
361686734
17550
3003
240482645
669944710
321402081
455196281
785800543
694656901
1282975
70
89857530
22537515
728737738
44325820
792
817190
254691165
720493386
776673660
288771010
22809314
907081120
398904135
304070130
27578100
353739948
21111090
852576571
899367885
317691990
540597876
787528601
548001136
23872317
432295143
376992
795499026
3234696
233132900
534017484
53130
82272378
495
7315
847546206
75202816
17666220
146803272
141546196
559063504
43949268
861492238
498187404
346700277
36041955
67910864
19448
43252665
203030894
113582855
16234505
15
97350081
815129335
56031760
7207200
393877506
58905
1282975
998988970
194580
85014280
33649
279461235
259870777
598100460
969318467
79208745
237336
17550
19757815
6
2869685
472733756
112351301
565705069
60791851
397225698
934394835
769754986
382457240
514868005
300836285
630305259
2929290
575757
14950
2997411
887724488
543131361
8214570
532103962
41507642
600795743
21474180
654045930
56
5359095
818018358
1370754
652997412
15890700
71452955
33599503
142506
1
723173976
175311816
513088912
567693360
109423821
743584205
344291325
772657705
680588251
999614763
29034396
745395651
5006386
34299903
360283244
23751
169179020
1929501
203335812
423402001
315469521
873470136
69862110
241263561
128164707
514602396
242077006
78544311
201893432
698526906
388096360
3876
105480550
3428425
4368
1502501
913204216
55525372
958984195
25953389
5461512
78738660
362796840
463981953
15504
83743180
144122300
632671880
7028847
478547567
6557631
923679060
235450521
154001575
298935360
12614424
792
2002
5456
83172753
749398
552689424
187767628
22238720
194831715
211649676
91537110
72867865
936793529
39529340
49234605
57940519
49332470
36041955
1221759
406000237
715240468
378124305
415823614
2534626
117612110
773457994
339392431
67910864
4598126
440644141
723590917
743552664
121485
54870480
35960
928223241
49177128
547033565
591600030
17219646
113877069
692486890
564631210
183181376
436747034
170544
768299820
194580
362929260
618376528
535102345
1053548
190578024
448221285
909234046
17390253
239360670
16108764
145422675
23434580
1274196
19600
138009667
427620840
8872578
7971964
547575564
10185841
346258550
286
6903565
573824915
3612280
395010
156340626
89559036
20920746
1365
91962520
775018135
197829126
988455798
72462741
679788664
597610076
13884156
197941220
254231775
87394814
846153126
975243301
437680491
269682475
282989144
3262735
557845
39175752
272963405
95904325
348881876
485199330
57411900
340076319
733813080
944718984
137456490
988872626
91821576
297602656
837652915
81803645
636370650
337935003
117612110
41902435
583572366
515124814
688235310
501401777
800286727
494751976
86034403
494804394
641625753
958984195
142506
303661868
14950
19970444
4780230
75497344
275385246
183579396
5827576
14100680
723270509
10009125
801640218
34220
637963729
177100560
20475
20
4082925
37554111
19600
464073345
12103014
216071394
841422753
307128325
67910864
214652064
106308566
330
16499640
87569080
190578024
141098265
297452202
962598
35
807236290
17296
10989810
27285336
299853046
423402001
11009376
104437378
159659515
751755460
456326325
3478761
526850667
621682425
202927725
92125585
5159805
39175752
687799210
171689715
146536159
467002247
270725
640589822
614654391
8936928
2628
547033565
553526545
8718875
590184546
201376
34794668
121485
896575666
534017484
846678392
636632226
44991295
823204144
7160245
541879660
153476148
146803272
9657648
17079090
84731395
598100460
14052951
347754378
27720
100558380
735471
956396980
91537110
33585370
210381328
768299820
106308566
727441715
403322601
208784395
884072840
161716335
280840
264385836
2303960
413207662
309177995
278256
20
72
128164707
306492473
4187106
11740764
424270
323182496
3183545
675015165
20358520
70594000
369556860
98280
8436
874050637
65780
802206251
336454770
99807256
1215450
67331650
26342911
45139896
417678302
148582941
234531275
665485485
65
850668
464306843
108995194
400657278
63250450
134153712
249532140
309177995
44224635
4780230
125857045
2145556
280152180
115026528
377700302
30872016
3921225
4082925
309743605
1
843023391
387610812
416965528
117612110
91390
610489153
164749608
620100936
366839241
17666220
444711036
242403084
3876
552689424
495
587096511
40920
86366858
2349060
1365
749398
671886153
8008
988455798
515853624
970923936
117099080
834831120
296889060
572195174
15
708587730
1
151348015
8568
216071394
435897
447580
21
5359519
806013189
2349060
282278116
573352626
147440
141380520
16701685
292825
167549733
77558760
21111090
275682054
211876
1086008
798769195
24672560
359508705
13158860
593706590
911595546
207288004
855154755
157345860
170698584
32801517
356311869
1021384
36041955
607573751
7207200
1370754
501940130
432295143
1176
156340626
367715316
929632032
147455840
541931236
164031328
415902176
273728378
529420255
8789000
412833855
788861716
56
246533630
721656936
864228015
127900184
5
168674510
228605007
103805835
122391522
426686195
984903153
126
33585370
958683033
85529396
276051317
715169000
51494751
69006
736832645
320032350
32801517
828363250
865286926
5
980027128
207049300
28956759
599273206
352716
56921900
1055240
13398076
745887376
194041926
3819816
810193615
303201125
376992
80260180
305627700
3819816
744655505
194831715
792039900
122391522
664793416
591600030
8568
647522441
161955003
166650
749727963
729475640
239844760
5410240
517563985
395064132
275690421
154653542
739158938
1906884
424270
261690003
373566942
130204840
471536782
27285336
105250662
15020334
1275
462
25621596
59626385
2699004
211876
96560646
857787490
634655444
958244564
1
79979628
959679955
910682080
7028847
2349060
38519144
1287
136926426
15329615
1610564
6
80730
269145735
846678392
967240160
8855
148290031
49177128
16649480
2331890
794629045
169911
162747861
169897190
10507399
230087244
301329602
153518480
8568
595665
279105751
519950628
43252665
828363250
542218077
26243910
100290905
820384032
141995074
201182088
677040
298791235
1610564
533829086
8568
211876
265368251
582923362
901022475
86086881
225137197
398810748
70594000
164059875
883010330
745395651
505948991
481008528
981931770
731320890
59040411
948514993
519221190
955860
148897035
616584286
2331890
2598960
143998935
2002
989928820
621216192
470321294
551878978
515853624
1906884
2372931
81339598
286932990
146803272
275233231
872514001
110008426
61124064
188939205
247574180
828197683
638851839
221919778
737853591
803944851
64446024
152486916
15329615
171187680
744610896
3612280
4368
181048182
977819759
9472128
3464840
16865705
604319995
4582116
958683033
1221759
7207200
378737987
45243828
706266
464306843
19757815
391351623
655093306
192920
937683165
141546196
151893172
77520
242940136
638584453
392292290
17847325
947408312
439633040
11716640
1086008
978964876
534017484
41356876
52602165
216071394
2123555
46376
918168378
785446795
20349
15
80169453
23526613
937769778
2380
27285336
66
829769732
1
49177128
2349060
7775940
32566485
538017013
370407720
146475945
591600030
819574250
266916
630888481
418092885
182637273
21111090
132153153
861021253
607573751
21
314028
794872409
75202816
178441605
484927653
350506274
219790485
36949857
6188
663645840
674298731
145620310
229503
321402081
53950078
2869685
77280675
26294360
605159936
2869685
57
141919128
45548740
685825522
473490550
36288252
328230631
167549733
942235755
13991544
378
1663740
302120093
619613846
27
34826302
720720
546729778
668682980
87541245
238809585
161001498
16701685
607232784
161146128
586238640
448072338
475020
433594525
737849941
36410311
525110205
330
19509381
612907375
762355
1326
455521836
64446024
13037895
26425749
191868495
985017384
235699358
225150024
657887325
193759455
377577038
134926106
1088430
435897
300836285
324632
15304278
254231775
695946630
15380937
652404900
762861517
708587730
24040016
9381251
560077155
962968555
12082785
324632
847444343
151348015
602721840
571559958
74455933
60411064
478477807
499928010
38120036
2919735
319967151
361468828
201376
18163860
2600
362006778
98280
27285336
878454570
901244960
116828271
752665459
169911
7519610
418092885
140538845
754680675
333859526
7624512
270725
266031711
868705951
84
322438896
357435
481576227
185322270
331569876
71523144
147440
346700277
215727606
31465
12650
646778552
5461512
57940519
280720440
30872016
3060
11358880
56
983383856
17178876
772067716
70
5006386
29034396
20030010
294892755
222681775
9585345
867449684
207288004
4582116
916516388
126697545
545242753
286243776
17666220
41278754
4106980
262399722
98491965
20811575
42296805
698526906
327085626
1198144
7994001
299255880
831431891
13991544
26334
498187404
35
407624595
668115735
151024014
51
327732189
382275075
5359095
35
330
201376
507386440
576511592
146475945
485199330
59149034
2441626
79079
577677315
5599531
720720
846678392
392182021
868019376
403606666
10349790
224200900
901289592
111930
479318126
16108764
45212895
18564
232277916
2869685
846153126
165610900
11998480
183181376
659335141
1370754
249900
28338485
279011253
14043870
387700300
300836285
1
42296805
93926525
647449946
386823150
67910864
703783531
891881376
174795180
462
169362501
16991535
5209260
73150
94966795
9151503
232714210
794512884
185528655
295992620
580418726
22537515
209761210
46217626
154143080
435346278
43949268
1365
5245786
3542276
591600030
1906884
589155326
3611328
887433134
40432700
353518180
71452955
37165131
63391251
17550
1906884
577251864
993398451
678979675
178365
891881376
677040
415166520
886322710
350344960
40333671
713849500
21111090
377369128
988455798
338983316
89561164
56
794747031
871962420
7657741
32183329
1837620
117612110
151865242
121068016
72867865
192953786
160389488
1352078
22537515
571880029
9381251
35999900
806633695
34632003
564375704
827533685
391071056
10039316
591665398
804709131
189541818
509267001
12431536
577697165
6067386
347073276
478533516
363581144
447008661
981947698
462
94966795
428761520
8936928
373566942
939981007
2019045
921075844
67983630
684666510
156385460
209951820
641291616
83369265
250654530
200860990
73586646
3321
351217756
3819816
969782820
509108095
365134776
101011791
178298129
1533939
3049501
556261335
847834431
454725577
988455798
814874127
515421285
581607723
184776092
223070940
792770774
29426320
15504
529406528
21111090
353518180
720720
754253380
250654530
10424128
9657648
628002413
2331890
141995074
58996
575757
6550610
122718904
1221759
117891180
234531275
499214985
743584205
185196424
883155378
16757360
261881411
716692326
349128635
902447910
970650418
3876
314457495
164059875
11238513
101340876
939026116
146803272
644124400
450435105
16757360
501942
143439453
432823942
540298420
40920
405130107
40475358
109453344
36898345
30856
552689424
372527001
88297241
13991544
553547666
402669631
171575633
67331650
4368
31465
864228015
745395651
28342440
127676660
850668
72867865
29034396
461994975
2024
637869903
198557959
21374050
887117865
717812876
310329150
1254890
339746225
49679494
65992816
99491141
132563501
127702484
236041124
213097690
2041210
2035153
21225870
445535299
172357461
33649
410435253
134982765
194580
118755
635229546
688235310
6435689
280720440
1431
346700277
1560780
170230452
730216544
10009125
706410078
526125046
611293095
186043585
915827628
79208745
7624512
207288004
191868495
59471902
65465403
498187404
498187404
7028847
794747031
211876
357537386
777579330
395268786
35960
128164707
414141665
323100910
651081655
167549733
555727791
579105528
830833265
7160245
127928010
810855375
609690117
617673378
13991544
83291670
1144066
15020334
23751
27904185
23165219
122391522
15504
10
244791001
4455100
656702415
126
15596035
6
1287
233290800
129358440
30872016
26334
732940314
211070341
498701280
894894007
268090351
83291670
15
53130
83112744
374106981
607525380
98280
8936928
233668164
45
32801517
35672542
682611390
4598126
13633830
2331890
133996635
698526906
971970
198792594
134153712
7028847
57940519
829842161
38608020
395011686
365206267
485199330
935213776
167673828
61474519
561
73229221
177388540
798095789
106009190
15459580
456326325
822861028
91962520
169362501
402073902
1
252932543
18156204
2672670
17259390
124356956
73154466
42214266
72867865
2002
134810340
275234400
1221759
349417830
32509
861851403
32795126
17861900
870592128
858470976
328589740
139280888
182637273
658008
70930005
57940519
545792940
43079036
597420418
673853609
804467885
475013253
339746225
668181607
993102458
15329615
309177995
278256
110129240
25621596
223070940
2636956
850668
308177551
361427378
540597876
19190605
73451720
503069272
255368700
141995074
652810285
343012396
3183545
920912986
40920
12103014
353637140
178029015
473490550
30507895
448072338
502907097
43949268
359933112
154677666
347073276
46217626
46504458
125807813
128164707
61690919
182637273
997503445
6
570846
215457661
2331890
335573371
81990415
231104506
171337816
457201178
195812155
254803776
736281
35208615
8495410
375541838
671467369
700296600
843065623
74303685
552689424
329950909
52803226
24992045
44363490
300540195
219790485
157827531
268760493
419242440
246650922
8936928
3208094
91881
335884321
2303960
796963833
30872016
63512085
5309116
6471002
118755
726052671
93240126
237336
199230741
380871854
8783390
95284
7673835
226366003
67
29051001
63391251
29618056
498187404
792
18671940
36949857
643304376
175311816
869107785
308339641
46504458
110129240
6188
397354126
151348015
442790040
23130030
525058215
101340876
64039976
135751
326302500
422897297
46504458
719854596
769033306
453424290
376984611
4545100
1820
621682425
990104518
2925
73162540
182637273
17
416965528
992086746
228733966
25637001
864449860
76972220
2054360
197829126
998173540
927048304
83291670
8501626
708930508
181062154
411935241
18163860
971148556
589254977
241043946
305793494
901244960
341055
251500396
980728143
392292290
128164707
24703128
10039316
495420918
759993876
140364532
571880029
518371701
73
434171760
223070940
8568
2118760
25665020
40675690
806114187
396544840
587614521
811629280
556322510
124356956
584146640
117849628
27044335
26334
126
523342128
456540983
54891018
17550
680588251
919305670
157345860
668682980
968870630
128164707
829526134
156865170
540671597
54040336
230230
951363199
317230266
4545100
665454023
46376
742276549
493528070
819574250
8495410
955860
91962520
18779684
98489900
611860305
32801517
128616741
271441895
6435
527897020
34826302
373566942
944711778
60862165
75287520
138415
10626
295402971
4917220
20958500
2349060
21
81438026
140364532
347622528
561811960
16108764
373566942
515853624
125049205
42473245
54345525
326836
3612280
889111
497640
5852925
19496890
54513680
224941072
19190605
194831715
240482645
806955051
190194180
93240126
636763050
4682360
6281740
63545901
22537515
2441626
661136784
12103014
16108764
115584315
14100680
333859526
665485485
820384032
83291670
1712304
135751
723636943
572962026
101340876
8855
33205926
144540081
658008
27176878
483289225
71826105
328655635
729218925
1086008
785115765
950831279
53
432295143
955889535
746936000
94610454
140364532
987160736
220468501
635376
139291944
163185
278256
14463090
11009376
2002
184506625
8568
367012100
40432700
380720116
667175292
324632
784816731
24012024
11512801
227938315
223070940
86731770
34389810
557028753
66626196
39175752
491468845
298197855
57211376
330791175
9381251
171700
846678392
311737965
2555190
520450462
349452740
202461116
276821545
719965150
250654530
126
573494129
3478761
237336
3921225
246610404
570411556
705431306
463697965
592316571
850668
237937875
1261666
2672670
708785870
882590945
571880029
845530003
1770
326380626
140557761
518665
946309420
461244378
318539880
972430498
45590617
206253075
108133212
566685735
2869685
382026261
776673660
220207725
2672670
32801517
2
134153712
200310120
739163308
58078670
445673614
498187404
243689040
24918270
116828271
32801517
148238371
376992
481008528
360233061
988455798
836912637
720720
159764045
938375060
954124086
889111
386206920
507120202
7673835
792
7624512
278740836
831239151
148897035
745395651
869648208
481258600
618156609
663685929
648588037
720720
1802151
987916718
1581580
134810340
126210510
185849560
2598960
122311651
142506
1150626
728714112
83327595
958984195
563921995
51494751
80
769754986
115162625
395010
323960624
680109599
971104485
47905
42504
10666600
510209326
105030771
137109336
34389810
52451256
21
998988970
52394
5616324
116828271
490862778
488844799
612412124
408231849
853429515
735479745
891881376
247987585
626066805
40432700
107743860
67910864
399312223
307163050
580078170
658029065
8568
7624512
23434580
1215450
489624489
82500220
434870085
683986847
29034396
367290
118246268
471584345
126
290007486
873642672
467063766
494561017
192754548
481539061
819574250
187743753
120
260149140
998150780
3183545
407624595
435897
11628
17125878
891881376
203710792
1295245
17666220
12901861
330
19757815
3741
361632499
67331650
946625316
42296805
7248528
957271890
2077741
94953660
274869181
626671220
1533939
686812352
302395528
666106750
57940519
15947499
881139210
164992695
1653
231917400
13991544
4410549
589934050
814216767
373566942
298497961
100290905
324632
264566400
140205240
166167000
22500864
636035400
209934
194041926
70
1975354
54989780
2485
9078630
1533939
945925794
663384094
379853530
77238876
432295143
4845
40432700
567011760
853526586
1837620
45451644
23751
192325078
85588986
147018378
5359095
2024
165
373566942
54891018
31519775
254231775
642987730
103962600
990
715
210
98280
1906884
53130
914808128
147917120
332602620
532668224
328127620
119759850
418318320
210
30872016
626555435
962598
45770725
402073902
26334
547211320
198792594
44
5061836
975224560
16328620
126508371
96560646
10334625
17550
116828271
66045
491134490
105146751
116310536
24992045
363008119
121905300
392941
491134490
725110035
268343361
116655228
428891826
503167995
190578024
648686324
183181376
901289592
41507642
330257850
667421314
52360
471435600
263506842
678537867
53680341
13019909
618192782
818833050
85974801
23870595
24040016
18163860
253478975
37
22533126
575757
2118760
311659656
381588019
766482294
3183545
382313855
210442870
837222750
4368
199850286
587614521
818833050
278740836
971970
402464790
621052146
410974200
28956759
736291
9
242403084
35462596
26389980
28338485
755514120
552689424
454776701
855904017
15329615
46504458
2794155
6471002
50388
13343760
230899305
115584315
681138107
25808936
17259390
106308566
515853624
137721906
260130
166416020
996030028
45139896
430425223
1370754
239099084
1
721687334
112805879
6
919368640
12436340
682640
16557135
369010172
794958616
395353140
824331702
372113356
514376970
29772765
705496380
67910864
146405393
91962520
836295736
5989005
416428824
873373285
456326325
787548828
1353275
193474870
850805595
977726310
119606311
57940519
29034396
27720
712531624
47239010
3003
64
189374991
926758878
2731135
11358880
16865705
859652380
228926503
711563490
387610812
3316600
626895979
553526545
296786466
103805835
769292160
655708791
234136
765164991
325789028
611860305
1088430
148525284
142506
153476148
42504
436911580
54276664
818809200
728453540
87541245
743584205
427854378
377396635
861617077
10015005
15
134810340
46376
73815
113582855
236150778
851823734
321778495
5359095
56
188018480
201593160
680098688
47127938
1287
926694866
97308225
579445903
27285336
769754986
22174470
504418900
1287
65122578
194595804
939438501
10068828
593592306
2118760
131115985
934261753
415252971
797102628
654045930
102354025
132563501
854601153
1353275
782358346
15
34826302
19608085
101274096
134044
210
216101655
3542276
44514890
545792940
423883460
187608135
448072338
177556160
850668
4582116
859781439
502793152
485199330
40920
2598960
876469676
58409520
32020003
657351698
156085887
103441604
621682425
85320
935346126
373566942
1876953
988455798
561262003
4322340
93
339746225
52602165
148897035
18614151
7456420
886085118
873994674
38
92906824
317835078
5512640
495593039
462
316235339
288641640
88864446
339431997
901289592
30872016
198792594
589944075
559346657
21111090
13813570
38630900
435897
203601740
330
2555190
771179597
30872016
163654096
16222590
52
525836235
433430403
855154755
777479243
286243776
543789078
659695425
2869685
1287
170265831
975243301
9657700
8936928
3655
229980095
1307504
8568
330791175
331878966
891881376
266308581
35401905
19778905
49615741
55224795
418092885
644981905
172738786
4421275
12341
920502040
466229605
26294360
10424128
570445734
406219483
534017484
353958651
17296
67525
3003
179688955
46407404
338082178
890899045
240539211
769754986
264566400
2598960
313413310
135095703
201295
913842918
800191336
8145060
186936880
24040016
67910864
49332470
13251095
518758155
498187404
25042352
203767578
17259390
971635
534219140
111731227
197418385
808083935
639834522
3003
901289592
252818300
733965791
576417442
924829371
1344904
769754986
85653600
857449648
253460
113564
153829130
423883460
114354681
333859526
677624156
127676660
796096714
160389488
52628670
134153712
16
373159977
810855375
6438740
278256
411802229
706595974
4525536
153476148
3764376
46504458
496627680
333859526
3124550
275520920
11319484
300500200
11169901
348706560
822901596
234531275
398695446
703722570
417613304
429481805
128515716
203927570
338181305
19697226
946534943
911367471
1975354
122391522
410040
515853624
998150780
98
728569878
689398924
13232835
180205620
247275441
1
20386123
160160253
367012100
154624905
847028247
134810340
276632720
830589011
31812276
8783390
78738660
889624835
252
238984453
694677333
236208924
6724520
275234400
347889279
233132900
225150024
548682501
18663281
3819816
13633830
180699555
485199330
6545
180041287
5461512
233132900
602075531
49177128
339746225
158882750
17296
1282975
236561325
2794155
629092356
19190605
198829476
83291670
78182776
2019045
504663031
521631180
109658025
304578619
3580779
935778691
732450196
161700
481008528
864228015
83291670
346700277
10716135
274639977
21928753
50803424
619150455
3321960
24992045
614597725
75079593
221815
361764651
249683031
686778196
397607177
135360884
113564
810660149
10
757493253
216440184
127400703
114208941
101340876
699052925
663736395
5989005
71523144
12652965
42296805
33366840
84957251
820384032
1
2118760
292825
856917901
599273206
833340
617540203
848144968
449595091
877975
160554240
74641224
893200
43
28989675
687021939
43758
570402127
155540703
906510294
211876
657665778
664098059
17775703
201376
234631953
201392415
54
207288004
708667128
323703806
6438740
925000136
679306303
466448741
40
494559836
111469176
4682360
595665
51303385
23738715
139315991
507053400
188149515
692665275
474825
698526906
962598
106308566
935901451
503167995
6004845
203949306
1663740
141722460
318869631
84376796
139656
437353560
621682425
880048081
22381395
1287
277067264
528
15504
362929260
359317681
14004539
4582116
17550
265380422
822959085
96560646
4106980
304985751
316251
40206607
28342440
518665
636035400
186043585
92378
491796152
901244960
575757
212149723
45139896
404873318
335588219
3819816
12663028
4278680
750025815
226197006
487234936
632061235
3876
367704645
2331890
151228857
884072840
424270
169510078
31465
776673660
3819816
658935753
72679596
414493965
24359335
802206251
11358880
62196
971635
4410549
26334
823054275
6725544
428293278
43949268
316251
4967690
151702071
776673660
394765284
148897035
229741876
817496683
101340876
81803645
750451911
195706720
71523144
88201170
67910864
619713615
108125865
295786968
29742164
28342440
204482242
1426425
751755460
377348994
2331890
119086015
15187425
907230906
13019909
310901360
968859851
1353275
798300903
266935305
78738660
765363250
446392260
130629421
450710001
792
239658039
387610812
24359335
269416126
3478761
80730
487640835
830065685
893693503
4960
80622640
8514001
252
26098380
224261960
1749060
614597725
14950
56
943829487
704238457
123410
473196466
29426320
780065751
628828200
174963438
936734445
779533169
101340876
1221759
577577614
309542451
719469751
102114376
25123416
47915890
23426
2332880
998988970
278256
833947126
14891626
910682080
794747031
348805521
84881837
948013161
650798891
304985751
711563490
194831715
4582116
110149903
469835214
905942536
339731211
613953361
203186184
493029304
998988970
631919025
5006386
500313884
1820
3478761
11560836
659662003
240027425
1
200207208
530501440
248225691
695946630
390894780
287999800
58905
303142239
989493752
779157550
1086008
8783390
372527001
621682425
42473245
44352165
237336
1712304
4780230
23724677
64512240
26334
216546345
43949268
534219140
3003
115134370
30872016
614597725
169362501
735479745
73815
74323830
55
174963438
206979990
966687820
911225502
10424128
692957684
119968248
21
335246275
639049125
617989746
970380600
6188
321402081
84717190
205895824
142880
820
19276467
311981714
12103014
461365876
411827158
7624512
152096
15823125
10424128
711531226
262172764
357630635
749398
24384636
571880029
198792594
201376
84649566
82251
238962591
563102869
644351151
826231575
638693418
4082925
231032460
94966795
330791175
116828271
715
7140
962598
613047127
916131970
845119419
2869685
958683033
135751
43949268
854992152
431577510
91223769
929632032
16108764
10424128
45212895
45770725
620645575
21111090
353530734
15907256
775088865
643776903
691171976
360072694
91558740
802206251
201376
586925191
210
387610812
1712304
367859051
231114250
137085620
729256606
242380696
491378393
147440
1353275
513349040
14100705
105271309
106379420
293798284
260583209
696190560
126
29269240
233527840
547033565
56031760
579544060
23434580
658029065
55
19190605
19250136
62727721
508103925
38364420
814385
6828360
635376
33585370
82251
445735153
60862165
2211
976046653
356119764
719469751
599012578
735479745
90310080
1533939
35511378
3160
165668499
373566942
2573000
321197185
117480
387278970
217059030
98280
19190605
623180424
3262623
402073902
1521520
1241100
22061403
79096753
43145446
658634060
788115214
37820
706823601
117612110
575757
72703711
146803272
444899535
91058828
209934
595665
3276
1001
1786995
205284453
776673660
552689424
36824446
2027795
501942
777108980
2831010
4960
111469176
95226900
1478256
7028847
207029130
759993876
455126
458839950
575757
92561040
93245900
135751
575757
3183545
216546345
51971283
70430646
847882573
394313403
703722570
856980575
2793066
101270
23979550
395010
502865780
839345265
462186406
84045148
24953460
29034396
79208745
5209260
334190220
819574250
39175752
215192434
3612280
721656936
453753180
156340626
16933290
276
13991544
207029130
3183545
111469176
2081156
948731633
593706590
325775575
11238513
47
92906824
26683744
635550378
742523178
1820
601080390
374298480
182637273
15100260
146803272
1633355
281568280
106009190
150155785
125580
36890001
957733820
46652970
1150626
606133496
206333988
12164778
41555286
836711778
84285636
231415341
17178876
636035400
443749845
361119815
286243776
654045930
121360410
26023535
361957680
255760035
3478761
64824
164747235
756352171
547755351
56
56
20995121
333859526
276821545
962598
111221155
967769415
25827165
661375292
417012760
769754986
773457994
32795126
788444091
132195748
524036360
769710858
102114376
567500185
373566942
124230511
311540090
448072338
102354025
711191755
23842524
540597876
841416051
93186011
666705601
560077155
571880029
461994975
731512125
138415
69
361119815
886836763
260707195
193536720
153829130
17550
2391444
365322100
552689424
376740
745337792
98491965
423402001
20811575
835278
313179945
284303935
23057518
225150024
456125706
24310
573352626
107021357
26334
818805
18474840
301025128
511264204
435
48
417879595
36041955
16701685
4106980
59400020
794747031
9078630
27277796
419865291
263156211
419242440
539203960
383327780
24359335
117187970
455
128164707
245001316
34
432295143
793626505
407624595
8940106
547581
855004685
292341435
265368251
45212895
688435941
500781831
8859500
2349060
746505480
862952545
341332110
325035756
309319296
11628
14307150
324863248
72066015
162586053
197829126
25621596
916895
537510078
394195088
15504
19368964
212421188
1906884
23738715
1906884
703
593706590
87541245
15288564
2598960
292654516
745395651
11238513
523180378
244222650
420715309
42504
544066046
885816862
91894530
212881340
555326244
45749395
81550514
323254300
438030456
2902845
916186034
407334596
176147065
61726709
715169000
358851558
462386205
931284903
247574180
79208745
743584205
152096
11642725
15020334
165842864
13251095
238678476
1533939
860388139
3612280
698526906
703722570
501942
175565691
146803272
626066805
43949268
481258600
15354111
769392701
804385995
464568433
91537110
436359831
968154006
80267589
15493204
388772670
510147865
658029065
375506628
764346351
804467885
846678392
313413310
785115765
25953389
84376796
788861360
11740764
897893094
686513604
340598473
128154195
392219781
3007378
367290
338181305
2672670
382579291
645356701
24
775293753
254274090
714214543
189998271
111930
347121726
910682080
560
101340876
897877031
17259390
745161323
218222915
309177995
16310616
57211376
592689974
516120256
628652611
698526906
38630900
155117691
824626660
239881656
13991544
672594498
535929450
86296804
120264087
82798716
2441626
4187106
201376
425143223
88201170
682078645
711563490
32801517
749398
457395135
1235780
115775100
503167995
78738660
899367885
3003
10334625
20260275
204746640
11009376
96560646
71523144
41476260
21947850
508080
270372200
7624512
10349790
49177128
623493851
80730
955175264
13251095
21111090
55677628
882571122
59685
344596878
297461564
764616634
31908218
144084501
579216469
50116
721656936
823736838
583264935
144253704
3817670
174963438
62988724
424270
24245166
201336462
23981275
63250450
43949268
5935160
199630171
574457499
413870835
210401841
696335221
7315
435897
330791175
440925067
227920
19757815
776243555
283127152
20349
935956891
220573506
94966795
10
197829126
675993780
2869685
620981661
49177128
5984
73860940
856889796
353102025
253478975
25550526
745395651
339746225
681672426
15180
611860305
617813976
3060
13991544
367290
236561325
3301165
142506
296484146
234531275
776738182
239844760
334911238
8855
989435370
213200925
27285336
53130
870456440
748687225
379853530
429611328
600952446
18474840
10424128
3478761
15020334
274011464
295717308
9585345
435966156
245654695
234978681
53727345
342002781
82809069
1140
796597123
21095760
781464340
373841365
585276
125970
598112991
826272226
316525380
955889535
492492469
282278116
22361328
68685050
98783860
2123555
91558740
328672184
272691
393886912
25
7028847
743584205
139389580
221988079
21111090
591600030
572213570
6913340
846678392
8259888
501049609
1906884
367290
407624595
801383551
807327366
43110255
224010361
413718085
509607805
397354126
552689424
423402001
485199330
859984128
373743322
531584096
101301330
1
523137762
14100680
102354025
10660
801300528
334253440
778953165
1533939
53493996
372527001
920592667
21
380720116
27720
150971376
515421285
79208745
837222750
132766176
194232195
170963808
322162537
276066253
627881010
184756
23403061
831907020
36949857
2672670
351240433
418403531
342944955
250843165
61176830
915029725
79701831
18662995
502865780
156865170
52394
89559036
450507344
242011000
1596
182651960
344235470
146536159
890169874
91537110
568143520
109927378
139315991
21111090
419007939
264566400
243531475
496
135375285
278256
377396635
160387699
676378023
10668000
611667434
559987986
74474910
633741610
5989005
254231775
39711
141546196
666
15504
67331650
7840920
169915395
342401044
252201286
6545
5989005
341055
37875456
877680668
33585370
988774683
61124064
51485850
682159143
970524257
71523144
39338069
585042321
275197530
176447505
52360
962598
2118760
625611761
204156
23165219
18656886
2118760
101340876
43079036
160389488
71452955
395352824
612989518
17666220
497123935
359933112
887489515
3321960
17259390
473192980
3819816
26964280
174963438
617048796
863244142
493528070
703768860
2701
83291670
423064220
350167430
167549733
864228015
731473876
1001
254274090
11358880
11716640
945674873
12840751
552689424
925772540
220682125
337915633
208207076
10518300
12082785
194580
13019909
892554780
4598126
278256
166084425
241577523
640064655
581106988
11729746
16117020
958683033
43252665
46376
435897
290160050
132563501
74616060
24990285
936990405
83908538
998988970
585523692
3162510
49902940
573352626
691455078
261630670
10517991
348881876
4496388
100290905
614597725
237336
156340626
4421275
176791952
721777508
745746630
46504458
415263188
250843165
219790485
2869685
40432700
762245484
718692901
794747031
359933112
145462096
136909878
424467816
156177191
4495
30634878
901289592
594176628
61855003
6
252
745757321
544810725
323593464
2672670
60899135
305427970
124768734
28838215
361468828
361791550
188939205
15086400
727441715
375064966
378988260
80622640
811812749
3612280
515853624
5061836
21111090
614597725
6933941
7207200
958683033
451105902
219790485
389865354
899536237
785115765
290808744
64446024
46504458
915556236
7840920
874309836
151712330
27720
346700277
243689040
1282975
339496653
968870630
33829425
352172530
252
13067054
41507642
873146727
456326325
46504458
18
321402081
395429703
180534276
19131795
398311200
167167000
21337260
962598
61124064
1820
909163597
71523144
867619744
39175752
63391251
110625375
313941940
38767960
347306190
13991544
262124963
864501
342204040
99141908
668932302
256160295
801843154
14
70607460
58465891
85333200
98231136
69471996
978389730
499905768
873642672
200394094
91962520
95
300674088
449227126
427561903
1502501
118755
309319296
3060
61621651
61124064
556594930
794747031
314705170
877851434
4845
96141
785115765
5949147
450710001
43949268
436941141
64446024
126
19600
572792781
215021953
46504458
325410695
184291201
153476148
946309420
220825620
49177128
4495
1771
2850
706866334
436708241
1287
138832046
506936681
13813570
237336
591600030
280840
719469751
429812871
70
13019909
11358880
584678336
818833050
25621596
79091870
528889026
142895675
4368
49177128
264566400
998988970
575757
842365709
715686861
377616421
9673401
2862209
517052403
46504458
337309548
4465
9691375
113966160
727441715
313413310
580078170
634804251
821239128
988455798
6299475
498701280
269682475
188025778
3654
514437560
74613
129083904
152976286
955803044
575571556
288641640
294722781
21
146803272
823347910
17259390
6188
635376
221228700
471333211
51494751
171634128
794747031
792
54627300
632671880
673023016
17550
246919753
218666328
6188
830709180
667658984
243531475
134153712
7624512
520280465
631063426
18474840
910178720
4960
109905097
28801356
207288004
7624512
5985
441683781
167613209
376992
40432700
384199640
939438501
5985
951091436
48277230
968110003
239358627
111930
887117865
322014330
788861360
719469751
224773003
38408230
581842316
973620600
771272424
99846044
24672560
515421285
968870630
201653403
794747031
997978288
988455798
25621596
230300
713849500
727441715
882590945
898623927
886352356
7624512
2080
21374050
532179000
192937325
76981524
2108184
779035796
4869634
717920778
229071936
675993780
249411010
273819
376992
24393776
33
988455798
43949268
481008528
299674080
377396635
545436542
2118760
40300624
67401855
584688724
265182525
766067653
846678392
50116
43370641
878003710
23738715
721790895
419818776
842407581
573166440
8436
250654530
207627650
850668
139754121
201295
28342440
66811020
643418128
575757
3162510
49177128
8568
77
182637273
456326325
529420255
79208745
1287
79079
400083950
317691990
1199505
227051152
2802528
658008
211305403
80730
67910864
504649811
239969278
67910864
3276
581842316
864501
223070940
299867805
632671880
318539880
9493903
498187404
601368540
1370754
179658084
303675337
96682145
892341135
471137556
44551
15020334
6
174792640
357198177
88560
61690919
455129535
428536
935173128
264672528
867627988
759993876
2449791
751459528
90858768
330155056
628828200
10626
308550061
186043585
561743216
25621596
213903586
671571305
480494101
125318196
18163860
5160610
3162510
5006386
557845
252816247
303232251
55228866
140243446
443945503
180352320
664902745
556893480
1353400
233132900
603767329
4780230
3478761
116828271
53101884
156238908
428908116
106864890
10116344
80156791
304985751
375540320
1906884
148897035
264566400
6188
119877472
158517915
7556328
4187106
100290905
1906884
126841264
958683033
10967586
364
379853530
426684444
208131003
654045930
15020334
236561325
129677460
558370067
120458481
3009831
389079460
6784540
62467440
138389442
159246806
198792594
879968148
694251320
34826302
267620340
2380
158793820
140364532
1712304
769754986
191868495
20058300
89411878
138373041
146803272
4853170
87541245
199970001
368422703
661136784
254939490
280720440
734667848
82160
23842524
567733955
16215
128154195
278256
8936928
430510446
599566506
376737525
26964280
137688715
84694799
734345326
757360202
8713225
938449597
151213484
5379616
916283836
828989756
134153712
998988970
901289592
299011285
356138016
432542298
13019909
304985751
61124064
20102076
11358880
19368964
338429136
962598
591600030
3741
988872626
897333066
736883304
119486080
715
153547247
114254286
32801517
865758466
398480565
347174425
333452400
70058751
593657737
489266121
426790073
379033065
29051001
908629040
879880275
3162510
11238513
152096
339746225
91848681
18424
234516716
19757815
299674080
413718085
65780
593706590
3819816
2349060
169911
557845
13466253
939438501
104480740
118030185
12027060
594061192
10626
723104286
1215450
13991544
642520144
999043571
560103715
550207378
784750260
926120851
401442087
49177128
67494771
847660528
462
65780
616935501
987988124
968870630
643304376
96560646
468490993
408741623
698526906
65780
628828200
286243776
164059875
13251095
262674660
12103014
313893110
521855
10295472
675018159
11716640
846678392
8259888
2331890
101270
605746221
244979536
45349524
899681296
278256
289442201
49177128
535893090
605735468
170329331
464306843
5985
856793710
129790216
1321125
457873881
489516405
845516198
958984195
20584249
532075616
103805835
64894528
330791175
217028266
715043836
989348966
8789000
276821545
671446335
7711320
749398
27285336
42746519
167668501
966922300
580078170
66045
14686780
487367595
39524100
75760620
906192
773640780
5
2332880
71523144
67525
819574250
42504
6210820
25637001
646646
917210808
227908608
833368215
9366819
454399396
521855
18474840
298935360
28083765
326005345
132563501
4598126
420630510
91277485
83211450
57709770
336581080
951552415
434171760
246301022
521631180
133407285
151824025
17178876
153
102738945
11358880
846153126
820384032
4967690
292825
571880029
360689511
10609921
8259888
140364532
90498331
2278
819574250
834912816
473148847
43949268
278256
5773185
726166995
153054846
159001830
87541245
534219140
121578621
117612110
540274
10666600
14043870
237107976
873642672
11628
81147430
1712304
820384032
498187404
317532600
880090035
98491965
735130
649924275
24040016
416965528
91
43949268
574054446
292541766
58294563
80730
456353800
121485
351
113582855
169911
9880
619175553
869133609
272963405
508571992
23396220
943543382
292825
151173044
2441626
87304105
554479678
5473086
2997411
326380626
613465940
137085620
675993780
428920135
1929501
963305782
322014330
5989005
611677776
94150191
15020334
78102368
179629532
384709351
53524680
1502501
557845
272963405
397354126
445145680
39147416
632671880
8436
81803645
155906729
17550
44224635
26334
11319484
5461512
858016698
21
379622332
416965528
61433516
811908570
649855326
1426425
57940519
94112340
15
111653500
296729305
711151808
199550253
1081575
135751
6099006
39711
432295143
553526545
64446024
313563403
259924359
635745396
211706284
251743141
527654008
762666040
269145735
202989325
7160245
10015050
45586926
289550080
877093298
312197420
365648403
66447920
521855
62467440
29051001
56951128
766480
410040
67234647
28342440
745395651
255798271
908466625
657385070
726929385
12082785
237336
62891499
432295143
596904
13158860
547854651
727947883
34404080
916895
1086008
196148721
57155
45760
434153679
929258651
855154755
48989533
254274090
156340626
214338160
9691375
331395293
207288004
770679105
182637273
174963438
1712304
12884725
275233231
521855
901244960
30541644
410864613
35
2042975
403351003
916895
300
25808936
2415
895089205
850668
2349060
499327401
643346385
543590684
448608309
988872626
257315955
614215072
577368249
141902281
147455840
732468675
248878344
41507642
304243855
207288004
889808205
472291796
130344865
509267001
103962600
28982691
282566257
34826302
12650
49605780
675850995
325293371
487635
16793910
448156891
444303145
969798543
42504
843803740
204156
322014330
547033565
50
132563501
582309001
537187133
165920436
510209326
241879015
19117836
230545245
19970444
200170036
171079819
24992045
167549733
6188
476922373
788034456
854004950
587794287
53226878
422952530
415313511
194376
677469645
114003
11238513
588774872
2002
461994975
46217626
7770
1035
1008910
546498330
654045930
398786169
40432700
359066903
258135956
145752201
2172570
759993876
665075547
756779129
295427278
264566400
9657648
56192140
350161812
1783216
23780856
8936928
22537515
278256
5006386
384070283
31465
987079096
186936880
171700
220755079
42473245
243531475
225482985
85736957
16234505
42504
209951820
332336061
587002827
598100460
50999950
7624512
5118400
500978177
339746225
776673660
1663740
4005
931217982
786684866
462
17550
309319296
515853624
625462985
196211383
769080802
310540581
691008900
11740764
105835800
11912160
17716128
1663740
247030878
955889535
971635
688885165
3612280
764004610
516327327
591332163
715927253
68638340
281378503
22533126
359933112
26964280
387610812
25621596
227090016
18474840
795556103
1562275
838758403
5159805
4415372
111930
569514375
797348740
67910864
13799631
804440
149628067
122718904
6210820
17178876
864745266
31
45057474
125991255
779035796
698141886
958984195
4368
894496956
732470739
207288004
1225
18474840
646940175
856271085
9078630
416965528
92568571
8568
57940519
864501
48277230
405631384
633270666
35
594591404
6188
3464840
374425501
134153712
983257198
351988484
533906148
781834725
632671880
194580
58409520
224261960
609321530
838144153
12082785
497930787
773286801
333859526
387610812
418092885
66045
2441626
16974516
1502501
496627680
13983816
385051884
557845
393527485
64446024
768299820
9660036
631519720
46504458
174963438
86943220
124403620
724376953
686030952
811420470
198587009
915665380
952716446
891606956
887377685
988872626
374681615
286071240
909835149
862640416
701517261
348881876
253478975
784060200
1837620
745395651
199628211
31256555
927620128
13991544
920485110
797348740
500972031
2201851
418092885
53727345
304131971
46554321
174963438
732998849
678871606
65998350
140759031
149411541
1906884
767908455
986068101
406428065
6672876
727441715
591434234
608609236
6188
694446208
6188
787906056
16968225
36
9376615
11647551
391361737
324632
12457445
3003
2655360
581183371
11628
65780
27285336
874979589
1274196
953425278
12172369
105074256
826168565
694251320
194429340
2123555
624092969
362929260
185859436
299172987
2555190
694305440
557845
12341
890103528
324632
52360
20349
322691149
412046442
740549390
349973196
9145270
26765586
24040016
965823225
989036644
3764376
145853599
45559800
50566596
4187106
26334
450710001
72054010
968330028
547358241
727441715
4368
14197260
182637273
10668000
170986278
531465890
91848681
131811966
1502501
521855
301897540
711960889
507053400
682764722
117420150
31191446
747420890
321402081
2118760
114435756
690375235
766480
110952856
45548740
38630900
436793346
743584205
46190466
582993719
71523144
24359335
46
61124064
293025736
254231775
1533939
153476148
958849288
595901503
794747031
503793153
19190605
127081653
678832281
612967941
464306843
592634418
236561325
186814785
933832936
253
697560602
688235310
675993780
696074016
58
268393044
113582855
882072741
945362279
23
121747626
377396635
387515339
455809957
61
29234481
498113840
846678392
3515226
79091870
114299640
614801570
109149011
858195800
759993876
658008
483869386
134153712
543298267
941324355
146475945
2629575
142444900
89692921
236672250
207988210
207288004
23842524
914838330
116967344
4022880
305627700
15504
128648820
70169781
374764237
135751
7791378
394256810
15504
74323830
101270
147455840
270571953
962598
504396441
544691070
9029125
2869685
295427278
790516148
18896570
988872626
825886677
119666470
1906884
87541245
1394204
406244629
929632032
351871094
316251
8098300
515734786
396266808
988455798
2300
495593039
681496494
5989005
64446024
73247356
498253528
420230085
213338251
193841863
120505050
402073902
718724291
3580779
119666470
545440906
43252665
7160245
339746225
700549196
141926317
995673000
982197681
24992045
5160610
11402920
779035796
278256
6438740
417225900
20260275
2024785
334486180
407334596
539774796
614597725
633641576
59651715
86899329
418092885
49234605
16757360
802341711
275234400
433626317
588776770
668682980
317691990
21210504
456353800
791068599
35337828
1581580
987112231
17383860
345342041
333859526
324632
34826302
27729075
483278505
464227668
905534959
101270
854004950
602745759
26334
962598
359933112
568857363
49013160
72312028
62988724
662798878
909651840
30507895
5
748660
98491965
570411556
269145735
8783390
456612302
181213203
12103014
581842316
1712304
25637001
986687732
4235315
316251
16108764
319503939
698526906
926478311
57211376
168674510
91
198792594
33649
127258505
58409520
43680
99
365608778
682831911
705547706
321402081
107553111
31824
373566942
45212895
45760
24461515
413899606
1293699
119486080
191868495
39930516
13991544
549107464
913283364
278256
571546552
21
147361528
26334
1830
123127278
102114376
469975431
30483165
406966653
1712304
18474840
233132900
140205240
2225895
600610155
40920
17303755
387053200
3876
7940751
455139704
246186955
58905
501942
151684653
612274744
630710886
53130
4457400
11
70031500
1028790
468118069
960774747
15
295593912
988455798
4994380
13251095
348881876
803158870
137978796
98280
108995194
123410
532929628
143829280
207029130
5061836
801500703
247073751
432959451
358329835
66991089
423739716
27285336
114744084
739906765
243531475
2220075
432295143
3003
26098380
876048781
2699004
12103014
93926525
738643830
171009145
324632
19849166
862438321
492587578
6903565
644981905
20349
698526906
526485025
4967690
309281150
446063646
704658416
8649124
103078226
68685050
111930
766480
23706021
37845882
495
236561325
86943220
897951083
687799210
277962685
24040016
2441626
4780230
596904
612274744
39524100
309319296
142895675
2002
1264845
100915815
595665
6265840
633367825
882590945
59285793
71452955
851731451
2702100
552689424
152582940
6188
80549778
779256403
11238513
6438740
833368215
17550
479318126
121747626
297009378
715
76904685
41158691
153476148
324540216
346227875
7926171
8936928
173161445
777135485
247073751
1989015
824940204
566685735
8259888
57940519
111653500
491134490
978362499
964373403
17020
8259888
287676091
64644137
790271720
87541245
75792640
104148528
54870480
265824153
138015236
198792594
2123555
2704156
68073980
146803272
654045930
776243555
521855
128154195
409151700
460320
218821880
58409520
59626385
291903210
201376
13019909
5160610
1953
26536591
448072338
583122768
112805879
39175752
552689424
378124305
1906884
2450980
838638444
156340626
209091025
636035400
846678392
410645700
101615098
12650
3549439
126938211
161700
269145735
12082785
1712304
284660376
170297172
670200966
888030
8456328
7140
155117691
370127782
163185
600675130
65602785
137548789
264566400
682501153
3612280
854655035
26985531
650635480
479740800
581763105
321402081
29034396
418092885
1910035
159151171
40885625
191348083
5305653
239684565
3764376
3494046
51971283
910682080
35993370
43282239
656137660
261630670
38390964
353787239
970982974
493528070
74032364
37442160
846763387
230019076
21111090
13991544
91881
512424082
5563251
885705388
902562274
19757815
13991544
855841878
634286089
699922405
864501
130419325
1287
553526545
286243776
700437620
169911
4598126
413718085
44930915
47239010
555844868
69614100
22533126
4421275
322999236
201376
351166081
518822578
58898756
279877129
447289095
527897020
453424290
376603515
35960
257932710
29260
596039601
867449684
49177128
24040016
794747031
908338753
70058751
238695435
715
846520834
24040016
166167000
220361632
51971283
39529340
126365253
564752751
493234448
530870060
128164707
415554110
12103014
218821880
130783132
225112371
28342440
410568840
211915132
304985751
194580
85392846
80730
779432947
720463260
45770725
403471090
986470987
252
462
75582
161455750
80007984
434461503
4582116
1750540
8442105
52602165
635376
676458911
122391522
273142860
153829130
7315
4064785
268993924
491134490
374670872
13232835
647449946
280690971
491238840
21374050
988455798
11480
3819816
158882750
74303685
631098468
889156197
689417981
60659605
3624050
73150
303872878
415554110
281568280
18009460
525834754
15020334
3612280
36041955
130344865
623948620
79208745
401017110
1088430
885571972
190578024
723911939
4656
139389580
222438700
756786161
12975676
348881876
87541245
819335440
8568
973922630
5563251
431054713
703722570
8460441
324632
225150024
527897020
509155900
467180
21374050
621847600
88201170
2118760
834831120
68450850
560505421
21210504
45404789
140624835
495
21111090
141722460
969
22308392
7456420
462
118556901
48277230
385072821
952689014
8568
873642672
4187106
317986371
448072338
79079
63776075
163073535
792
244717588
153476148
115147900
65370406
15627231
622614630
24040016
3819816
689366963
988412491
19757815
421965775
503910515
275234400
102481086
510748714
98053434
215244480
4965115
2225895
105995
4187106
26334
675993780
21
309319296
12840751
50063860
2197656
20160075
882987276
422022964
34826302
43252665
61523748
178365
32468436
691540719
244222650
952689014
490314
665485485
164059875
45770725
172738786
823175704
657726799
985017384
203323695
58905
702075343
372527001
424270
404532154
64836045
4598126
119666470
303848226
148897035
801198170
507436323
376325895
719437278
927983760
27128465
198792594
39175752
818833050
790567966
210
557845
17303755
388438128
864501
214060736
234531275
8386560
10908404
254231775
4582116
11740764
658008
772107456
83291670
511601699
787678434
847957971
855154755
12840751
64684950
329872455
23426
5949147
298336058
377447148
225150024
75760620
26334
1414910
148842564
249900
680109599
934997960
922745767
417023287
350211345
5989005
800380045
62727721
346858291
773224482
300863792
695946630
24286965
57657951
652800520
70300
119486080
910178720
317691990
916395060
4273426
128164707
549999504
65102860
51971283
4582116
131054924
502031689
74
190
681709350
5989005
432295143
43862214
79499745
591600030
7940751
26334
67355421
45854676
424270
83896581
722285028
167549733
20488066
245626489
804867381
283701365
680588251
557845
810501743
151423503
229172636
140364532
130816
333859526
43949268
234782240
521623671
820140686
15171786
66764790
1086008
915984201
6188
381491494
58379415
229741876
119666470
161716335
4780230
49332470
601968924
651163800
2995128
675015165
45212895
102114376
682640
3764376
57211376
683947200
13991544
944830532
62066511
317850098
689994381
499816742
15504
71
160738214
51895935
63097500
530781900
244222650
49332470
4082925
112956268
296229970
19488280
142506
71728020
177775026
323090560
32350660
408939727
802206251
25637001
14137903
84870906
613427851
886446
24040016
475200869
938983843
48134020
803040680
434171760
27405
959688813
1088430
45212895
8259888
140651280
586862710
126380783
56
118755
337077518
10400600
1485226
6883905
12103014
276821545
477724830
950209370
61124064
51971283
733860979
5410240
748013181
1906884
968870630
696817608
100996212
3921225
62117055
132766176
306371942
83369265
46407404
65998350
185982523
58409520
381280305
258805859
803717925
917953555
320218122
298197855
167893650
126
365513203
41537055
680588251
584146640
109187253
57211376
14463090
376992
87
2362041
194595804
2926
121095300
272086128
960233593
680
331621381
316251
2024785
1287
7624512
224073865
128164707
1712304
2380
2895620
998988970
12103014
153829130
751381240
5721300
25637001
264566400
23751
3003
924
970380600
15803060
958984195
741901580
21592285
261630670
11360756
66045
5512640
1811656
174488238
1663740
3928101
21111090
769754986
473437543
389458576
932059600
146803272
367704645
10869453
124638366
126424936
625769030
73629072
6210820
18547360
145651044
67945521
203927570
820384032
15180
770769056
720720
447827628
371621953
752538150
11628
67960311
818583532
769754986
370163728
376188735
416965528
5005
373824220
62988724
629598831
56677949
185079180
367704645
193489100
134153712
467083929
16689753
13718740
495
469168827
946491352
855463031
31684800
2869685
30220155
855491900
289442201
217220247
3365856
362079731
9880
471532615
404619040
14197260
368245808
198485
14190
6123250
4186
769754986
62
351297271
861
901289592
404724186
475537380
823324628
67863915
210
379376594
324632
144084501
7028847
200192664
654045930
68685050
630819567
1533939
190740715
350343565
882552944
22100
673745544
428761520
776475528
4082925
480245424
338665056
970531653
140364532
67910864
216071394
859320696
15020334
348881876
327085626
290528059
1691880
25621596
184641126
94277046
467716275
820384032
311221831
1435820
446637580
417784508
3528496
210668601
990592305
134153712
226387980
3060
5354628
630305259
363245581
216546345
346831953
250654530
33649
959655677
537366062
555661116
202114304
333859526
190578024
147917120
40432700
641291616
5112003
16108764
1275
182120995
353518180
531950653
575757
26334
24992045
794589180
46334751
377396635
35960
359455078
12085216
255278310
353952562
557625330
10334625
11238513
15171786
136479981
489422541
4082925
22533126
271736328
581490253
21947850
802206251
19
80730
135751
275234400
146803272
23563939
680
848046
58409520
146881230
479806966
790271720
498187404
9962680
639013375
575164486
1712304
709797003
540012417
321629980
280720440
229980395
5995
16108764
21084251
3486
129766
387610812
1540
128164707
204547817
6
167747086
846153126
927341646
255467904
39662871
100104175
534017484
58347003
235586071
49234605
60665605
218499060
87592856
491992676
111469176
26235
330791175
210
41507642
784535466
3321960
207029130
8510740
886163135
611860305
617048796
386684145
91962520
309388460
146995520
174963438
688235310
237173310
20393691
261868698
736958532
61433516
29
183958161
450710001
76636
205016967
810855375
18474840
100915815
66719136
818805
632671880
12436340
21374050
593706590
802822485
118755
286238701
148379361
8495410
957492480
17083929
740066628
464926771
520823611
452244168
34826302
654045930
649943175
942365991
4187106
56
649868807
22537515
686103425
363921461
206095753
258997420
1533939
429464778
345208109
357781285
84688605
13019909
219790485
120691416
936793529
180072753
26334
111469176
98638035
521171689
74974368
3240
254274090
906573106
22537515
61156270
4272048
4060
356698695
464306843
13019909
176579028
379577600
754671750
440657386
29034396
657649585
168884631
39175752
4967690
45025305
138936115
42504
1184040
33961161
70031500
684703515
151861036
154001575
116828271
427367529
5949147
697604628
552689424
4582116
642965712
30703240
1961256
384126
140651280
39147416
438011770
32016576
145620310
104755575
166743288
21171329
985636600
572716641
745395651
174963438
675993780
81803645
52360
46407404
56921900
654584532
288747383
149152356
258929146
189648690
14952246
252
250654530
923460955
88560
7315
26568405
25621596
18202479
23751
409151700
21111090
781290685
815778769
24040016
618246174
418081986
72867865
17889171
272354037
7025626
71452955
4292145
904654779
153476148
31850400
263087391
529396
850668
86888426
435897
557012860
302641130
190578024
138415
50480490
556893480
265368251
63241881
414216153
662643810
409151700
635376
600805296
776673660
927491941
272963405
76076
122391522
803040680
731130036
98079939
65998350
126810775
7571886
696235588
56677949
795905253
435897
49332470
11628
669542121
501942
417294898
581422050
37752925
701831845
12457445
38505405
75287520
793473366
460279404
237336
233960896
860232253
509106901
2123555
362929260
163185
155293876
759194061
145008513
896048286
1004731
474366201
106308566
908455159
1837620
117480
183181376
658008
834831120
80730
458277942
6913340
376992
432295143
111016897
243884655
197084482
22537515
5949147
2997411
4582116
81803645
126387705
680689965
534219140
517624020
136233240
976753701
27285336
55950280
9657648
99795696
2193465
703734743
642221112
13
197829126
3162510
7840920
151821674
83291670
555394456
815385831
18474840
626467746
882590945
213338251
34930665
15777195
201376
555435925
80007984
591600030
35641099
40920
423156322
659884631
146803272
276292574
1712304
174003381
69597809
194831715
876053244
685747833
333859526
359933112
751924810
904761991
467019491
374079628
20349
879163517
324551503
96560646
82598880
15020334
527682460
810855375
252
962851647
51971283
783784530
223653104
688235310
252818300
89934166
800301994
292664520
616373605
83369265
850668
27646920
130629421
6545
115584315
956146277
1021384
214143479
560077155
92
163185
575757
87230922
702618841
133627360
365085
1150626
712852161
822267789
17259390
328456886
619618915
6096454
42072556
398240546
39529340
396417318
174963438
141120525
135751
611860305
28997920
825595902
5949147
98079939
151348015
22238720
678833596
560252749
439012896
218821880
435897
3257628
304512254
363253649
153829130
957919933
618246174
1181953
18547360
132380856
142222545
568481548
91390
577251864
177556160
335246275
54870480
53218852
294664470
1533939
7624512
937265094
485199330
721656936
697007116
585877446
334068953
553097170
3101560
643304376
757694533
37752925
70876376
460771869
44514890
417395559
587919195
13799631
128164707
989928820
763555514
66991089
14197260
949173615
715081653
128164707
832872721
658225705
326380626
50375703
792
790244
402895237
215244480
11238513
227987255
2002
2349060
501942
341427646
1028790
627296324
529860533
552689424
184829151
234531275
423010810
819574250
298814344
172227220
592385410
373587445
373566942
196161999
75614253
6438740
58905
88245720
1010331
547033565
68685050
304675715
136
219776095
695520
1287
920193120
358613980
52322708
81147430
2598960
247073751
651662699
254231775
194580
57940519
492007922
11440
736493307
98280
714211935
729218955
346100087
584191710
35990
85333200
561203319
142509403
10
522535064
126317565
792
352477093
309319296
1
4967690
119486080
419876731
16108764
621682425
631314811
947901640
4582116
357760
86567815
50285406
324632
1191196
623051176
794747031
599012578
633953320
28342440
225150024
16974516
137109336
503167995
596904
261827286
163011640
916895
455672041
837762064
224999341
960703744
376992
946811262
91223769
29280378
424118250
105639820
17259390
5456
182637273
97
10458451
11628
400119980
45770725
552689424
41345871
668498629
33585370
591600030
9393945
221393403
319764757
137989180
508837636
161182035
20260275
520634759
17259390
66046992
5209260
80730
185859436
71523144
721656936
256409335
499321493
487266153
580078170
607573751
515498256
372527001
174963438
84672315
53130
240482645
496646386
67162175
158882750
25621596
809487966
177100
420578557
2002
731386794
742453845
42
406428065
1906884
208285357
101270
20092215
264566400
40037826
16215
137085620
985217830
169861814
33649
70685221
571424966
2555190
153829130
979158005
216071394
20349
387468409
695946630
882590945
9350650
481791805
643750240
105995
239844760
319770
547131600
711215371
768111595
809660758
296010
658008
182104
19720001
59626385
769754986
692595443
20958500
10440
5359095
39175752
461534664
146803272
846596040
621847600
1610564
515927503
643304376
91390
308633854
5209260
286243776
101270
74422689
936793529
2118760
125991255
8568
59626385
942843600
460913330
2246839
359615971
10668000
11358880
173342890
127667893
578323045
3478761
12650
334985911
818068389
201892405
233132900
566685735
64446024
119666470
769636168
11628
1038220
509267001
170081346
18474840
232858990
593775
611860305
692571153
689151375
28185304
129098346
36890001
179101
3162510
359238359
92766497
51257700
26683744
28048800
794747031
52602165
448569680
2902845
84059590
846678392
372527001
751755460
610209645
45379620
83
422883873
971970
87541245
20425636
359933112
100915815
763525503
68361944
53867010
898786244
776002710
437177665
26334
83291670
8855
814646430
341055
826188810
996476403
896848115
17367708
34826302
952678464
54891018
854004950
111271125
439633040
300836285
388939995
49332470
100947
382634616
26683744
398339425
725680178
11238513
229741876
160178151
713068356
201324760
504958921
290363932
22533126
929778465
674271003
226095156
110135061
113578520
119666470
26517403
3777484
275234400
98770
776243555
658008
498187404
526185516
43895680
681524740
20804475
54891018
1287
18671940
1021384
405522880
3162510
534017484
586330835
122829301
895639326
114312249
607487796
3353896
30260340
497420
462
91881
6267570
373566942
309694038
737068815
419326629
84694799
1533939
601457027
630249256
456326325
68685050
18057045
884921415
537180322
19974360
473490550
101340876
347537801
173748376
22537515
91962520
66985005
144084501
966539110
130344865
204746640
2346
407693817
85536660
2598960
376051600
210842283
191868495
36041955
59
36542604
190578024
870456440
172561753
90942841
376992
528340540
177840370
3464840
160389488
83291670
793231299
971635
644961869
397736505
1581580
469194186
1088430
21
155117520
140651280
18474840
5461512
1486950
771755026
4845
7770
148393378
705064674
148995
74450503
15390826
371252022
221709153
18474840
611860305
17303755
33649
445145680
573352626
212540600
34597290
575757
588543450
491659585
197829126
897830504
220888671
630839094
270372200
443749845
612156883
176804610
151348015
587681544
580078170
650233739
16215
237336
769754986
141750703
177556160
320359141
260932815
332122000
494420043
381588019
864228015
46643125
278256
246274580
273142860
988455798
650653046
87541245
371289940
8214570
12103014
705921525
112036750
382313855
412802104
254231775
5006386
940545483
77246235
573352626
526110939
789135879
755185816
22533126
1370754
3432
12022156
755264677
792
83291670
40432700
51971283
497123935
17259390
134810340
148995
358200540
71523144
704269694
94610454
927361711
167051781
286243776
282637200
5949525
646358202
170524278
572685620
561116875
924804421
152481608
258135956
962598
399243153
20811575
846431877
75287520
1502501
46376
341396955
6471002
382986921
801771991
735817244
455126
648119123
38128278
680109599
209951820
216546345
213907168
932877757
20349
524036360
929778465
546742786
839805485
133784560
575363788
9437120
148897035
273704385
198792594
161455750
65780
1906884
30872016
144012566
956105536
1081
137085620
526934970
317691990
330
328655635
23014720
644641123
38567100
7940751
18163860
540597876
788418424
481008528
794747031
5989005
310124
423402001
39721230
122391522
13436856
21720556
891698500
84957251
83291670
864228015
333859526
629448770
23570040
359933112
304985751
870717315
11434006
49632800
287796036
920355156
8456328
499740241
3478761
211655025
461994975
77580600
161455750
19757815
261322304
498187404
1820
6
10827401
75287520
278256
754145435
14043870
198792594
743400974
550340076
857787490
32224114
901476979
972629789
33649
462
275234400
13019909
461994975
75792640
116704364
57155
161455750
531066068
64684950
52868981
435897
600610155
317691990
144329906
1086008
13251095
996003967
88884101
278256
790244
898000607
6612066
347854682
1373701
387610812
721082054
75287520
689232583
62117055
256799620
1533939
216071394
1221759
276961194
16234505
57940519
98280
460279404
846596040
80730
636035400
172246080
989928820
332936110
70876376
142087534
373566942
261417475
10660
131908700
7028847
162459040
46504458
539073722
416965528
64684950
746655883
595157426
831262042
612980612
820211095
488922085
46376
163703042
859096548
514354701
110298378
264566400
25621596
715
75995956
588532160
534840900
106308566
1716
237336
12650
768299820
233132900
43949268
1581580
61124064
84067499
387700300
201611868
84714636
9660036
73522764
35960
233132900
59626385
1353275
576012711
217184061
638388890
3066580
242664743
17259390
481008528
130871931
630
2081156
591600030
762270192
2118760
910005526
3478761
1533939
13232835
21210504
118755
4278
515421285
377261664
222438700
70300
113564
363919731
488328126
60741612
123001770
517579672
186043585
983660835
502714486
698526906
6438740
780
867850680
335210778
59904120
225831300
8341570
29034396
320082444
976400145
1370754
12975676
552970597
3876
696690078
204203721
600011497
526225461
2016
3819816
109736
167549733
709194291
448072338
420877392
94127247
22537515
988455798
6210820
9739491
163958886
432295143
26334
962598
672143722
197829126
1711
105271309
4582116
269682475
309319296
264566400
16108764
34706946
254668596
823185600
128164707
140364532
235609396
123410
620751017
4845
12442566
30
839864620
34826302
282257924
60862165
515853624
684688331
311814200
48315455
701120181
15187425
643304376
160389488
170446131
981079531
196010100
487367595
4937653
1906884
305329608
86567815
858848998
15329615
29034396
310144295
797315678
1533939
139521354
801276204
951800111
155943742
167344365
595665
13978828
45212895
254274090
680078514
123855810
825825120
970167422
51257700
160389488
188560841
635348150
969443904
54891018
9880
3899028
160389488
22957480
254194878
73741661
338767435
40300624
831907020
49
1712304
36890001
686740330
272199911
864228015
456326325
920112726
882552944
7624512
364000671
13343760
1219141
397436620
856260362
3478761
6
987258489
89746095
2123555
10424128
142506
656282675
2869685
6
216071394
451186564
23751
3268760
391370253
776673660
962312065
1693720
17259390
216071394
421675320
654634790
9139
32817151
846678392
1086008
159278440
231032460
554927955
787391005
855154755
151642040
2225895
87541245
824281503
7444011
19720001
801615164
262033278
383492665
195554976
599043104
14950
516345180
623051176
182637273
43903135
414878415
82251
82
21
4728720
1373701
84324591
55793766
16282071
174963438
1353275
78
958683033
873642672
758256456
596523070
41507642
246934045
457333100
43690560
64446024
9363584
413725337
4249575
596453991
22537515
98280
13853820
257932710
439378508
70365423
527897020
7726160
1741911
429640641
862489126
733502451
46161636
33649
685679756
359589153
171207120
613532935
690381774
71240016
2598960
285616950
16234505
992570084
421357718
206664615
233132900
919095884
38760
58152160
465217984
8495410
126078448
794747031
36890001
148995
91537110
16672425
169911
544691070
4753
213531445
712531624
13067054
913283364
334608015
213338251
12103014
24804
50757850
950894245
166832511
304919312
153476148
41507642
745395651
207029130
3168903
492196421
920193120
223460370
501942
86901493
876490780
31355324
19757815
358811866
380524685
83134065
45
142723537
1837620
160389488
412833855
164502591
814385
40690000
161455750
871607194
4682360
432295143
747311895
506004324
658008
45212895
901289592
635376
954271
20349
278232255
768752199
176222151
227037895
36949857
59651715
23426
376400336
552689424
2118760
472194525
837762064
19757815
524507466
8783390
4186171
167490753
976797900
168683931
121480931
1276003
264206855
89064531
2598960
154818406
677559190
3708726
464306843
592591951
96
387610812
792
367697537
4421275
5266635
122391522
153476148
364
346104
733042905
932059600
123472755
32801517
543592878
273819
98491965
7888725
94
750296953
309319296
398847646
30507895
12347930
509755085
371259885
416474156
976896578
958683033
142506
971853828
82173035
882590945
313941940
721656936
608917753
23738715
42924745
392991060
339746225
15952776
27427674
51030225
526640088
92906824
11238513
929106094
30703240
216546345
122311651
11238513
27285336
416474156
547431579
49041336
436270780
11238513
515853624
126
395831316
684999591
49177128
14885696
717812876
96560646
149771860
29772765
543395061
252
2796160
15387378
1353275
409151700
287580153
982862616
882882184
402073902
65780
169957415
23130030
502319899
119575380
744073176
66447920
102114376
236561325
116828271
683806376
971403777
739143576
5359095
958984195
8347680
122391522
678702422
374490028
504981379
713654235
153476148
750025815
169911
1
36
687954060
757247049
130161045
1837620
757908711
491134490
9691375
255722779
834451800
759993876
600105067
144703631
10334625
176284452
889759705
19190605
1028790
232298235
234531275
59400020
322428984
186892111
4060
153829130
11716640
888642996
74032364
515853624
23130030
5160610
405885448
98491965
811621905
18705786
82485480
493256767
939438501
481008528
450507344
349047831
623051176
83876205
117480
2349060
174795180
130096515
76076
59626385
688520386
312937653
569936049
798769195
465
211876
57940519
15390826
9730666
525110205
9691375
198792594
577251864
23979550
249900
148897035
73815
137799864
5238098
198792594
555461115
6188
81935268
214652064
919513816
111469176
41
914743378
842036324
163669278
338749857
348881876
540921161
9078630
126756
134926106
174963438
143218999
34826302
646299089
102340
290165204
719469751
625288566
138919446
3570
3353896
126
37644320
406233502
454707246
4371
948068457
743584205
3464840
156385460
7160245
6471002
820384032
170354272
245157
59759778
8855
44722580
161226780
158785110
150485226
1426425
794747031
134153712
47481609
82251
201376
55950280
146803272
225150024
80260180
643402259
288720400
134926106
802206251
556394761
233132900
195574753
891243090
673683571
5461512
12103014
49575903
976867804
22537515
765462222
133398377
402073902
81
547155417
234531275
284351628
403791151
534017484
824062489
540465003
5359519
827533685
846678392
610364827
14463090
250958406
799740021
2895620
721764
65969841
709900740
422022964
459363205
873642672
101399795
418863096
591600030
2391444
185618278
93660141
254274090
455126
5359095
30666196
462
215063430
939632925
363941838
22500864
227322820
230300
3612280
293761965
438964660
5949147
520983060
46620935
947738278
12870
326380626
22108415
57614745
128154195
1242676
862952545
591600030
412802104
134492260
106308566
969749299
234531275
613797338
157240914
140364532
353518180
128154195
12895581
606267595
324632
814385
994856555
195443412
126
42287806
118414384
1502501
201324760
297602656
7673835
906882427
76
223587231
7351695
21111090
70146090
122391522
89561164
652922058
487635
265368251
706187747
75287520
15086400
378631538
75287520
3612280
74121400
743584205
65305306
7315
26964280
256799620
3654
655349541
15504
283701365
565881504
22369536
30872016
182637273
846678392
498221961
19720001
20825
33649
10626
2054360
227495115
304985751
58905
687238227
548914411
378988260
8936928
603937635
167549733
38781
223398318
593431594
200190045
24040016
547033565
735479745
612517500
6435689
286243776
305947216
155364378
2081156
9657648
9657648
138872780
21374050
958683033
132563501
132176747
1215450
217088676
978080106
75287520
14680071
410040
144084501
77238876
907081120
651422334
254337008
2441626
3921225
441146585
40116600
480700
58098810
174963438
64569960
29900930
309319296
139603695
188939205
107567778
481258600
108479085
567111250
765128521
656137660
324632
85320
250832206
942452820
56376271
553794955
169362501
18474840
478223340
96560646
12884725
3081
710238212
26459175
2794155
1906884
86567815
106379420
346700277
422370372
98280
140591296
749398
70312375
504956696
543198076
836763505
382435282
711563490
394088775
49332470
1149886
357918039
2598960
506053401
677040
116828271
421453848
174963438
948017746
101270
3403
8555316
4582116
729869825
21337260
571880029
2635500
91780926
63466315
61124064
377396635
768299820
234531275
92568571
53287326
841874061
21111090
895551202
826150276
678584477
525110205
130451628
382313855
79208745
389051565
3981264
971075034
3060
286243776
521790360
63399430
313179945
8571870
65102860
366518867
335065357
515853624
397354126
281612628
5773185
325647960
334190220
192789791
90
30872016
8783390
103441604
50760804
7770
29051001
206665220
991247693
95475471
614597725
1287
5006386
347373600
857762073
897470965
11153835
12
80730
7622560
1378
12376
547033565
23751
971315901
145700985
779035796
1712304
313413310
167960
321402081
6053460
2324784
98613045
401677213
628537141
695946630
8259888
326030880
23286900
846928746
792
695738253
815048699
495
198792594
222438700
736416253
4368
584146640
190578024
590253261
20337240
472583135
19190605
225150024
14463090
212293270
177556160
729292919
321141257
73815
651623050
96334784
1581580
1749060
557845
5773185
346088610
233679771
650635480
68685050
38320568
27729075
4560
707652078
350926278
5949147
9962680
901244960
210165935
491134490
149092415
665635754
4851
341149446
66177440
1697403
227217903
29295685
101340876
59904120
43949268
648924868
192676475
458373384
351907185
56677949
112192710
565722720
540280
18663281
833594752
553526545
194831715
46835120
20349
1798940
296729305
75
191868495
2349060
756857871
134153712
593706590
10334625
65780
12579778
849679236
346331721
111469176
5949147
379853530
182637273
4187106
18643560
496772857
428761520
363438146
34220
247073751
722508680
56
81453466
366000040
1533939
3183545
180007425
3031864
815568888
8436
2391444
491134490
237304500
462
1502501
15089271
80260180
123410
95212726
35208615
191868495
1485
621682425
46376
748660
469330964
612589454
185541216
241417351
996502760
89184690
254646028
83291670
610768725
735479745
243689040
2775
795222431
76076
70
988455798
226387980
106308566
653647576
186043585
31850400
10334625
3353896
988455798
873765534
91848681
341055
304985751
86567815
2447578
697455202
776954074
136233240
132563501
330797781
2667126
4421275
27427674
978494110
946
234531275
286243776
306394196
7624512
84
2123555
675015165
154466059
211120381
3478761
21374050
129766
9078630
678006721
33624100
57940519
78844783
348330136
215820
1798940
402073902
534361915
159898650
108302403
1906884
309695016
43680
627734364
232707951
405285507
110508996
22481940
244222650
827288826
216767431
63512900
509250576
809575515
101270
50404915
174792640
485759943
102917614
497870907
3003
156340626
191868495
142506
450978066
253460
4780230
80730
37208251
153829130
25808936
438760576
273438880
80068185
54891018
367290
8259888
283171373
33649
120
1128
2542124
541394360
996411572
279445914
479267794
607573751
741
49177128
186854145
3838380
313813878
191340266
66991089
204156
438006003
749398
445145680
745968024
87541245
167549733
211575
445145680
778789440
340591140
210535560
416965528
3828
223765409
75848086
321402081
10827401
472371566
2235555
118755
79208745
9903475
1215450
575757
542267317
515853624
100302366
78738660
8
4368
213338251
27729075
596903076
353637140
28
438011770
434394966
680397369
319476003
102352278
32518570
119486080
19368964
3183545
744806310
2225895
40910535
98280
473490550
853557498
2349060
766281064
42072556
568064071
67910864
358200540
113564
286243776
1906884
646215140
23738715
603979520
4106980
377700640
101340876
2481115
553459161
26334
2680770
27285336
1906884
225150024
11998480
632671880
24359335
117588780
41356876
743947288
4582116
232277916
237336
515268242
7624512
234531275
5985
21374050
17550
479214361
213470495
552689424
501942
525439014
56047578
111469176
894835360
116828271
81803645
116991456
37329120
186370471
45212895
244222650
33649
7673835
906252278
77280675
201376
13017753
623945475
14950
573800
534017484
141722460
719469751
194580
124356956
72013410
6672876
399865060
4187106
247073751
751755460
2888406
907566267
552689424
555776715
19970444
766480
134652255
38630900
836181342
38630900
4149466
13991544
54303831
528433795
485199330
86493225
753826206
17003196
428761520
824626660
317691990
219421940
8855
54891018
598432336
792
552747888
32018910
545506414
153829130
83291670
115917595
877030021
114420628
57211376
317382230
976753701
78738660
440346524
4095
871176411
8855
873642672
390339704
3916
792
8568
589934050
219899656
107734200
25918007
167549733
146803272
16108764
855154755
47915890
24992045
2755378
71754210
31191446
865969785
247119796
583401561
477191
216546345
521855
493089906
565412203
6378736
136233240
1540
12620256
124445271
328667303
292009861
18468003
83434453
300836285
1089836
51994739
652814911
21120798
1947792
96560646
77646262
792517578
5949147
694431
9691375
4421275
75919387
77238876
849111445
241790804
923188965
2349060
138786130
7207200
25536231
1499784
21
968870630
183181376
51971283
89
54891018
4545100
292664520
812341718
24992045
627881010
534432471
810193615
5461512
2598960
2555190
918723163
423141792
15023421
129024480
17178876
664902745
24359335
286562199
699510906
773860595
371975117
111788628
252
727501440
218227386
82927881
194876374
793999003
662390520
415166520
1330
237336
67910864
4686825
122625630
116280
497240362
139821003
290667955
408762686
12103014
523762795
5461512
886436565
203545612
753088645
1906884
750049300
299658908
6188
32801517
20825
96560646
794747031
22537515
196263760
167549733
240027425
1610564
27620451
580692430
2496144
9127128
138253506
802666800
264206855
406
79091870
56227710
3483379
560
220383593
362652846
3981264
719247628
315651927
8259888
1215450
100
479318126
978833310
962598
582211334
487172505
117612110
913332430
758298096
88245720
3391024
942839449
275234400
784640350
118741755
846678392
111930
179230046
774593013
479817252
816
128248120
372113356
30045015
4
275234400
503623546
51943528
924970393
38203386
563220703
186312556
765483557
167549733
188560841
186397639
221833150
169911
247073751
241761806
671116566
662461153
8568
411185930
54891018
2672670
4967690
766480
3921225
278740836
1001
626544095
237761721
11358880
998988970
55883284
26964280
448383207
642347091
394214765
2118760
6438740
281499877
142506
296619546
66
397354126
13989405
706005262
194580
5013320
35462596
5006386
2035800
17550
51971283
131128140
1140
873470136
301019916
779035796
177556160
293930
601956490
206472025
34826302
167594749
210
101340876
192599751
275234400
910682080
7028847
13991544
664902745
53727345
275033331
418400128
198792594
473064068
12477510
5013320
934241432
117612110
771910986
683636334
203490
514171778
512549887
137989180
798620595
147440
5461512
501942
727441715
120758476
816
512756074
80730
3060
955889535
66066
14463090
542491781
564289835
148842564
9657648
1771
1750540
946510886
3321960
71538064
292664520
4187106
394719922
553270671
1221759
3428425
4235315
988172368
201051378
333375
65998350
883281465
4582116
560077155
677587861
65370406
61124064
75287520
177936409
2002
4582116
5721300
65638684
922639640
67910864
10417330
93741664
535577356
28342440
74303685
153721486
48277230
369556860
98217120
828725480
862602274
752314029
201376
49332470
6784540
967147796
223221112
42504
2598960
66337921
929632032
3101560
366145
8259888
244222650
73741661
20349
33025784
23751
376992
166242104
120172523
2331890
116716281
12103014
94268076
32687060
167549733
772264650
250654530
211017696
873642672
654045930
19142578
169684535
255467904
2760681
3921225
288641640
13244
126253
30856
15329615
513937830
595
62727721
688235310
7711320
239400021
408388803
220023096
134492260
26334
810292286
207288004
232473933
864228015
1287
683947200
27405
575757
91962520
3108105
410040
146475945
137667494
27561600
769754986
218618940
962598
52346567
8568
13232835
135281661
30421755
122422128
5013320
99884400
375540320
692393988
600610155
17666220
225150024
777697641
186936880
572685620
179087123
323063911
637520533
103962600
153829130
493969596
367997210
527897020
156972621
73162656
794747031
79208745
197381009
24359335
746891925
5502903
15288900
999158619
717944769
845242170
8568
163185
134596
452631651
23426
92231140
42296805
222488965
322405615
20349
101633224
93926525
34229735
87541245
223070940
126
2145
12271512
377121916
400119980
3003
6
534017484
402790886
16108764
600428915
376189689
15504
364
420601435
7940751
297602656
18663281
167549733
313613490
7673835
743584205
373566942
254231775
169675831
11358880
882525078
48277230
22533126
309319296
18474840
483820822
196927338
55182765
64039976
392292290
270725
426684444
225482985
91894530
146803272
674858691
549107464
586092099
53727345
9145270
749398
286243776
906365998
4187106
903
971999700
1221759
223070940
179125128
416821535
300749317
413718085
354817320
607573751
774849940
43949268
794110878
41081876
167668501
126
1282975
32509
698526906
205394497
65998350
341055
39721230
36542604
658931762
43071
534017484
79208745
534017484
12840751
845474898
21111090
810212385
612472753
654045930
43949268
26964280
834175832
304985751
7028847
2349060
34220
64684950
65102860
66447920
650635480
244222650
65780
719469751
712852161
130344865
479318126
749398
251500396
8259888
297602656
923103028
959097216
543988620
683638007
751417034
515853624
646722630
362929260
480473327
38767960
53130
298852583
979009125
8259888
66045
481008528
439549518
501942
88451650
201376
4845
178365
373566942
158793820
19757815
891881376
254231775
27285336
372527001
949599885
154001575
4869634
35284690
498187404
12650
279482301
36367656
162698416
182637273
675814230
981665895
971970
8936928
571880029
22765060
2934253
4106980
436882020
278256
1
656288791
15
117612110
365859499
761924534
24040016
662643810
237336
616549170
14043870
2349060
42674540
904954986
150237955
83293551
944711778
274447306
88201170
56653986
278256
156849
136843696
17296
85900584
560077155
20037615
70058751
932059600
225792840
496627680
654045930
502476830
633306255
80931145
8568
17259390
947294313
1623160
32801517
497640
312362515
33538245
64304604
363075166
52602165
40432700
254231775
132336975
2118760
134153712
988455798
834226982
895777685
313341741
4
127258505
456155910
77974857
635376
84957251
810773555
4421275
130344865
317691990
451481626
7028847
515853624
11358880
94966795
7282836
481008528
5461512
428761520
231032460
10737573
64304604
118446495
382457240
448072338
70876376
11071620
566672366
39
6
4368
61433516
283701365
132563501
915981
5311735
216546345
330
120722491
5616324
216071394
391657906
277784563
448072338
5200300
711563490
5563251
22
133931161
12103014
846153126
16222590
681561660
16108764
816423436
13019909
332779497
6557631
15020334
554728086
376992
27859380
67910864
338983316
82773411
54264
864501
585276
62064159
353637140
163684465
11238513
940291506
186043585
878003710
29034396
455
751755460
26964280
181441725
791494772
10660
229483176
93691957
3003
12103014
547556778
890061336
548354040
586862710
172061505
339746225
133774268
3003
390613792
244222650
152096
687879927
862387514
378660461
94593135
104249580
31177356
19757815
6
840217505
2349060
655356157
88
844173505
111271125
457333100
123976131
705432
833663422
129988691
171
168171004
121218546
657385070
271503253
266935305
29885909
354804841
446888739
216071394
127813449
955303905
892383381
8859500
456367366
653709001
130344865
728875290
227920
678833596
99271095
659417136
515498256
353518180
435897
3049501
614021711
748660
664904245
792
94143280
936793529
915513445
48113145
210182737
72867865
54740
19701
26978328
321402081
842171330
6913340
33585370
979845988
48762750
958984195
1649836
98783860
702825771
684962578
5989445
119482193
675993780
419963671
57100168
972778973
11358880
79208745
