10000
24040016
258974661
5532801
125181420
283261014
15329615
7624512
455126
121177919
45559800
357660885
987390141
952260866
5949147
44
740549390
946655424
622709695
139218909
1001
2441626
324632
25808936
6471002
33649
378221256
151348015
791403220
837003235
291647476
21278026
125181420
902447910
564866466
36542604
134810340
193720086
134153712
464042880
968763299
89857530
548867034
487459164
6
12895581
684851545
2598960
947901640
800578754
60
353580528
35208615
780434424
48134020
121095300
82798716
32350660
122391522
452450580
106308566
56031760
515853624
697193811
477191
16435111
20145378
860968017
53727345
877365105
11238513
572475250
19757815
944432330
586862710
264566400
776711991
743584205
595665
71452955
2869685
593706590
590356341
255184755
8568
572895626
566685735
747326800
127258505
515498256
2575981
174792640
333633196
4187106
56192140
750049300
27754975
140364532
3898895
626581607
17666220
182637273
766028511
1490401
481008528
229791464
8783390
33196020
971721570
718375560
731281217
462
416965528
491134490
7770
2002
43949268
445145680
810855375
10668000
367290
58195866
3819816
509155900
7138531
14950
112805879
552689424
172636071
103600815
90556280
32
534219140
16108764
13019909
4368
18424
228803037
3003
333859526
1929501
35
447602935
9657648
5949147
8936928
839230105
18431920
720461820
704486729
546063710
251500396
637615430
657945567
227938315
3003
64684950
413718085
649124440
11009376
37274656
17303755
15907256
552435380
72024712
52405220
203490
3049501
915813003
633953320
710489673
1330
80803828
17205
817962436
33366840
412871792
34220
394004556
13019909
400034755
293510106
2118760
39711
158793820
2963220
939929
32801517
698526906
569656613
51
17666220
551136600
501942
588835855
80730
347373600
43680
278256
201359550
318539880
245626489
3162510
19013940
236041124
438953635
474196216
607573751
239844760
657470701
37752925
855617192
264566400
965910750
4
10295472
232902319
614799423
116828271
74616060
129024480
115584315
322287966
37752925
29772765
1038220
410040
91390
192423153
17296
387793347
1587986
244222650
3060
144084501
363083878
227483048
7624512
124356956
80702160
435897
808285112
586890930
658029065
16108764
577251864
848075714
367012100
218898086
218301912
1221759
746655949
464306843
34826302
878947882
134506440
501942
383306
13019909
727441715
564463200
169911
944641831
400912086
43585116
740549390
358318082
733234365
2973141
80730
386183736
61124064
648126006
126
57980296
28031328
895983944
39524100
31192286
88132726
12650
219421940
718153326
635376
464227456
88201170
22897930
357536358
299941278
280720440
167549733
797628532
38110815
14950
124625980
466208380
791522578
63212868
416965528
503167995
2108184
1560780
500780644
802206251
593706590
195515425
594486921
474027445
850668
269145735
45982300
80730
614858729
935213776
173764955
128164707
777370141
983572128
146487319
314457495
564752751
600578325
820384032
181632270
1837620
2794155
60157236
345858150
144646894
121424309
127832055
674058590
313413310
1663740
675993780
14891626
64446024
20349
2600
490502623
215820
886152968
255467904
366378915
15020334
20958500
207288004
349504
13019909
478796216
258633396
49177128
4582116
61123096
859942656
67644534
486392455
10626
752778404
2135445
29034396
828363250
792
161226780
382828285
549149778
112852776
379162964
717807105
2349060
382313855
38189430
23751
787466656
643304376
353518180
17666220
770457885
537231387
820384032
123410
404091465
511264204
2303960
13633830
307880476
521631180
657812646
7028847
91152443
632671880
972545843
155428976
43949268
988455798
365322100
20349
134488200
17178876
916895
879041485
152443773
72013410
1365
14043870
220426506
126
20521621
10193765
958984195
663023239
4421275
341378078
49234605
258224175
5989005
175865635
422952530
431381382
36504878
502710529
94953660
220027753
34220
37
350161812
252
46217626
846678392
98
130483935
846434940
346700277
82251
293035598
677040
12794200
662491091
839414109
873642672
879518380
390339704
86567815
505120565
794747031
856744555
948453681
286243776
339565204
896062611
53130
98431480
1370754
837366426
207288004
894402427
309177995
165668499
586541694
654045930
24040016
7456420
39175752
901442663
127736136
292825
15777195
102114376
79208745
40690000
34514985
98491965
8936928
713909791
86
630
611085091
184756
560090164
101633224
473192980
23751
134044
481570095
889681653
171700
264566400
648954351
385947324
364479049
429495140
481008528
280602368
373566942
112036750
91962520
658008
920193120
330791175
247574180
23041866
409202945
94966795
2454220
810855375
138752811
1275
122391522
507053400
111469176
968870630
286562199
346692343
166787341
783445506
118755
181678451
1247410
520823611
409251745
54891018
420019285
22957480
546535
177802380
29034396
53130
4060
153729345
79
973163548
294528
266111226
93240126
60411064
7145775
1749060
903610354
13991544
361710856
73744440
497640
123692856
113921965
698526906
11358880
182637273
591600030
580774321
77280675
211876
138372664
153829130
45760
10010575
28338485
1081
134153712
346700277
841753
173251364
48903492
497123935
103500078
921075844
123362778
288641640
230212153
140364532
666302852
180352320
34389810
30856
930331556
9870
211666183
3403
5852925
240978081
669923364
701609132
677690520
71728020
47698420
824626660
442790040
210184425
21111090
275233231
58311
5359095
278256
8145060
417661004
2080
1287
969
76363875
745395651
96
733623990
463494681
195041125
26294360
509267001
163011640
9290431
5563251
2024785
580078170
357874881
65522628
540300628
286243776
994513101
749398
13633830
160389488
739436959
39524100
48949745
599475476
1716
382313855
201376
12840751
53618190
80730
999067350
111930
121485
159195246
998256926
727441715
36217961
43
745395651
7673835
511770688
142506
23130030
55130250
41507642
15020334
77272355
122391522
135751
554940882
346700277
118640521
76164789
927983760
261941716
486966575
91962520
788223660
89857530
906811928
37752925
398992277
568115245
873642672
226095156
53455941
89561164
142444900
772196269
42104076
53727345
27539873
417201454
21374050
29051001
715169000
547033565
76981524
727441715
97030340
198851653
23738715
83291670
195768144
113718512
54891018
186409086
376992
798769195
352916028
59301495
26334
182637273
100290905
430438246
846678392
39524100
134044
143218999
929778465
88410
745395651
333917403
498187404
471190755
470523826
372113356
216546345
673005095
181308403
271063100
878404087
14004539
358200540
177100
2919736
1
17550
3276
833865868
802982775
307994693
122243163
12436340
65780
41264070
216432580
234531275
60946320
526153786
87541245
321119572
390548486
990458778
418318320
216071394
632671880
36
853324784
179712361
128164707
903643888
769754986
675993780
5160610
910682080
80730
966311625
62207880
400704560
216516795
573352626
596904
497646968
5773185
498187404
26992878
48792380
758064453
79079
65780
74856124
46373265
101153976
718647417
362929260
124117890
388466001
317709028
89892055
720720
4545100
43252665
11
591600030
101340876
24117100
931117948
530842236
113578520
236194245
341149446
323808318
44352165
98280
2118760
8442105
66447920
338181305
690857100
909739594
406852075
70
466996912
510209326
168171004
763088291
452508486
7315
9657648
270725
593706590
24040016
656455093
162364648
71523144
254274090
614716556
21374050
78738660
462250620
2349060
692825217
54479680
10400600
490988116
663645840
1502501
1898400
68
943057852
160389488
1282975
966522061
5359095
359933112
527621370
618345893
163980735
67525
5006386
50388
192501631
975243301
782437461
752778404
47239010
126
790010300
854353116
192423153
813066640
901244960
7413705
67448305
25621596
151348015
561
347745291
621847600
218821880
261630670
180352320
557845
292825
76076
7770
50404915
175311816
962598
911670338
86567815
292825
7413705
34229735
366460128
290408761
292953115
854004950
23738715
935213776
725244929
231114250
244222650
139620405
8259888
142506
416965528
10424128
144084501
247574180
190578024
766744037
665485485
4022880
223070940
635100734
849029028
7940751
116090703
165668499
74032364
869465850
20811575
135751
1653
26389980
5311735
350343565
172061505
203927570
5985
481008528
211670471
556828506
160389488
50127055
369486752
736591424
387610812
632310141
49902940
4064785
3542276
17550
84957251
876490780
11319484
416965528
903990556
192285855
15180
16690849
425749242
277962685
658008
213882903
674601225
503910515
64446024
66177440
991201033
103805835
33649
534017484
285616950
134044
280720440
769754986
434171760
66660831
968870630
80730
898679070
65191071
163190944
503167995
199628211
652404900
57155
1133265
32468436
907742136
4682360
15329615
5774275
104943828
313020984
93263653
42674540
5461512
19849166
289501953
25378795
11628
4582116
42296805
589206937
115525540
929632032
255467904
30421755
855154755
39175752
128164707
280720440
646003540
12103014
497663760
609290826
248710387
346700277
75585161
247073751
34826302
378
1150626
622614630
988456953
745395651
4421275
514437560
137989180
12704100
412833855
547987065
395654395
565452159
597388608
67158255
16108764
988455798
14028
1225
7315
346258550
29269240
171
6188
451937080
988455798
56
10424128
552689424
263684130
86231278
658008
16701685
621682425
959097216
367869250
18474840
949495645
15020334
1128
550638705
26721705
291985695
536340684
148634661
29034396
7028847
10015005
4421275
917354361
2412306
2496495
1287
25621596
1499784
454044045
281710716
12457445
278522530
552689424
105271309
949495645
46194526
560077155
1370754
190194180
5006386
790244
743256601
714843804
115775100
210
11875501
930378816
490580826
75287520
324632
121485
22537515
9078630
51485850
182637273
183579396
703722570
565285
312186440
230300
126
362929260
163958886
2672670
275925286
39175752
285832095
304985751
373566942
96560646
541931236
7432440
530227487
2441626
8936928
1540
341584453
270725
867840291
1947792
139760144
765754545
958683033
261497061
792
2027795
113564
958683033
188939205
759993876
591600030
460333653
387610812
516560409
2081156
833835003
775851257
145777818
43949268
297461564
1086008
47917155
241435625
901244960
901244960
2002
571880029
2794155
317205078
891881376
815859091
261941716
54740
647449946
475506541
60813906
85333200
66045
13343760
5309116
7413705
66637740
8215431
133252232
901289592
623211093
1516411
166321441
190194180
523253196
695066970
355977903
12875275
144025133
435897
435897
1215450
50404915
85974801
737505
2869685
207437896
761987345
474434460
56
48620
29034396
1533939
3819816
1906884
534219140
929886261
96560646
384199640
767260783
737849941
10626
952726726
609617533
847508230
3619560
29772765
20825
111469176
153711811
41719545
131908700
200860990
463379955
974379180
933605601
978833310
202927725
975968014
91962520
232902153
333859526
323219856
28338485
6
794747031
958683033
62323030
158882750
230230
26964280
292825
1370754
27285336
317028790
4187106
171637772
348891270
13633830
11236456
968716874
85013600
32016576
627190976
1150626
630113137
236502903
606790866
313941940
29034396
34826302
928868582
971970
283485877
462
17550
873642672
49177128
918382653
25637001
5331745
855154755
34220
6435
783919039
715989561
55950280
125181420
772415580
72867865
174792640
926841
185859436
857000700
749645898
347307062
423537944
244222650
146475945
376992
54264
212551276
11998480
633341845
752041153
6
720198191
362796840
968137202
66
2123555
78820290
140364532
321402081
416965528
621216192
87153
148897035
394734753
408332185
67910864
194074551
680314862
96129235
16134040
535394761
12572605
571880029
11009376
47239010
694251320
81861380
958683033
158327440
886163135
335782864
136310582
32979220
462893786
3819816
996129158
548957660
322405615
600610155
675152631
808730559
560077155
301897540
46620935
161455750
958683033
387610812
2850
591456421
480700
245626489
428078258
700490938
121204271
908958702
71523144
32801517
4421275
36288252
858698961
621898278
315146366
7315
197044120
49332470
467716275
4917220
32801517
610435071
322186420
24992045
497117746
698526906
481911535
172227220
117031029
424270
318539880
460060611
833117822
25621596
55468644
1431
93240126
664475655
119486080
18474840
19600
641158998
163185
5461512
36666766
31465
855154755
2275280
25637001
48277230
8936928
461994975
4060
462
4582116
969386496
942148936
285129390
252
170192025
9783676
29772765
35960
4845
6435689
869381705
223369063
514117781
243045495
587816328
3162510
2869685
29051253
19757815
387853026
1215450
864228015
3570
20260275
18643560
348881876
869107785
456016094
12103014
534007540
550215280
852571577
109719891
424556806
3974790
473854553
494649751
51971283
224921445
98280
7413705
64446024
187460
19600
3478761
245954530
11486765
180870690
315829182
937423350
4187106
583494234
51944179
93400278
477027682
688235310
106953
79208745
300186253
7624512
244901646
300774261
412888155
5881204
628828200
71452955
188018480
542055668
993664000
1587986
252
34389810
51971283
611860305
1084128
804440
131908700
3321
10424128
10334625
868952195
2598960
72874120
201376
72234190
7315
92718153
811702486
244979536
873373285
190578024
821441778
992576533
708871197
761385100
179314453
151348015
508895156
1221759
31256555
106308566
420403034
302715315
846678392
666
61523748
448072338
978833310
115525540
3542276
32509
47936010
8214570
22632705
6471002
98280
109750159
96560646
346805616
635376
30
864228015
1
4149466
4368
49332470
147917120
49177128
125306186
10010575
699441964
198792594
133196304
893808687
32801517
969298435
10955929
553270671
1086008
93619086
491468845
156385460
988455798
20349
4582116
405996760
17259390
5461280
683584166
172910917
138872780
1712304
456326325
947887570
28185304
7940751
952028430
200192664
296729305
811629280
172673236
540597876
49177128
39160195
151348015
988872626
125181420
53130
607174128
511120378
157963184
70594000
205320696
12376
929632032
10948860
757079398
485270281
134153712
4249575
49177128
352716
58905
20475
165668499
111607501
516677869
11628
636035400
5359095
123409905
14985824
787032975
27405
17259390
37820
82251
2349060
595665
404090729
172061505
21337260
24804
115284520
116216477
198792594
71443385
96560646
98553780
198094560
81606700
680361
428536
203927570
333859526
5359095
92231140
126
901289592
56
216071394
48762750
17193540
511788231
848074380
637009917
49
76385540
120
174279560
590356341
497123935
2869685
5606226
56031760
764057491
736915245
529420255
210165935
620984852
477815497
180352320
37442160
169911
10626
402073902
744610896
63391251
774849940
783236700
502682778
616836050
552026258
3542276
308152725
15020334
67331650
24040016
69193365
178365
605187231
566685735
749398
202276441
450657432
23751
682640
128680903
326142833
698526906
191868495
159278440
20708500
652404900
18474840
42924745
146475945
7775940
10
777271636
5949147
2305878
209951820
1274196
926914108
6471002
10668000
63391251
835975605
448072338
30507895
16542064
273751565
955889535
84532503
473490550
50116
290889410
321402081
424270
382313855
30045015
80730
31465
537838003
985200134
348330136
813355278
63159209
755572839
2123555
975251530
699441964
91537110
963922180
233132900
728646225
180534276
21947850
206461360
807532093
396544840
114744084
190578024
1287
130823400
3464840
1533939
905185
138509826
15020334
1656360
2332880
1
793626505
58409520
182120995
810193615
14043870
82310865
727441715
585094107
717049515
230300
70312375
2002
423041328
525674100
657645829
78306355
115862253
134810340
356458350
333859526
429141063
198713750
4780230
8238416
1848224
286987379
471564763
13
285845196
19961721
294989905
653035723
134750736
837222750
124496310
80730
1533939
236561325
21374050
416965528
10948860
846678392
243068176
21374050
15020334
6288831
2288730
431613598
518689090
497123935
89
264566400
651334278
346200141
793097481
864501
19608085
618246174
56031760
30380616
831850866
275932384
900648317
24812745
111607501
575757
12457445
500813776
159488276
125595015
16108764
92561040
164689455
90858768
20349
244222650
750800625
153476148
18163860
300674088
516120256
406025256
3432
149273281
98491965
17259390
12457445
151998330
92378
301602871
877345994
864902245
2869685
28342440
412749546
951817364
870107932
5383720
42473245
162585528
975243301
802206251
403716544
91962520
75287520
119666470
733813080
1144066
481008528
84957251
303158376
45349524
497640
88245720
846153126
17550
9145270
76704471
91390
394765284
69460791
27277796
783617012
374015479
959097216
204156
4582116
271755176
107880
451275578
6188
662390520
669946235
482998740
30872016
264566400
944842185
2166321
218729070
4187106
323798188
180352320
201324760
5
10660
40475358
189959286
265306564
27285336
1929501
532768834
271037403
855154755
497117746
39044264
96560646
657800
819574250
25637001
110780702
9073260
211120381
118755
626671220
957492480
159764045
356930399
7074441
284414780
243531475
545468962
376590118
930485175
744999300
45559800
517213203
354817320
628794453
593862132
13991544
988455798
425749416
31748496
158882750
278084233
571880029
102715700
1426425
119666470
14891626
359187003
280146285
1929501
14004539
304985751
376992
100582334
8936928
14463090
305661113
878203095
986501571
5309116
125080836
557276222
742255608
16328620
85078
214060736
50404915
751755460
167549733
487367595
44100136
335984943
174370938
159263025
177758730
265368251
10668000
5209260
675993780
98491965
71635621
297602656
71956429
776673660
786577400
680262649
294625675
169911
77238876
27285336
1107568
440228628
65780
85320
218206495
648415271
739198844
93245900
677040
134810340
736281
905315371
20349
529420255
124403620
240027425
17414440
13123110
230300
776673660
39175752
648774231
382313855
589947866
955292378
115584315
227477787
401190165
41476260
35
8146666
769359151
741567816
210
484896511
102911031
658008
712597532
24040016
21374050
981752135
50456035
13158860
606341889
30703240
83793877
34826302
123536120
33585370
845119419
355395860
169179020
787188596
13633830
141120525
846678392
628404426
970619770
3819816
856357996
104958316
21111090
529420255
983819086
874979589
149306730
5245786
774849940
852328828
790244
785581000
2405721
485199330
339746225
2598960
174691566
2869685
110022940
391342276
35641099
3478761
5461512
515853624
23
358692417
250521885
4096953
870666052
27646920
323960624
807878193
442605628
21474180
535114779
575757
252371811
986487784
74303685
35007528
485889975
161700
147242234
1221759
279445914
67910864
7673835
1663740
286549830
994530489
885594480
295904450
786045676
603520653
361104388
273819
436270780
8259888
551752376
940743405
5949147
23995128
123378765
501942
27285336
369556860
882945253
31
58409520
236561325
17178876
278869536
111156
97
602496785
377348994
5461512
899169282
145422675
35960
207288004
323182496
477099068
484360178
89561164
820384032
117247805
198792594
85118628
3162510
57507450
13527801
523810866
102114376
335246275
133195681
276821545
15020334
464306843
649062435
15187425
620645575
13158860
391196968
121747626
448444259
245536023
671831583
7673835
583915828
169684535
244222650
501283387
794747031
383346521
703722570
100033440
11480
216071394
43949268
446960151
1873200
375996753
1581580
58905
102252150
123378486
80321475
198792594
646215140
333859526
9682200
485199330
243531475
424031230
725694357
39175752
124370106
1770
25827165
9437120
178365
441564903
166695375
309177995
3697960
855154755
12527515
1176
3478761
66177440
715871479
960661751
1711
148995
121747626
134575143
422022964
11571020
994856555
131292910
121949457
772067716
911068641
10334625
12103014
309319296
267763131
1287
828363250
595457071
7315
654045930
131128140
190578024
168674510
51494751
778789440
237336
439827010
36724710
52451256
94432118
210165935
381418390
549107464
156849
246905
254420403
274976645
25729551
144708285
363637296
4082925
579088053
222796712
1712304
340641319
18474840
152219940
178365
36949857
21849334
34389810
552689424
557845
246475503
2380
806718262
1287
10424128
729790970
732830140
738860376
135457570
92
445757657
140364532
266724156
21111090
8259888
2441626
11009376
873642672
939929
14950
636763141
57211376
26389980
869648208
486676704
25621596
91894530
4780230
287280400
276371805
13983816
225164373
37090735
382662280
482128878
567011760
7331104
250817070
174963438
828363250
443926432
83082495
184336481
117612110
35
85320
332162425
71523144
64446024
2349060
805552590
873642672
260580009
44930915
33585370
125595015
164059875
725783584
15493204
30616217
367290
855154755
901289592
829222179
958683033
3819816
842777040
72294300
199370803
192386600
6695970
316204555
913283364
243531475
745395651
58898756
733813080
437353560
9174186
158882750
372113356
154143080
629654896
4187106
416474156
750049300
182637273
27405
11009376
51963915
20811575
18009460
106308566
225150024
252570103
26334
798769195
161700
100
428761520
13704970
654045930
1378
194543753
123111586
355290936
571880029
3486
464306843
1712304
160389488
20811575
82160
12620256
31465
594055406
469194186
97853055
341159050
244222650
74825672
27368901
4368
422068811
210750715
286
3939936
359933112
939438501
719137254
46504458
177556160
25621596
471435600
347258727
448072338
586733658
3060
608856
237336
7382403
393331128
98280
1906884
7028847
322695593
598977966
10424128
13019909
329219457
457395135
1373701
3462396
7160245
484833621
298497877
498187404
203927570
144708285
346700277
569568132
448072338
792
153829130
940010662
245685964
450507344
665485485
667640611
346104
631670746
210165935
368873711
205426315
547033565
817388900
9691375
75287520
212226
576454035
137989180
9381251
1530375
126009520
2016
62207880
457310
46623996
108586729
16974051
186216051
1030330
10989810
815709051
793626505
632671880
462
793154706
145008513
431313135
435897
632671880
715800366
3240
998988970
30872016
180534276
377396635
540597876
459999946
658391328
236585628
31519775
93
3612280
337424572
40431040
409738251
253248765
883518945
373566942
912798515
428519947
8436
302292329
2794155
9212778
402073902
224413961
554524383
362929260
3764376
220437294
222659696
134153712
882896966
749398
61176830
472733756
6
351
174963438
611860305
958984195
42504
381588019
728039597
548664707
320082444
9454726
283231900
3697960
665340481
1134771
25621596
792
20825
237937875
994673684
99200655
2349060
882590945
962312065
27405
780184251
216546345
57940519
243002035
400119980
515421285
745395651
7059052
63391251
3464840
104931312
242231055
452315479
929632032
448072338
286243776
8
450978066
72739891
67331650
824740434
52602165
418660516
62117055
174723471
295102747
83369265
269549371
410422131
316251
42674540
255467904
1088430
471475278
99
197221989
174963438
600447484
12650
636513360
163361850
366145
1771
680213814
367290
202626373
268993924
340696356
96560646
21720556
558011740
78005598
1502501
239208004
9139
321402081
1749060
1107414
79096753
205895824
30703240
951276193
2349060
10
395010
138415
29
628828200
480245424
732124245
517624020
216642520
619236456
20811575
2699004
24040016
71982001
47698420
341055
118755
12090903
899966871
217163220
397354126
14489644
373824220
708587730
3101560
120500025
359933112
915013719
3819816
25621596
47789976
136
359933112
30872016
2919735
12457445
207288004
4187106
26334
205320696
2123555
12341
33174585
581106988
919688387
534707904
29034396
930033060
16108764
633519810
285706823
292825
3321960
65780
692981730
771945864
25621596
708587730
13991544
745395651
22632705
98280
85013600
988172368
496980808
12103014
909830946
234531275
669758396
229172636
4845
658029065
1150626
179481600
11037951
423125141
4371
542373580
7070680
723319033
749398
4753
249900
834459836
177100560
82598880
337431
23760171
209805291
533937570
971635
45212895
978833310
621847600
42504
14891626
4379320
10746800
344146165
161716335
215837985
17178876
7624512
385425022
40690000
232902319
325500
939958370
267764511
198792594
414648003
604215703
864228015
735188685
83291670
637615430
327606400
21271503
72805087
512146081
115584315
145974241
871620494
3741
510740100
184251045
10424128
37070355
3221991
868869965
625674426
185250786
6060421
482687985
83263060
548041769
4187106
864228015
61124064
17259390
14903070
870902857
611860305
376992
258457355
202276441
946309420
961608585
668682980
479710
462
188018480
21135551
4780230
357873140
4082925
237336
11288376
10353525
21337260
42361410
200931081
91390
376400336
395010
628750872
321629980
705966569
301897540
688574875
14190
531919924
675022048
126
256749130
208682235
26294360
7028847
23570040
37406925
27285336
3108105
184694590
698526906
75202816
18088476
187569396
170210475
300308778
123410
42
2145
428536
167549733
63391251
998227435
38390964
3321960
169911
201774018
407624595
884224187
26014162
15
419573424
69954916
768299820
558585728
14391741
180352320
6
156105615
769754986
641532403
213338251
25887610
7160245
317002280
124356956
574775613
103441604
226387980
391846015
66406557
678456095
481008528
49902940
737750746
373824220
102896685
91962520
576108036
56921900
54891018
22227778
779280805
85320
39175752
343233100
293069256
133784560
13530384
105835800
254231775
770889745
466972080
523893841
74974368
2324784
273438880
863003200
727441715
349814475
706932678
633953320
111469176
1088430
878820123
43486080
74891665
897883876
10424128
721656936
978833310
534017484
330791175
1712304
25621596
23165219
993731235
126142786
33354028
785303148
727441715
69193365
243995095
584768701
72234190
3478761
34404080
233115612
75287520
3162510
572685620
46217626
62045892
439633040
275976496
455
24992045
9657648
128088015
930120015
817513009
565906170
939438501
169911
205320696
415554110
1274196
71061081
740489886
3478761
658008
131481350
702768795
333859526
46376
54992713
13232835
234531275
493528070
45760
3812941
36898345
264566400
939776790
127592325
987852500
540298420
73815
372358405
201376
4095
628828200
42296805
21
512699708
70
1334609
61124064
694470546
591227467
757280917
36967101
16701685
276821545
15907256
99795696
339746225
349525120
373566942
591668156
23426
2024785
698526906
257932710
129766
85223040
315469636
156238908
2629575
35960
78738660
36949857
341976628
23751
39913740
663645840
46017621
1287
4082925
203122090
658008
2598960
49902940
635376
785115765
416965528
19757815
16701685
83291670
648702190
58898756
77520
658008
2118760
768299820
1533939
632671880
443189077
621682425
509267001
17666220
3612280
16748445
64684950
736560674
39524100
343993335
645596487
968154006
4845
229741876
591600030
828631695
34826302
800191336
7726160
1610564
607914098
698526906
7624512
695546565
10424128
600328575
35990
286097760
237443522
571880029
344596878
73815
102340
291575026
879518380
931889206
760884154
611860305
14950
48908024
327538264
752312655
649924275
32856131
485199330
13238085
910178720
798220990
140364532
201557798
491134490
65907695
355897860
891032005
2331890
239881656
7028847
374894309
61
1533939
749398
3983253
215831476
167124903
505349736
204292791
863925252
464306843
679495680
67910864
18474840
547785486
727692175
448072338
75287520
186043585
736432414
8936928
804440
338767435
117266955
2024785
367233137
266815
3819816
270725
21111090
169911
16974516
8936928
79079
658008
910682080
2869685
774366338
52602165
153476148
497123935
928007821
280927956
455408846
608394403
688235310
359933112
953586431
326380626
492903307
753049836
150705016
6188
20475
2349060
55
153476148
594595
234531275
3060
304131971
445145680
584276092
44722580
129693565
67331650
842282706
402073902
207500099
19190605
8936928
769754986
50116
158882750
503167995
341396955
829801809
284414780
2002
57940519
224871920
6545
333859526
69403540
23751
283701365
766537435
2108184
102738945
325695528
92906824
50848570
364
373566942
42272584
67331650
14587990
289429275
649924275
51895935
57166550
742986769
140364532
148863694
11628
988812685
533988258
528152863
52076115
468198020
40
2963220
286243776
78738660
828452531
95986557
636035400
62891499
591103507
13232835
165
70045696
77238876
6438740
30893730
23434580
2300
26389980
135090736
615852965
177406866
766480
113582855
105103251
6438740
719469751
264759869
2481115
93240126
81803645
9657648
142506
15276628
89857530
6154284
498537676
2701
119666470
7519610
99846044
838846892
936932464
1663740
141010821
8712562
54637831
50066617
35990
485199330
186043585
297602656
94964871
6608580
487344
19190605
297602656
498187404
244222650
75760620
816605839
803040680
96560646
965982814
611860305
26964280
125970
2349060
74613
11238513
978833310
134810340
2021055
93585800
461264310
996502760
10626
324540216
216071394
12103014
109750355
357781285
118755
347889279
43949268
462
503167995
78857961
46376
216071394
214814628
476833521
3136805
429497740
640265220
26235
348881876
173175355
22500864
548851736
20260275
939438501
14307150
751755460
61124064
769754986
649891378
515498256
5461512
96560646
765402375
91962520
1086008
517624020
180205620
216205615
23570040
536878650
855154755
15
94861817
83112744
121747626
118755
20160075
6435689
51971283
14463090
844214595
3819816
673005095
882398782
785115765
17
777996055
514437560
2346861
216546345
225150024
54891018
846678392
946668828
3332071
380809735
32518570
5616324
5259030
3183545
28342440
1502501
660236427
513378320
11434734
230300
992256138
4850055
41278754
61124064
15020334
4278680
10660653
105271309
219421940
913566939
261794284
872886089
729087574
675993780
696190560
6545
111469176
9346326
231
12650
17178876
7673835
924422087
182637273
15504
13019909
983383856
17143440
855154755
32801517
99884400
2118760
1502501
467889345
362929260
13019909
152582940
290079741
951050773
806289409
474797520
1820
344291325
575503701
8104460
301897540
3697960
457792854
46504458
515421285
951091436
101270
479318126
895216141
7770
57015181
267409997
77580600
21111090
144355536
229741876
80730
600610155
245187314
330
711215371
15969601
512469468
451478265
56
45212895
219421940
812787314
376601480
88901820
80
2118760
392832185
257932710
539923805
798769195
44224635
260130
448072338
970763219
498731539
137989180
873642672
811458516
850668
794230440
1426425
371551572
11238513
521631180
343692116
3981264
769754986
1967136
64446024
118755
804025050
107734200
142506
658029065
172061505
103441604
435897
965534090
12259940
62117055
1086008
498187404
729790970
139128
425439075
769754986
140364532
317106414
655346706
917551529
37090735
51971283
854780947
453260886
504523495
893228875
1216865
64446024
126
26294360
12650
266839651
27405
302216866
51971283
60920860
883255633
208113038
806445420
10626
128386418
129781180
7160245
20811575
489923253
349550020
180352320
515853624
879518380
966790378
6724520
23751
1
698526906
660497685
2487565
182637273
541451778
763369201
599557601
69581531
39175752
167167000
1502501
29034396
116828271
258934533
399577430
634980066
56
919964540
3183545
13019909
692076
106308566
969059052
115584315
676286380
89599191
9691375
273018752
511527463
12457445
63748986
32801517
12704100
248225691
67910864
36323122
521855
2002
163185
284744751
1712304
194041926
61100985
500243716
29034396
802206251
42272584
434242688
448072338
481756320
69193365
391398231
262959350
399512040
174963438
751755460
3876
23450976
339746225
402073902
109024761
703
191868495
66
521631180
141397336
32183329
96560646
563921995
591600030
15504
725615472
2024
190578024
111400201
17172730
32018910
33649
13991544
362929260
194290807
23751
768299820
134492260
3066580
11233781
497123935
9691375
237336
105639820
162698416
46665
95642560
16880955
31519775
94610454
119666470
397354126
575757
43949268
167960
15504
224261960
98280
223070940
2123555
167549733
143693628
56031760
515421285
116828271
227921925
57940519
501942
275234400
881685028
779304440
749252329
8178990
61690919
176409936
3391024
46504458
973681076
151348015
48277230
173913423
22656546
4457400
531534072
597811581
70058751
123410
774920744
13158860
949891491
695691557
298197855
399836781
462
809354611
868095347
18474840
42344910
571880029
780
228028690
1221759
834451800
933357615
32720005
11009376
921075844
794747031
482384412
42504
109658025
142880
161455750
535806480
8936928
435897
8259888
41856675
364556211
4410549
14686780
216071394
34117930
111469176
3049501
104170920
376992
947901640
676586505
567828150
305576281
14985824
54513680
76180996
766480
924964029
51971283
6471002
14004539
207288004
206253075
456326325
91894530
120249766
6438740
3658620
139389580
275233231
134810340
762245484
1414910
24310
194113956
352812170
19757815
461994975
448072338
4187106
18564
105835800
338585253
881972712
151348015
31465
571880029
321402081
456326325
62117055
98755446
177670675
469194186
7624512
223883380
710739253
715
764400459
225150024
969
224261960
611860305
2118760
432694653
23979550
989491065
110043440
27285336
182637273
254231775
382357767
71452955
896294876
394765284
24804
418092885
513974947
309319296
201376
156340626
216071394
534497860
84
72607275
283492310
106076895
123410
240482645
3066580
464306843
819173526
256794453
936374126
242477978
4917220
446952653
16108764
32795126
283506893
57940519
333788203
253744128
150237955
65780
30283653
552689424
36
33025784
1712304
66890775
267231930
42504
316235339
765233303
416965528
456125706
9657648
31817272
32795126
791087498
252
567011760
17193540
836295736
36890001
833401551
106750511
164226448
2303960
571179508
124165161
286243776
1221759
225955705
482892669
527394003
79208745
552435380
667848265
359933112
922165190
226387980
172061505
525998395
117494685
51944179
53727345
164059875
351191253
735479745
256133185
201376
481008528
2380
575198403
650635480
119173641
1304920
122766615
1035
791683760
412579837
215820
2775
686545479
13633830
534017484
628828200
25621596
172061505
595665
842694931
124356956
8568
123127060
153476148
262172764
15504
252
194580
201914560
91537110
456578871
191868495
602784279
328794546
221302655
989928820
77421
364756545
261712881
227920
769754986
522024026
3777484
846153126
21142928
779035796
673005095
213614115
464910027
223925703
20958500
203927570
233355606
1221759
111469176
449595091
67397992
4778686
213403841
107734200
405522880
231540
464306843
2118760
34055980
287601876
658008
613465940
717490763
820384032
438572959
11628
116828271
721335153
815500347
40920
376992
299027393
401780197
575757
763729554
30377115
88245720
654891829
5295885
695887471
620645575
152312331
174405826
851340585
109394236
8436285
473192980
34754544
491134490
204596106
9290431
65780
161249222
489172281
127640253
62117055
5005
20475
286243776
920193120
575757
12082785
988455798
230300
353518180
98166022
515421285
153988169
613336383
919371190
109658025
204030100
670304130
21210504
26334
545143690
47239010
873373285
41507642
61124064
321592042
448072338
520823611
324632
881549788
52405220
46217626
230002697
198792594
41873160
144708285
407936766
140364532
254231775
2346
254231775
717812876
954730010
281995626
3049501
6265840
392991060
593706590
167549733
388521750
75287520
28309050
58888378
515853624
65998350
729187423
700743655
222341328
69543321
322014330
19757815
1216865
346937311
328128153
209951820
442790040
924
34826302
309177995
677616891
365053710
2
952317188
764433896
224570405
734829376
333859526
216071394
348881876
477214430
307591782
15699320
632671880
42315400
46376
604203598
837762064
493718176
778566501
681598581
989928820
871051191
448072338
3819816
172061505
768574821
911068641
807240199
324632
36890001
34826302
18202479
820384032
867449684
245792890
231917400
404656410
788541328
2123555
623133253
455214029
432295143
30501015
4582116
15329615
159764045
25
111469176
42504
52602165
125991255
128164707
26243910
114399468
881853006
752938366
42072556
51800931
628191735
2598960
412833855
213338251
43252665
571880029
323960624
445145680
718690648
3939936
98280
918891053
988455798
72867865
810113863
6
20475
34
1837620
708561
40756906
10334625
974250319
209951820
10586800
233527840
792
42504
91962520
125181420
100915815
31684800
621847600
351403305
1581580
91537110
852122403
19757815
111607501
177689526
269145735
407624595
9657648
68774767
21374050
96717335
313062753
14463090
392292290
26334
126
91894530
7624512
60099166
5259030
392292290
895307924
34673628
962334476
300540195
207029130
234531275
1326
126587916
100290905
25808520
267359108
358200540
21084251
263330218
61474519
1533939
96560646
816
92731771
133627360
904301577
503570980
242403084
538110979
767105809
122391522
56921900
531010933
234437031
158310184
151348015
675993780
695946630
2220075
330
451245861
465422095
91537110
870901145
6913340
57528901
70058751
17861900
128095730
164575153
958683033
6154284
848238723
713849500
20349
5160610
76076
81729516
653718561
153476148
242391225
676286380
230300
442405491
298935360
1823471
82
542031327
265501446
522963980
25637001
580806935
15
4465
138872780
880311803
794512884
17243874
120786762
18671940
5721300
945944615
739874278
364997038
480732528
95901806
434314128
880941546
171763845
424815755
8235711
18474840
497385362
125580
521631180
187107319
53130
47239010
241121660
134153712
766480
95297695
953730975
964838352
7315
93240126
575757
169491666
132563501
859242399
35208615
339795904
97030340
423143972
650635480
30872016
212980618
435897
304307402
436110129
34554780
52
517116081
8568
14950
819985492
16108764
92446003
91
498187404
48134020
628120846
419220
13019909
44476596
444243528
808919098
828364893
756082229
18816045
534017484
887375719
544235694
12085216
132310851
298935360
3898895
50127055
532722514
2496144
8568
72920926
594591404
814216767
115360455
125991255
1426425
1254890
546531391
182637273
731481422
53
2598960
759155095
373566942
197478001
322014330
721525078
58905
104170920
14950
462723252
174950234
676365810
401506953
19608085
1712304
739198844
106308566
998811337
962973867
141546196
936773970
695946630
571880029
359447966
785115765
515853624
9691375
53524680
204821130
657274013
252158774
253478975
359933112
126
425920845
7940751
194595804
86915520
2024785
316251
131481350
8214570
595665
94
1
836295736
124338565
999782686
24992045
127720153
1321125
427537607
528340540
24806971
470790489
225749046
26964280
521855
455126
334356870
42504
79208745
31191446
25886036
770446220
302158064
134422606
110031195
428761520
289213275
8259888
3478761
1663740
509267655
1543465
36041955
46376
50
476490030
628427691
399636184
367859051
101552626
2118760
5989005
383189048
114354681
14043870
931147355
183716984
808401945
1
779035796
407165916
115134370
12103014
66045
423619101
5563251
698526906
271063100
346700277
265368251
521893064
227303181
499864292
23130030
654045930
148995
580692430
680
850668
19190605
347227128
708629481
4822356
595665
580078170
252
563389097
712323640
515421285
197796663
22537515
6210820
275234400
407624595
788642167
4598126
103962600
980868486
35
392462136
91537110
381749896
692645590
10666600
20349
160389488
175311816
38386215
10009125
26334
8398851
16542064
801606846
61124064
571880029
867400289
435897
57940519
498187404
737849941
681413973
3464840
949339119
924402355
177456045
13633830
226387980
514290556
138415
912076597
850668
508103925
1533939
43252665
1712304
21337260
627881010
2441626
23751
5006386
1749060
868131946
65370406
3921225
464306843
216071394
51494751
17259390
752778404
52602165
791683760
878389171
296851449
153328905
198792594
169911
588773524
1656360
10
35208615
929861250
866466006
274454312
240027425
916626336
54891018
60862165
244222650
423883460
371259885
988872626
1712304
247073751
825337506
128515716
305627700
547984164
521187945
29165703
2054360
27285336
131054924
7028847
903156662
4878126
809045425
1533939
905594798
33649
146475945
18671940
83369265
3162510
793215298
298935360
118686844
103962600
344291325
295840535
71523144
378988260
645213003
56
387006589
8214570
237336
85333200
1282975
439161066
48378366
370163873
266887215
427649635
983360590
121095300
70
907081120
13873278
749700
6550610
697479473
501942
718678828
606372900
417239571
1287210
809769646
160408349
38226
584802900
109453344
12457445
71523144
416965528
410507536
1502501
126841264
3162510
785115765
508980465
12103014
30752403
15380937
227322820
857414520
11628
229791464
313413310
13019909
325681689
41507642
122311651
1891
365209216
575757
309177995
107734200
387278970
545792940
316251
130306296
988455798
4845
17083794
9366819
65780
974344149
229791464
276821545
351005760
15
65998350
193536720
790243762
992983610
6096454
87541245
539626371
867180745
4249575
1929501
554894641
94966795
2024785
42072556
20349
362256810
69840836
161455750
25300941
2760681
118030185
8008
18
695946630
798769195
230126331
17749325
113564
56
98862891
928912524
673005095
557845
703722570
13019909
3612280
6471002
32801517
920193120
957130477
958409871
497123935
1221759
614597725
5006386
10428396
115584315
103085404
9880
385762533
76898601
769487548
462
414635420
216071394
232675279
410871
170544
73815
210771246
89857530
125580
91984266
376740
18163860
815050125
286243776
24412578
1712304
90556280
10349790
531584096
83
862952545
13244
65780
953032311
900662706
191868495
144708285
718640916
100290905
64678251
682458685
5935160
1679580
112988028
861
864228015
746991435
9657648
443680571
69
1
16108764
25621596
32016576
35960
24804049
376992
402158980
183181376
12870
319047461
21111090
15504
969443904
2997411
993977991
32801517
695520
12103014
940284797
25621596
158892051
707276340
9691375
138075
1848224
32663403
38760
14294280
71726981
699997236
4106980
161226780
735479745
47265456
223045351
70300
840930555
156340626
1055240
117480
773457994
447109656
1293699
735479745
573633207
347889279
685295731
873040985
18474840
563386631
80730
216071394
809092496
90556280
9
234783615
270725
905180092
244034183
211876
137085620
310901360
474219780
41664
40116600
145060511
122391522
93240126
258132964
901289592
358200540
32801517
768519104
10827401
51209670
833069154
391231706
242403084
8568
278740836
481008528
47239010
54870480
373566942
166695375
330944627
258776727
23706021
339288225
56100528
42504
552689424
815946449
271490068
5208378
123855810
59579078
208703614
487635
67
792
241761806
480205545
768104415
86493225
4376361
4598126
960574830
91962520
350344960
871843381
102114376
160482556
965371296
20
44722580
233132900
911730161
740549390
200860990
864510571
827353366
992127314
11238513
178652538
346700277
62
1287
292825
165668499
11238513
15504
198911485
177910271
94966795
448072338
28
416139510
58905
802206251
25094706
4368
854394453
274864192
286562199
428558605
491134490
643304376
15020334
677559190
540597876
330916621
389458576
448072338
24040016
619643206
36949857
382247425
182104
17550
115923151
344291325
990233904
74303685
218618940
791106568
58023378
79266812
3060
399949903
362929260
165600
720720
756867091
159222289
439161066
12362878
3612280
101270
40432700
58409520
272786403
820384032
286243776
4382280
70300
1344904
261630670
514437560
910178720
817353096
45
158927706
518597115
614418758
6
487505425
60056941
685229601
390151135
359240610
3003
888030
455015363
64446024
146536159
270083661
469566901
745395651
601401218
66447920
2118760
471168253
648954351
445871844
344035741
966836220
548354040
136229929
48
6
11238513
407337153
17550
204039136
50425903
5461512
118926753
736301125
64446024
149626462
52360
84376796
4292145
142880
721656936
1
11075571
650635480
257932710
7940751
17193540
168042280
265182525
627881010
177746085
204089764
20958500
3060
958683033
13633830
82798716
34579016
397354126
253991991
527897020
29051001
353128600
567011760
754065333
15456818
901786746
1140
91894530
84545506
672451480
281225101
851462011
7413705
408230588
245626489
978833310
254274090
184364
346700277
24040016
552689424
876490780
432295143
275234400
651171254
28376811
2563980
490314
50606830
51971283
8936928
291466
1365
909575226
207288004
1
3060
17193540
827817705
82201970
4610166
891881376
169911
792102995
465
359447966
60862165
571880029
612664287
1001
111923299
266916
109658025
459207006
596303426
25621596
141722460
75287520
3317040
349477663
148897035
635170166
101993200
421456294
129693565
10041921
169362501
405000030
493234270
1581580
766480
6435689
11153835
20475
216071394
6976980
190297826
11358880
9575334
31256555
442189191
13019909
98280
31876120
27285336
46376
4249575
7624512
53130
965136599
901289592
934913602
179655490
103962600
95
24532904
873642672
553547666
40885625
852761180
747162496
16108764
705573298
5989005
29034396
521855
320855590
599273206
4368
167668501
54891018
975857902
199628211
56031760
873373285
34648650
49177128
894002542
17178876
739881600
240482645
1
729111062
2118760
913332430
699997236
237093780
359933112
3654
5989005
988474113
440763185
112167387
1587986
373566942
155117520
142895675
788861360
2555190
989609308
25378795
769754986
315469636
10908404
786583840
769754986
1221759
222615565
74
128164707
276821545
781834725
635799970
611860305
106308566
755514120
41209581
873642672
560842277
146475945
818037910
794150731
126
79208745
829486815
962598
9078630
74841495
98280
424270
837222750
245626489
51020151
637155753
419905710
16974516
846678392
4960
180258907
1185030
333859526
79701831
953032311
4368
257286879
83427565
11480
119877472
237336
3921225
87541245
660825104
580078170
882735153
275737386
742367026
893228875
50408159
2919735
749398
80730
23751
745395651
673745544
397354126
220023096
488390760
50404915
966519587
182637273
693390180
200554075
254231775
445145680
988289865
641590849
25187253
9221365
675993780
727273620
738591290
988455798
201295
910178720
621682425
501374113
18156204
377778999
695520
919869550
201231891
454845256
35389352
314358573
37666860
35960
2024785
929632032
372527001
23815351
856812112
605159936
300500200
346621285
967473712
414101031
93245900
620649925
227139988
368094054
993212164
588365056
22537515
3276
189648690
8259888
869090586
176203378
65907695
94143280
5279625
330230660
654045930
9073260
524118876
10668000
2055378
264385836
263523403
122391522
267301881
383714253
693416698
26235
10193765
70594000
284210256
1514670
2042975
7775596
614597725
15187425
895909064
88560
39175752
134810340
760558501
1653
595
85941348
985594634
495593039
8259888
820384032
2199753
571880029
569710425
294528520
5976542
910682080
820384032
677359221
495
715459878
36542604
685962280
46376
139760144
140651280
6435078
515092656
234740278
1581580
6210820
57155
391399276
291614820
462
658008
978833310
29772765
483471251
745156992
284660376
77420346
387278970
955889535
1749060
52311106
223070940
326516235
230961842
148808553
42504
506399400
659472429
591600030
1333300
25094706
930711373
157975891
175754433
5985
321402081
49177128
304879224
321402081
130726365
9073260
2763520
74303685
919513816
179162985
861456960
508438216
10518300
1174278
288641640
53130
910682080
464306843
11238513
200860990
15504
83112744
267764511
778200684
30507895
571880029
174963438
264566400
4186
10668000
721656936
110670003
122719611
689086420
167549733
768299820
3003
46217626
109971865
8436
6988191
617778825
10908404
16222590
906890166
90223760
448072338
10039316
200110015
257932710
7028847
45212895
621682425
32801517
64684950
2024785
8859500
4582116
698526906
434171760
202256328
349444266
424507515
817190
148897035
887543207
621037168
397014471
436594650
215820
67331650
244857385
810986822
551993193
951594738
554561556
1426425
297602656
180007425
834831120
98280
741901580
402816780
30996001
222306396
77558760
306169885
894761000
387610812
102354025
641425204
4272048
845811954
187460
117612110
719133850
211922578
48277230
584951372
5461512
30878011
632671880
246923810
313835896
193464285
395010
435897
258415084
254186856
19448
256799620
524036360
1215450
481008528
33366840
1749060
195150735
503628089
103962600
876904381
648666171
12341
132336975
406409187
819194141
14950
269201206
42296805
25621596
188560841
41356876
54740
13633830
436763790
935043390
220090690
387278970
313946910
722914899
313788826
207840429
658989451
270725
532769312
263283424
41737816
29034396
859403611
479318126
9217660
35462596
998188673
145257490
630746403
8495410
21111090
128164707
336581080
106308566
735479745
743584205
101270
231654630
164779078
1
306046170
9691375
57166550
225540785
210145152
729800165
8373840
219160009
87267635
42674540
210293911
1365
330203271
54627300
6210820
130344865
134810340
79208745
122688280
2557191
5773185
211876
743584205
480143566
988289865
262641044
988455798
94966795
866799066
466642334
894678311
365322100
21
808643220
284414780
14196
98491965
330
580692430
280840
901289592
310590426
21069786
2112540
17666220
41
146803272
119451696
256794453
458454340
22048120
833340
322014330
551269410
49902940
455
891881376
7711320
930539923
475200869
534399778
593896934
128164707
26334
823971688
898558914
333859526
846678392
64446024
1906884
607208976
566685735
455126
743242877
153688216
38579155
2225895
75287520
47915890
12457445
427235822
11335941
571880029
3655
512599805
42504
10626
272558292
473490550
448072338
2035800
245075191
418808221
40738851
2672670
591096100
9585345
494383607
530665922
362796840
956439255
820384032
387278970
988959640
660824835
2794155
51971283
4368
679864375
487635
4598126
939929
39175752
1478256
8259888
241373406
758256456
155943580
302307686
3612280
462
64122150
142506
36542604
708639829
452339045
19757815
585655105
522306229
229791464
365837725
457333100
261630670
148995
340545197
575757
1313400
181651330
911730161
135796595
196227955
169712676
33649
216351201
2225895
349504
228242295
307128325
341055
239662671
125991255
15596035
6471002
91962520
1086008
57940519
160106565
148379361
37459184
613331784
13019909
12271512
918125526
7940751
2331890
269085201
64446024
252158774
13991544
35
676286380
90889616
8594714
15
424398285
27405
16108764
464227456
304985751
635376
743584205
73629072
252
135796595
1906884
906974147
7023974
887117865
79208745
203927570
491771841
2118760
83291670
264580506
125397366
387610812
25236484
223045351
61124064
24040016
464306843
362929260
320902839
698526906
117612110
231931953
207288004
994744009
491134490
41356876
238572376
698526906
3819816
97912526
44269345
225150024
27285336
1287
5949147
7028847
264566400
811629280
988455798
8783390
467099094
874184391
4249575
26243910
56
114511411
794069515
62196
749398
66177440
673005095
70312375
148897035
238067148
865675245
1287
225264757
28633528
22537515
5160610
4368
309388460
14271153
223375816
401915580
896280479
465217984
242329431
13253526
207288004
704658416
14558393
52602165
9657648
118755
19565640
2415
2300
7028847
775002516
20708500
948307678
384274631
293195220
432295143
38567100
122760
2667126
493278345
1623160
1
667202185
578475710
37459184
435897
776216
41507642
2919735
335246275
175219083
3162510
15187425
263546361
200860990
191606646
19387219
300
4368
325520625
5949147
226387980
414360078
53130
348334815
745395651
443393695
754040077
225150024
2706301
776673660
180352320
20584249
199064820
455
212881340
987458084
20058300
43486080
415554110
64569960
783347571
988679278
14463090
13244
228926503
607836411
19757815
767906880
957578203
95144115
29587278
402102261
41507642
292341435
432295143
42017876
31465
450507344
9001629
8568
810855375
654045930
13991544
170230452
2349060
338181305
703722570
6666891
17550
672018550
692937380
201376
560252749
17296
2349060
131307398
17178876
8978203
3060
177556160
371349378
4780230
117612110
7940751
910682080
22533126
6955138
11797653
34826302
290200186
186593321
11628
705874182
346700277
15504
999952247
151806600
3003
44410600
498187404
565722720
593706590
1287
609231871
848156761
77580600
636035400
42504
261630670
146803272
290703
80314920
21947850
298766790
656137660
225150024
48299706
32795126
235411121
400995
613284755
15504
76683146
56
4636304
19478161
344291325
698526906
975243301
855840660
8214570
1184040
834733506
1521520
53130
498379806
223045351
929632032
423402001
113564
966670528
532668224
588278396
721790895
236561325
3183545
3819816
795705778
501942
129226926
464306843
263730061
561883059
264304536
527897020
8259888
4368
682640
591600030
565510917
1906884
60862165
910682080
41507642
506214266
914788349
65780
238307196
513072561
344632925
24678825
32938786
439635378
17259390
755514120
759077166
187281866
20
382313855
148379361
225595998
325
151876306
85320
143800076
587542060
959205390
319770
571890002
74616060
441715690
190
514066871
773723913
183929846
122311651
57752548
35
235955226
851215888
576108036
540597876
18163860
994281911
454172460
148995
410371396
554528253
3819816
322770528
5596588
140364532
75760620
74780335
506004324
62707041
359933112
7940751
708335200
571880029
822901596
179068350
402815391
106308566
505413321
334121298
688235310
152096
67863915
181465609
794090977
330791175
1771
688235310
176851
30330366
339030715
8022015
8902090
798769195
833078122
1485
776673660
379184491
104536860
402464790
416965528
771321726
9657700
87592856
335782864
403059912
201376
79208745
52360
98770
623694913
27720
723859754
996967531
4582116
776371477
285845196
683947200
296010946
342369028
673005095
698526906
11221953
673005095
487374088
158882750
292664520
301093530
35
2441626
73815
765700820
225150024
254231775
74909055
387610812
2869685
628828200
465445305
86619610
879251145
635320055
2002
57940519
264235566
737880351
236561325
1
678314083
435897
22537515
48516922
87541245
21111090
910628494
774393404
8936928
278256
11998480
2002
263822905
14463090
207363234
3764376
142506
844831065
1581580
34579016
273207000
142506
462
106308566
54376806
44627324
111469176
1365
5563251
1502501
529396
45212895
3916
129423792
2598960
324632
1221759
7906261
113582855
20349
339783346
245255878
32801517
20772235
1287
795746903
740549390
1088430
21464520
602964901
2231328
317691990
611860305
264887216
305966424
5942628
235076449
456276736
989928820
270595216
790488441
41507642
814505696
405522880
99846044
1221759
4187106
139963873
253136250
644422950
2300
698207228
237336
199890015
929778465
377234563
878003710
660897546
73
4607130
837222750
727441715
304360737
741901580
366591396
23706021
1287
249900
348881876
273079026
962598
654045930
803040680
201376
424608365
467180
536588438
70607460
445145680
74303685
107734200
4582116
159791798
630305259
1293699
284660376
58905
67525
148995
27036981
4950
8214570
2926
2600
179481600
12103014
245157
655868141
151348015
718223950
109897725
15020334
25621596
402464790
685669845
313179945
725783584
201392415
253478975
186524955
367290
923317878
586862710
790950942
515225220
1656360
359933112
406481544
71646435
13633830
37950
51485850
80260180
451272869
68415753
170727481
250654530
314162675
998988970
964539132
167549733
83369265
512336055
234531275
553077106
161716335
194831715
487344
128154195
754145435
233946592
153
827502359
4278
125595015
29034396
197319045
1028790
164393778
2840536
394765284
598180706
740816803
22765060
197649244
21
252
383859425
64446024
103962600
914743378
441891856
2672670
83369265
51944179
220764613
246242852
770707544
11307390
939459531
498187404
57211376
50351840
427649635
42296805
86567815
39998844
149306730
48352811
317691990
5461512
830107215
491134490
339746225
762626985
793626505
839331906
278256
17178876
25338339
237064425
11319484
3003
691665656
1749060
215244480
481008528
510209326
82251
43949268
330
12840751
22537515
2555190
78
4682360
663645840
5949147
2556
134044
859259523
309343219
619557489
671935541
216071394
412802104
49332470
81862410
9346326
401705340
960950880
197658488
850801875
29583961
891881376
3464840
17178876
685546269
90
210
842900211
8936928
200812473
509267001
2598960
21592285
787628205
169684535
3162510
15504
91881
705966569
650494246
22926606
120786
181062154
450710001
429650516
47698420
42504
68685050
358200540
3321960
116828271
720720
54513680
421094761
673005095
31028140
177556160
609896980
21111090
850668
82251
954650586
1
673005095
86567815
248878344
216071394
552689424
174963438
497420
496
4495
78381460
153476148
983749546
86244411
2829056
599273206
62988724
35960
226387980
8214570
42072556
603646259
221615357
751755460
271456650
587614521
536526903
75
5006386
6099006
90223760
14786015
211915132
101100079
64446024
178142250
147447378
811003819
248878344
49177128
2862209
338181305
363865776
208207076
250187080
72586459
16328620
163185
968870630
650635480
733847205
73815
534219140
1221759
924456481
64684950
296010
939849690
669946235
14891626
181781671
4580805
602097051
818805
6672876
54751385
11238513
47467896
44101441
2225895
1830
410082521
25308055
107611785
392292290
257467210
640730503
78485029
91537110
746123461
691078467
13232835
36890001
88560
428790970
213338251
3654
470155077
4495
718470345
92310078
854881912
5984
721656936
988260
11912160
402073902
455431290
692496720
57940519
30872016
808759644
416593945
711215371
10428396
387610812
760690205
136670820
293219436
4496388
45358050
891698500
214652064
848046
882036144
547033565
570886871
626671220
291599175
774624480
2118760
432295143
5516181
846678392
589711454
633555819
943779457
284588371
461668613
875603993
2069595
171816668
96299230
86336370
647946001
48250576
65998350
24359335
545085175
656578203
47905
254231775
420919447
307334028
45349524
20349
112417515
49332470
41356876
24040016
1
167549733
681949850
3478761
351988484
658008
615852965
344632925
39175752
712531624
4421275
7673835
67537210
65780
721031325
204919890
766412808
111653500
15504
8855
889494686
121747626
24040016
246274580
84311605
3240
648686324
326874096
542768510
52352028
111607501
881685028
423402001
61124064
46681597
40432700
571880029
763253068
14663820
30872016
766480
461994975
130601242
346700277
103805835
665485485
182637273
879453065
116280
7023974
428176216
31185253
249900
21111090
2555190
818833050
29034396
198771891
918511230
406373086
600525402
64446024
379698595
276821545
944176017
1088430
152582940
5379616
475167378
466209920
330
641719787
956090856
309319296
580692430
3464840
721656936
355645489
675260778
971999700
130629421
46620935
467716275
11740764
421094761
43949268
552689424
7940751
26919453
51494751
64446024
443961429
456330012
32373168
735150340
30507895
56192140
244437105
8568
295879459
833465090
929632032
643304376
36907420
780434424
627881010
33649
1038220
13166146
87
11628
675681139
547033565
5410240
111469176
13884156
772225350
988260
586862710
579241666
1150626
16108764
11238513
141864317
12678130
891272013
57940519
990
141096275
352305240
78
808651981
6435689
33649
599273206
706235902
39175752
3060
29034396
3268760
242077006
3003
46504458
320362042
34389810
31756465
690139480
158055310
123855810
34826302
13251095
23738715
2598960
1581580
83243222
56031760
283647735
142880
43758
769754986
15187425
36180200
802465336
252
68685050
630305259
329402631
635376
1282975
71523144
10585
142506
121747626
13019909
699596024
402464790
32116105
424089126
387610812
13436856
116828271
396844878
417225900
64446024
650635480
26098380
553137625
882590945
607573751
1055240
10668000
724024403
845365119
852973593
124356956
459484455
777557013
23239153
901796660
497302101
789989790
804140218
1086008
35208615
1961256
535338889
51971283
613786813
516560409
840561501
361120956
448725903
12840751
568536060
342864456
21374050
14264841
119297181
534017484
2349060
13232835
280840
83427565
23130030
455126
377396635
963981927
64446024
225069936
83291670
259476920
825418765
8568
40432700
949173615
5949147
154001575
191868495
815655855
64
876494600
11009376
158250945
234154480
129358440
234397441
111271125
308500380
188441991
153829130
261758640
881196661
515421285
976223391
387610812
769292160
167051781
146803272
830447534
223070940
725783584
120786561
80260180
11716640
41507642
90556280
119096461
563865875
74303685
44101441
367859051
150704878
47239010
134492260
612243702
211876
10485910
348881876
186397639
698526906
462
403237401
275233231
94953660
30027375
31465
932166491
739912746
2963220
46217626
882590945
848046
9657648
515853624
31824
10424128
949532259
962598
595665
252933786
174963438
72867865
257932710
16701685
991796666
643877564
873642672
21111090
81861380
723387666
600331737
244650
964241655
244222650
560438460
165
33649
136233240
9381251
1221759
199091035
322014330
862676281
438013325
146803272
73741661
110884877
8568
44968386
428439628
527897020
926246088
715
43949268
514437560
1821186
210535560
426180132
198861356
17383860
312262545
800191336
3828
113966160
114744084
949673571
485199330
10668000
794747031
254231775
187141370
857870331
3921225
402464790
141098265
449537816
10925475
585932028
776216
404265261
731818153
250843165
440874584
758256456
98280
2278
3737581
142506
22
962598
272576226
76378620
245699028
491177896
49456716
182637273
485270281
903
1533939
83291670
82131336
595665
584084931
1906884
387278970
621847600
174163116
456186115
40920
1365
3003
405300336
599640138
733813080
125045677
72559081
515203347
711563490
904358727
564396003
977461005
188939205
39524100
15352884
322059510
177991278
91962520
900154905
528173751
358200540
280296771
373566942
704658416
507053400
1287
33585370
430637878
346042278
243509346
123946085
547665848
560077155
401017110
814385
57211376
879518380
19328653
68638340
237336
772577778
2555190
895004586
4022880
374079628
19190605
401017110
49177128
121485
37355046
200630496
358200540
818809200
25621596
115134370
790369161
433872153
126
18474840
509267001
56
225150024
392647829
169731100
1540
765050286
845735628
695946630
418092885
977111327
991352649
47239010
322405615
109621814
658029065
34389810
33142011
52360
630305259
4005
36724710
88560
35
151348015
99491141
62117055
110129240
74303685
557845
2349060
226387980
280859635
18163860
348881876
749398
278256
293930
971970
636035400
7519610
60411064
23738715
261490248
814385
469194186
152591715
14950
634267536
16117020
558732306
557845
59672350
575757
15777195
225834378
326302500
254231775
636442472
974705163
667569112
180534276
86625993
312793055
2211
843392985
160389488
134810340
191868495
233527840
321476046
67910864
1088430
768299820
599273206
3929806
7108335
179992103
13991544
123536120
85262211
1
11912160
262849630
119900355
491134490
21
34389810
870045003
8855
296726486
1906884
614597725
894243195
333271653
34055980
23535820
443308442
15504
556579415
387700300
3049501
258360546
8259888
4340931
461994975
390155753
30260340
65780
105639820
463077501
633027596
482273200
762155189
326380626
287607992
1287
134492260
591600030
64304604
1906884
286062116
687630070
415887220
761005420
5989005
306377400
100947
2763520
316349281
2123555
5
61124064
792
27799696
463054232
134153712
53111971
15
165668499
29034396
37536780
593447253
504956696
794987875
65998350
656528323
361119815
828363250
776673660
225150024
34826302
700863764
267620340
3764376
3697840
457066195
53130
2794155
442790040
48277230
91537110
264566400
438011770
37858051
343196998
341055
58487520
98491965
140364532
24992045
13633830
286243776
685337049
879518380
739506391
715
600571153
177453344
526185516
929632032
146475945
112234740
605159936
653727182
521855
786120726
908296131
772932903
100104175
10626
944059878
5680135
36041955
969
45310440
134596
2704156
156849
18791515
15721812
443496076
339746225
1028790
861395504
832993336
54272571
462
501942
16234505
107655801
432295143
130177180
22676745
7313400
943632476
756057716
2118760
40300624
893282526
608710410
252804313
14060818
483820914
246905
21723936
117573445
125595015
211876
42504
637512115
737849941
794512884
12840751
910298108
412853453
5006386
43949268
277334240
2598960
595862219
237307222
7673835
3939936
266251440
511264204
1712304
1613706
706146990
26334
415554110
722071153
477265960
35191855
1287
349228588
605173457
474196216
759993876
254231775
373566942
850668
5985
59904120
3876
158841293
393948415
20349
207029130
563354961
550373253
257467210
645622846
145905903
231264771
216071394
199290630
48792380
573489476
53130
376992
393051651
33649
658029065
80260180
253
86619610
53727345
380673028
3276
688235310
24040016
929778465
287980
373566942
23725716
931198590
382313855
17178876
8718875
372527001
54
161716335
373566942
2218636
30507895
167549733
56
9381251
687704241
732951403
1307504
909873811
25621596
265224996
643304376
27132
776673660
378316633
82485480
882590945
7624512
158882750
560252749
42001845
37001503
688842270
864228015
112036750
25772610
167549733
216071394
636883621
3478761
48352811
257467210
829405356
406015899
620645575
261630670
23130030
930818382
330230660
670136556
298197855
3003
487703296
466209920
14190
314228780
79096753
70882371
118402966
142506
147440
53130
111930
140205240
1502501
293798284
32018910
614597725
974739315
2002
319147480
346700277
13624345
3819816
526367654
13991544
2300
820347765
107465130
87541245
871425649
1
235280220
279445914
259042941
636929395
88
7
41064453
809206335
640064655
3060
15
850668
59640
247574180
27285336
460849620
335904624
426684444
658008
197381009
45057474
108947065
593283285
167549733
888713242
768299820
105204765
1370754
854004950
8259888
612377506
711563490
8855
137548789
15086400
5006386
929632032
26714395
11009376
18163860
250187080
1081575
635376
28989675
3060
15777195
551667936
39175752
239857877
7888725
515421285
287772045
897961607
84376545
62467440
986885792
267579411
146803272
251500396
888398419
290990952
10626
586434945
43895680
120
5461512
105835800
876973750
331619764
64039976
263607492
73150
343012396
140863380
668664165
48995544
811829200
416965528
38630900
2555190
105995
359933112
611782710
82276602
685089605
101270
96682145
51587403
4082925
545044636
26334
4845
2628
286243776
374170890
67910864
77238876
163008727
225150024
771793116
705087774
682168903
636035400
8259888
503212851
26236091
204173655
240027425
11628
249900
220
244222650
49845120
84
895956482
271852903
749398
377753510
19757815
201364394
297985078
280651264
85
741
716490125
7028847
120
388300817
30872016
3876
174792640
344115738
163684465
611860305
34826302
338181305
81
21111090
837222750
596904
287388325
929632032
395010
307397336
389984437
595800447
146590003
317660458
467950528
19757815
891881376
34868187
2380
710736535
107582446
142506
583162476
387610812
450700547
515853624
67910864
402464790
341396955
176348140
560
116704364
210165935
4590551
3612280
385544796
7413705
433165461
36949857
980789748
382313855
237336
166695375
3262623
82266091
640146
882590945
658029065
611922636
10253656
32224114
215820
254231775
837222750
851214430
95284
11238513
61377660
114042753
196209804
88201170
492054135
245364926
158766
855154755
387610812
102715700
975243301
36041955
3208094
253438766
929778465
999112250
67910864
276821545
981352346
86152501
908798277
76341546
542898162
13019909
905534959
252
237336
77619558
501942
337909006
98280
65780
1140
581057182
20825
23031316
119759850
751755460
12372825
198792594
51494751
701534032
80730
1254890
16865705
297602656
27789330
917397195
180128314
983772244
14190
366145
45044286
106308566
2349060
595665
471054325
39913740
611747731
132479038
707649650
531224696
38608020
806513203
95266
894761000
206784914
14489644
715219478
25637001
3353896
210
658008
769754986
101340876
64446024
75760620
34597290
769754986
412833855
210
5456
918690
710289692
75582
13908836
794512884
3317040
446637580
12103014
516291810
216071394
387700300
205320696
3929387
36361101
55
85653600
203767578
2672670
27
31051140
993463945
581842316
716378769
3760653
4187106
157827531
50127055
5461512
218519965
274470735
158793820
802702278
498187404
953993040
8495410
265368251
318356193
52394
586582626
897471073
2794155
865849300
65102860
16234505
250654530
3580779
981977104
176767003
763761020
215553195
216226410
744585937
105271309
411285540
51971283
19615716
794747031
149532571
243575556
452623517
506004324
738912903
766523264
87087003
305106753
139287726
605159936
447804640
6
6843880
454399396
29260
24
65780
4845
705432
33649
481008528
120691649
43949268
638131288
694811969
455772352
26235
421907676
573352626
946
515853624
3478761
1426425
76904685
2895620
600805296
2246839
498187404
971635
20349
153527724
63478278
142506
149306730
4598126
120
753282705
37820
230300
80730
539711494
319310541
3049501
950219393
246923810
18547360
192937325
418300449
179465985
207288004
7160245
39175752
33728355
1353275
843146580
9657648
739758880
47
144084501
554494951
30872016
148376859
923532753
435
116828271
214060736
267443132
889006861
387278970
202167052
272963405
491865930
91962520
840699860
668682980
194831715
11912160
194831715
148600180
3160
542491781
96403555
30507895
21
1001
1028790
568143520
236384715
282392526
677040
2511496
67910864
137932869
142506
382468653
1760626
955741060
9897761
134059345
129781180
26334
862681953
33366840
502746885
128164707
665485485
25621596
86587788
394765284
880736251
501942
533753825
152399611
10009125
1088430
41081876
74909055
40865320
625462985
83763430
4499950
11402920
544086729
713068356
102340
978833310
101270
116828271
33649
174963438
386222123
814385
58409520
4385241
324632
408242474
6210820
153554050
571880029
14950
64446024
17853300
130204840
4187106
68123628
287545077
1
548649375
169911
47915890
735832114
8859500
3858140
978833310
854992152
985645812
140364532
64039976
1282975
324632
192386600
118755
435897
7028847
21111090
201376
80622640
129781180
906971010
4022880
607573751
15187425
456326325
313941940
958118458
3003
617264970
605159936
56677949
969648792
137548789
18671940
3162510
254231775
642774137
106308566
761237524
5461280
358028708
1287
30872016
806023787
119436240
21111090
314705170
180352320
72867865
23738715
129781180
7971964
880719465
43252665
725405005
345909878
28048800
81550514
70031500
55393075
419673906
207707793
483713856
658634060
142506
129999750
5259030
328595878
57940519
973927045
258101210
715
3003
71523144
530193608
607573751
23751
53335470
624369040
198400359
720720
402815391
337259406
226673954
346700277
1585090
633205886
15504
820278900
282779871
7028847
100290905
171700
93427615
333859526
39175752
108243505
23979550
788071431
15086400
641822615
12313771
91537110
1633355
448072338
287999800
46
423883460
36949857
848074380
821244770
831907020
63391251
10668000
721656936
1001
83743180
698526906
156340626
126890415
994914528
21947850
464306843
6666891
939438501
400995
433342080
424815755
55611
762355
1686366
498187404
144100776
865425606
20811575
4763190
68884453
65780
267440628
423402001
21947850
614597725
134810340
12259940
261630670
135751
4582116
858470976
491796152
191868495
156552949
6906900
2225895
85929495
7624512
12103014
35219074
164684026
588683832
145620310
537973137
947321628
550373253
148379361
346700277
475020
194580
375540320
8936928
320225664
52137366
197829126
34910258
613465940
901289592
958683033
402073902
307401854
35469253
323863975
15020334
216071394
623804181
14950
344632925
1906884
297602656
86836431
316251
194041926
521631180
190578024
850668
98280
256133185
552689424
862952545
116828271
878003710
65780
227516446
16
214648840
852382617
310901360
957382889
452197799
1313400
395010
557773146
649924275
611465843
128164707
13232835
200860990
310144295
188191
142271105
596928866
546389716
297301920
532569005
63264376
76
242424181
126683403
111930
269145735
3003
353819901
177556160
733813080
295259965
864228015
3876
18671940
295259965
280618540
871962420
208207076
939438501
29112720
344291325
172061505
834994545
694992403
25930801
21374050
4410549
505240710
61124064
14043870
99468460
998150780
16234505
1794565
860274460
101993200
893200
14190
916895
225150024
2997576
49013160
611860305
13244
6471002
20349
118407170
15777195
988455798
216546345
14885696
881413355
131481350
353288071
280720440
2869685
273142860
70
923317878
111469176
711563490
27368901
773457994
502865780
71452955
619256028
658669489
49676036
9607536
134810340
103730406
2441626
971635
607573751
2925
2542124
2220778
379983528
33649
83369265
321402081
82674094
2024785
126
894505054
174963438
3060
1712304
313590571
32687060
402464790
534017484
84376796
7512653
382192748
5061836
11238513
72586459
35108010
5985
80730
286645596
21720556
5563251
1820
958683033
74303685
240027425
4668040
715
144084501
200860990
952770378
759622753
675015165
158924
6492980
635376
9073260
8649124
33366840
837222750
22131258
495725371
524036360
24310
106308566
8568
201376
949014846
2108184
633982636
515853624
120
234531275
503167995
621682425
213338251
281829411
644378219
57
42504
158304321
680539082
419760825
279638773
38320568
719469751
542491781
1596
915834963
481008528
402073902
810193615
148832669
9217660
59149034
22537515
87541245
975608594
113578520
748245270
73247356
574710238
969122325
128164707
58920940
72
77035078
3612280
745395651
916500158
621157881
265939453
58
249772425
9657648
601080390
69193365
100940736
847266935
205320696
172061505
153476148
5461512
208212621
261630670
358613980
574758399
169911
93240126
424270
5989005
8936928
607573751
418428544
117480
378909576
26334
712531624
207288004
26
258121
494724240
425692431
867043273
280840
321402081
650635480
621138127
41081876
250843165
65556975
1086008
463727739
22481940
59640
495536496
6188
2108184
11238513
1837620
277242378
240482645
416965528
98431480
190271278
964638295
135360884
807327366
65907695
439633040
418318320
164059875
496068569
862017481
6471002
704832285
715169000
426305400
459515400
229519254
101340876
271063100
22537515
739385026
464306843
415286904
33649
3003
190578024
61955146
486345860
1820
932059600
16215
85900584
3317040
275234400
13991544
11238513
895429797
667491471
450470689
746289418
910178720
20358520
63975016
216071394
83521350
65780
6471002
304985751
996502760
28338485
11238513
44514890
502865780
4845
2123555
112132800
17178876
670933396
3049215
18671940
317233658
794747031
452450580
9691375
765141311
304985751
221218204
32018910
929632032
174792640
61124064
251608528
83291670
17083794
625290315
572928175
3088855
17666220
508422111
100715214
329442520
239844760
3003
223650675
901289592
3365856
1086008
58866675
43079036
407685585
501942
270362631
5461512
541715070
249900
360283244
1086008
364479049
219608403
752106211
703998231
65370406
164059875
2024785
2794155
357404320
2349060
141722460
9217660
13019909
270781297
971970
2054360
1540
55525372
14804961
442456878
3478761
3081
54695678
84376796
2555190
298759445
445891810
485199330
77238876
11319484
976867804
94966795
87310681
346700277
550177783
794200477
5461512
41282241
437545633
135796595
116828271
20811575
1749060
373669453
4495
137085620
24359335
291616965
13624345
65403244
151220164
15890700
17259390
178433024
90323520
1293699
454399396
690375235
506865576
916895
498187404
805597694
654045930
406
96560646
45982300
8347680
383018463
124086381
30507895
274799326
1562275
77582196
48792380
873373285
106308566
13019909
9139
674454628
259560
920193120
6471002
655057864
200410210
359933112
355290936
387610812
129965209
967835845
392105945
6471002
167598321
113564
3542276
771925343
68685050
71523144
6
208580100
959097216
745395651
6780403
788482233
15390826
428407134
64446024
1352078
9078630
1820
748167903
15504
28497475
432002539
111624211
330791175
573166440
441654060
10666600
290923381
280720440
515853624
74878203
1359914
601623295
430438246
828989756
473490550
7315
386206920
16701685
779035796
32509
828363250
982773945
45434278
158433677
7624512
845560930
158882750
2380
494602731
56031760
785115765
922587490
156849
906192
61949040
919513816
46620935
142506
140364532
19720001
59640
808401945
504956696
61124064
153527724
554075084
70
225150024
367290
26294360
632671880
846678392
203323695
16222590
2963220
485325554
265568744
16736005
302641130
287921354
60411064
629049549
864501
3321960
384274907
31256555
828363250
796160541
969600345
89561164
412833855
353518180
111653500
585099852
24992045
53130
211706284
27513193
210443369
174468884
970380600
335962081
3939936
789971626
137972450
125580
82485480
142492521
668226827
116828271
583740
34389810
41507642
7315
364
339746225
628828200
363517647
216546345
873642672
428761520
3049501
9657648
31644990
32801517
4138563
45139896
200758180
21111090
501942
30135
134810340
736838466
86296804
16649480
188939205
469879840
4598126
743584205
534017484
71862066
12497500
232754664
153476148
14074165
8038030
515853624
167549733
39704070
203927570
243531475
7028847
365322100
962598
109736
27729075
664829880
186892111
322014330
1001
543926178
417297667
102094905
1370754
118755
60862165
591096100
237336
81803645
18601643
357158836
180007425
312074578
2303960
98280
448072338
58649185
2077741
428761520
164059875
768378801
958984195
284302141
764103197
902447910
33585370
91848681
975917422
39
2794155
531584096
91
284414780
794512884
42504
98280
62117055
665231050
148066236
627921439
1221759
6545
796104753
128095730
737849941
277218831
8855
322090739
249900
547126660
422721426
348881876
565801564
945485201
552689424
552435380
56185300
614597725
929632032
82160
1150626
48134020
116828271
358281
406053753
65998350
427064925
924134412
55228866
762908342
596004313
24117100
649819275
181062154
636763050
414417655
11071620
721656936
12789153
873642672
15504
988872626
335003053
434837196
260932815
2118760
207627650
35462596
487635
94966795
654045930
171478660
655863966
24359335
11716640
984971124
266202897
129781180
848046
553526545
958683033
15
950371003
534017484
463238335
830872230
7657741
712960318
53569740
724128607
86296953
534017484
451496301
24040016
689700087
154736417
35208615
9657648
143354778
858906181
1975354
160389488
305672932
21111090
300455841
454435878
663262831
873514943
20811575
526185516
659526
377447148
417395559
326380626
55709115
9657648
958847736
197829126
921075844
246320110
98491965
265824153
91537110
599273206
764534147
53130
60862165
109882900
6471002
168303239
87541245
43071
30380616
124717321
418092885
82285206
191868495
608685
620620
10424128
886322710
59402906
471352456
14985824
3
87541245
164059875
353527345
365080731
630220635
135751
2002
7028847
671211080
90223760
173591114
164059875
166695375
3162510
45982300
16649480
6843150
136083852
794747031
600610155
768299820
1140
291208635
621682425
397887945
15504
671443913
53047240
21978620
2190670
21
91253295
503221950
6438740
7207200
54870480
94966795
142506
17178876
66045
106009190
523896623
817045515
9660036
62222590
315469636
671431702
656576603
330386365
311250249
272985953
708930508
341055
101340876
878003710
123946085
125991255
30507895
134810340
608685162
21
17259390
26334
217028266
463592284
136100251
252133914
188939205
795431418
7647059
2024785
289141128
39015361
77
387610812
3764376
4582116
116828271
300836285
994856555
874979589
893228875
775648191
73307886
180352320
635376
101340876
632671880
151567816
105
962598
509108095
50063860
54276664
23437281
17666220
4656
1353275
727441715
386823150
91962520
65813089
586862710
140364532
516023875
829201726
700371451
8936928
3317040
577857642
110536146
275619981
661136784
72462741
35960
939438501
448126953
174963438
106821036
18474840
381169855
721656936
711563490
873373285
44570961
606059520
2225895
1086008
98280
8855
716254266
81964806
973620600
138786130
107868960
19973716
134153712
146803272
123536120
785115765
103701601
999854100
5359095
250353876
11440
891881376
45982300
128515716
6188
328430633
65780
348881876
319625550
258909276
7673835
402073902
9511040
126
2869685
392105945
635376
140842936
109658025
6
33585370
228981914
15504
1953
3317040
792
216546345
346700277
103478501
1221759
285569151
205852195
59
530501440
86619610
11716640
806812810
589754501
5006386
297602656
424270
12
58905
269145735
114354681
14686780
96334784
873642672
596695785
320271630
625889890
10850811
555932005
148203936
294528520
750049300
36949857
1001
18816045
8783390
358075893
389581741
182637273
349051327
212878
981738707
72586459
89559036
538697539
786045676
4489506
237336
3921225
465076626
32687060
146475945
33
522874464
208151406
67910864
5563251
139760144
10009125
939897049
35960
345965763
134153712
102223551
111469176
721790895
148772625
91390
520710
26334
30380616
462250620
849554440
846678392
40690000
9073260
14
11319484
387610812
146995520
85366711
4064785
6471002
3162510
57211376
126
135061134
48378366
454556476
96560646
745395651
240736653
14100680
997012936
790408920
659587925
529327888
3162510
59626385
498187404
188558490
88787020
38
38522253
698912578
473490550
13019909
20260275
8789000
365973765
332007796
87541245
46620935
421094761
367704645
20811575
627731028
80730
345444669
159320175
9472128
575757
267070716
324415
169911
566698146
95284
33710236
952358580
225792840
454581
100741915
3838380
783228831
423402001
39396126
56
134153712
993018337
97379370
392991060
435897
90565611
225150024
787968868
174963438
134810340
884652614
445287403
733923828
260822520
14891626
816
84526326
140364532
357781877
758531775
46504458
1333300
258805859
7624512
5200300
13232835
180352320
779718763
265824153
793626505
4368
110305204
701178597
237336
772057156
30872016
456326325
39147416
14950
16108764
182637273
79208745
435897
12031965
74032364
1708476
37752925
134810340
412833855
669682246
51890259
675993780
650635480
988455798
52360
105756696
521855
888332325
232319790
288852630
198792594
90291944
437503229
62882505
100201790
2598960
43282239
65156820
849472128
517792290
67331650
269145735
2929290
102116623
962263926
775909731
100699336
18671940
286243776
752778404
62117055
38757488
595665
955889535
195150735
2275280
658917485
64824
16603203
668682980
850668
699995017
207206917
34826302
32509
297602656
101980621
677040
6672876
1428895
93168075
138802791
21710755
227322820
4249575
298838423
24804
593775
20030010
64446024
591600030
182637273
871643321
723120160
446780778
3478761
143981965
332652321
988455798
30872016
49466431
511264204
26334
492497740
3764376
398329736
18474840
269224410
131834136
675005653
29772765
21
168674510
32801517
31256555
746080506
389263188
65
836729319
194580
76428066
34389810
554828016
21978620
147102255
40432700
32558415
591600030
182196998
146803272
658008
830447534
801615164
759993876
146803272
654441931
13068828
9657648
288641640
163185
643304376
75287520
25094706
591600030
761650935
114744084
15020334
172227220
9381251
190017765
769292160
139257766
275234400
921075844
65962195
579982315
988455798
198792594
93240126
311308454
159802503
233132900
21658071
51971283
946668828
1287
800168910
850668
35334621
877975
864228015
160679701
363693555
3478761
34389810
134153712
5563251
1274196
576450686
200860990
348308421
939438501
304985751
49645630
745395651
29034396
358303065
17259390
962813647
591600030
166631640
16701685
93926525
153476148
39416352
960962420
440614455
25621596
580078170
484306676
13366
46376
735471
335246275
58905
325545886
5744355
300836285
434432026
569750646
5774275
422220418
826800780
674160840
586862710
3478761
814385
234531275
735479745
921092167
658008
256851595
479318126
609720660
297602656
213338251
412088986
632671880
66719136
921041740
26964280
387610812
164059875
52618411
381993396
79208745
257270586
734777535
91962520
80730
448886467
901244960
221432522
899537320
96598050
86296804
770614911
100005001
92663049
66045
56
2869685
25236484
659436097
726453165
1370754
175829469
561946050
1712304
333859526
815609119
642520144
131115985
49332470
20349
670347681
63391251
929632032
94030041
199921081
37459184
11009376
51971283
595583935
315519760
3817670
278633421
10507399
423104424
5949147
49177128
76032946
973054251
316251
479285238
35960
229741876
372968134
24040016
111469176
10660
1906884
432295143
626526901
5461280
3317040
159773970
240027425
215001216
576108036
3162510
63
367869250
50899005
831907020
559544129
814656823
450710001
965362592
105835800
245626489
36890001
282989144
1237951
2731135
273094041
141397336
192386600
708428234
280785753
35
78331386
433720363
281829411
938506150
26415546
745395651
432295143
591328
1370754
7028847
71159504
566685735
153495747
540300628
265483279
86567815
174963438
4728720
1086008
123855810
3003
1540
33025784
416466213
25031350
973620600
64742417
152096
10771761
48792380
370936928
101993200
254231775
339746225
572082225
140364532
197298376
3162510
705016961
11628
23426
11358880
85040361
180007425
837762064
56921900
295992620
22100
9651421
108618916
210165935
86567815
126
276
802206251
8038030
128164707
250654530
10424128
8510740
348836491
1712304
927341646
53130
431812578
776216
677040
481008528
275690421
111653500
91881
380106736
98280
414080699
710965486
736709751
689086420
54891018
35820200
4851
23751
611860305
237336
3003
67945521
179031970
621337974
64512240
273819
720580203
300701026
166695375
793871781
149672373
31519775
595349271
75760620
5984
31509891
481638237
134059345
2053351
79653137
534800159
571880029
16108764
6659425
101194939
12103014
105451503
164059875
472160269
67910864
132766176
182637273
216071394
428146004
105835800
305050983
75829740
234531275
972311131
287999800
986754823
387610812
8568
414635420
37090735
182637273
632671880
324740000
260068221
769754986
6471002
3612280
136794070
50456035
23165219
8855
35990
18316378
8783390
920612595
920193120
426696110
481008528
367012100
290055655
794708778
36195821
580078170
174792640
879311834
292664520
131054924
585276
503167995
17259390
585276
675993780
552081352
712317401
737849941
98491965
177232627
169911
32365035
201376
769754986
108051218
278256
297888168
15504
958921590
20475
29034396
2002
502785958
20475
20
46376
341375385
678117972
65780
717620923
7023974
157345860
15493204
43165986
949103199
772704645
24040016
15777195
910682080
8031744
634683772
249519847
45
146803272
84672315
191868495
160389488
935213776
792
735303726
691538721
359933112
42504
65780
308633854
2118760
116828271
3391024
3244140
738713572
8104460
974222948
39524100
174792640
901512874
3124550
10424128
7140
132055626
4560
80622640
201794005
36890001
194094253
682666400
625288566
611860305
56652510
612724735
640064655
594203827
194831715
1867278
107069661
849554440
747326800
323182496
2001460
59626385
88245720
801615164
9691375
193753
158409686
929778465
506004324
95548245
178365
105
3478761
31465
590111749
431412431
30507895
324632
254231775
685229601
23738715
54870480
64371531
7028847
8855
96560646
7028847
82160
244105560
765532482
763761020
381588019
3064050
18915831
254274090
342421365
19
201930
10
962163541
11319484
902009823
12103014
764727318
30703240
828363250
254274090
393499431
604322830
49177128
859985866
19578153
325061253
100290905
2862209
1533939
8568
986590410
71
68888815
413274654
2555190
597024426
10737573
105995
354112578
571880029
207288004
646646
749398
43486080
66045
322012324
547033565
752538150
1774630
313941940
122391522
273288960
27285336
369308253
345445100
179591525
268993924
815646924
1749060
949495645
2123555
504981379
2002
186737475
93240126
841464054
464306843
320460433
174963438
695520
211346520
794747031
1183491
680
2925
119666470
23751
979477679
554038992
115029959
432141450
4082925
493728844
46152028
528
361957680
876832282
280152180
18474840
234531275
820
160823145
103962600
24040016
68252086
172061505
7940751
81803645
450400149
271228532
43282239
41664
7023974
804467885
579544060
25621596
928403337
45379620
166695375
13037895
175191047
465289016
718682306
910682080
66045
477214430
15020334
86567815
412318686
120039765
778368240
126009520
21592285
321402081
2598960
136438725
163185
2349060
682640
124102135
2485
20584249
3322490
8568
70
901153
395010
27285336
203927570
232751100
733813080
524036360
205973956
1221759
203303530
400557282
498689673
57411900
171560026
392292290
298471843
560383842
602800640
19849166
172712901
801901128
8214570
693017835
591600030
722728307
557095510
309919580
415136911
772214237
197941220
299766587
56
573443722
11358880
111469176
807341551
19084187
38390964
172840528
573352626
947901640
293537599
43252665
988455798
21337260
482273200
191868495
141546196
814385
166357920
12614424
451352791
75199840
15504
1679028
651163800
855807443
146982379
26334
21
249951261
404487903
481839872
143298204
808759644
917953555
962598
308311418
24359335
207029130
402073902
5985
666563898
167549733
101709453
721656936
690960571
2745996
818404653
424815755
8171255
839946591
988455798
23426
314705170
1823471
610475677
369416971
49177128
149306730
57940519
112087878
401017110
515853624
53130
57940519
29034396
861969278
5730805
178070133
30872016
124938528
4598126
28
480205545
70
226826987
43949268
56248921
472300117
1771
177237378
949635861
1287
962244818
921075844
213338251
58409520
4582116
364351515
24953460
68556195
3296028
142506
998076617
902447910
350202702
476206940
929775003
22537515
295582584
876490780
528
855154755
3162510
126
326302500
313413310
556682244
557845
249392611
1749060
656179651
474196216
58905
144708285
15180
275925286
571880029
830097885
440874584
23366482
975191703
6958315
213338251
71355858
617699165
4960
1906884
9880
53130
686513604
221035825
402073902
220625349
77238876
379184491
477358651
33366840
49357080
833340
370407720
3921225
210165935
161991000
812387586
756857871
553547666
611860305
448569680
369327958
971635
435897
76648261
876893598
248923828
188018480
432295143
2598960
435257760
80260180
153829130
8936928
81803645
182637273
111469176
123913153
94290778
475373709
759934605
904970998
1221759
234136
211876
7413705
597525165
87541245
91390
234531275
270725
739317202
1712304
79208745
20825
23636250
7413705
65102860
4686825
146536159
234531275
1287
101872037
791681736
9810580
278256
497640
17550
693422674
207288004
39175752
8126496
743996025
126
43079036
146803272
98491965
344210129
91537110
226387980
172061505
140205240
6903565
51030225
40612578
127848045
702028308
766480
903990556
2218671
56
249683031
5563251
128164707
264373515
988455798
769520640
133865703
901289592
137006590
50803424
919780479
208207076
276632720
847660528
312011121
53727345
667202185
294790528
7940751
395010
28603266
265368251
322405615
1
117612110
122972547
412375912
450710001
6572125
443233432
858385626
602146325
598392164
749398
244979536
210
635745396
1
106308566
278256
436462906
76981524
29857128
5160610
9139
608715342
58409520
455008127
269145735
244222650
88201170
769754986
5463165
4082925
3737581
143347400
565086753
487635
748554778
411773253
47858436
25621596
1426425
927048304
489415356
59415193
166695375
1837620
113582855
808714313
495
5773185
141722460
111930
826307734
2794155
596904
38767960
344291325
769754986
96560646
67506390
6209895
104351707
654045930
2794155
91962520
426684444
1712304
874156965
56710258
24040016
80730
49963822
621682425
66407050
647449946
240027425
600610155
592721026
279158910
19720001
2929290
725453378
224261960
979982856
462
8214570
467716275
901289592
53130
777638840
893228875
186103516
14043870
35107380
418318320
87840885
86467825
165556306
850668
26978328
22537515
393303081
745395651
1426425
679623774
412802104
201376
2555190
47239010
1663740
435734539
165170996
593632266
5256903
24532904
92568571
733751461
4656
