500 500
79 81 2 10
432 434 3 0
165 167 4 0
162 164 5 0
343 345 7 6
207 209 0 0
76 78 0 8
300 302 0 9
263 265 0 0
481 483 13 11
120 122 12 0
16 18 0 0
201 203 19 14
226 228 15 0
304 306 0 16
373 375 17 0
273 275 0 18
438 440 0 0
192 194 26 20
92 94 0 21
229 231 0 22
497 499 0 23
434 436 0 24
251 253 25 0
204 206 0 0
406 408 27 36
217 219 29 28
460 462 0 0
349 351 30 0
329 331 31 32
24 26 0 0
21 23 33 0
155 157 0 34
343 345 0 35
178 180 0 0
192 194 0 37
233 235 38 42
23 25 39 0
230 232 0 40
6 8 0 41
274 276 0 0
117 119 44 43
390 392 0 0
246 248 47 45
304 306 0 46
149 151 0 0
290 292 48 0
37 39 58 49
387 389 50 54
139 141 0 51
160 162 52 0
433 435 53 0
281 283 0 0
462 464 55 0
492 494 0 56
125 127 0 57
229 231 0 0
447 449 66 59
235 237 60 0
129 131 63 61
171 173 62 0
461 463 0 0
291 293 64 0
188 190 65 0
456 458 0 0
237 239 67 69
439 441 68 0
88 90 0 0
236 238 79 70
78 80 76 71
252 254 0 72
39 41 73 0
446 448 74 75
231 233 0 0
293 295 0 0
250 252 77 0
496 498 0 78
358 360 0 0
197 199 0 80
15 17 81 83
194 196 82 0
305 307 0 0
417 419 84 85
25 27 0 0
446 448 86 90
422 424 87 0
231 233 88 0
8 10 0 89
287 289 0 0
290 292 97 91
386 388 92 0
28 30 95 93
344 346 0 94
11 13 0 0
101 103 96 0
377 379 0 0
189 191 105 98
41 43 99 103
476 478 102 100
207 209 101 0
207 209 0 0
386 388 0 0
39 41 0 104
129 131 0 0
453 455 106 109
208 210 107 0
240 242 108 0
212 214 0 0
88 90 112 110
161 163 0 111
331 333 0 0
27 29 113 121
13 15 114 0
226 228 0 115
350 352 119 116
454 456 117 0
403 405 118 0
115 117 0 0
229 231 120 0
338 340 0 0
445 447 122 0
108 110 123 131
489 491 129 124
73 75 125 0
426 428 0 126
152 154 127 0
292 294 0 128
5 7 0 0
334 336 130 0
375 377 0 0
345 347 132 0
71 73 133 135
446 448 0 134
125 127 0 0
190 192 136 140
430 432 137 0
14 16 0 138
450 452 139 0
51 53 0 0
384 386 141 0
248 250 149 142
303 305 143 146
474 476 0 144
422 424 0 145
416 418 0 0
238 240 0 147
127 129 0 148
486 488 0 0
312 314 150 153
327 329 0 151
376 378 152 0
394 396 0 0
231 233 162 154
128 130 155 158
429 431 157 156
440 442 0 0
9 11 0 0
170 172 0 159
51 53 0 160
298 300 161 0
295 297 0 0
259 261 165 163
426 428 164 0
342 344 0 0
161 163 170 166
274 276 0 167
277 279 169 168
25 27 0 0
330 332 0 0
123 125 175 171
223 225 172 0
486 488 0 173
196 198 0 174
54 56 0 0
453 455 179 176
3 5 0 177
223 225 0 178
311 313 0 0
101 103 187 180
336 338 0 181
233 235 0 182
206 208 0 183
215 217 184 0
392 394 185 0
18 20 0 186
254 256 0 0
340 342 189 188
306 308 0 0
135 137 197 190
359 361 191 196
250 252 195 192
302 304 0 193
392 394 194 0
362 364 0 0
368 370 0 0
451 453 0 0
13 15 202 198
442 444 0 199
492 494 200 0
159 161 0 201
479 481 0 0
75 77 212 203
166 168 204 205
131 133 0 0
321 323 206 0
308 310 207 0
168 170 208 210
82 84 0 209
423 425 0 0
355 357 0 211
151 153 0 0
84 86 220 213
375 377 0 214
54 56 0 215
207 209 216 0
57 59 217 219
436 438 0 218
482 484 0 0
60 62 0 0
494 496 0 221
214 216 222 223
110 112 0 0
97 99 227 224
152 154 225 0
170 172 0 226
7 9 0 0
70 72 231 228
255 257 0 229
89 91 230 0
211 213 0 0
315 317 232 237
239 241 236 233
7 9 0 234
420 422 235 0
322 324 0 0
410 412 0 0
122 124 238 243
281 283 239 241
308 310 240 0
323 325 0 0
327 329 242 0
389 391 0 0
185 187 244 251
235 237 0 245
157 159 0 246
325 327 247 250
90 92 0 248
56 58 0 249
71 73 0 0
161 163 0 0
132 134 254 252
484 486 253 0
253 255 0 0
472 474 255 259
233 235 0 256
477 479 257 0
60 62 258 0
382 384 0 0
68 70 268 260
172 174 261 266
217 219 0 262
367 369 0 263
171 173 264 0
269 271 265 0
169 171 0 0
332 334 0 267
215 217 0 0
239 241 0 269
135 137 271 270
3 5 0 0
152 154 272 0
2 4 281 273
15 17 274 279
433 435 275 277
27 29 0 276
172 174 0 0
287 289 0 278
322 324 0 0
290 292 0 280
345 347 0 0
147 149 288 282
166 168 283 0
321 323 284 0
8 10 0 285
464 466 286 0
263 265 287 0
365 367 0 0
151 153 289 292
51 53 290 0
347 349 291 0
178 180 0 0
52 54 293 297
225 227 294 0
410 412 295 0
399 401 296 0
361 363 0 0
166 168 298 299
418 420 0 0
403 405 309 300
175 177 301 306
340 342 302 0
52 54 0 303
324 326 304 0
264 266 0 305
123 125 0 0
312 314 0 307
86 88 0 308
223 225 0 0
130 132 310 313
370 372 311 0
26 28 0 312
372 374 0 0
266 268 314 320
309 311 315 0
101 103 316 0
355 357 0 317
144 146 0 318
209 211 0 319
485 487 0 0
396 398 321 329
461 463 325 322
183 185 0 323
21 23 0 324
102 104 0 0
478 480 326 328
262 264 0 327
63 65 0 0
35 37 0 0
132 134 332 330
230 232 331 0
412 414 0 0
132 134 333 334
90 92 0 0
459 461 335 342
76 78 336 0
348 350 0 337
120 122 338 0
341 343 0 339
241 243 0 340
124 126 0 341
180 182 0 0
131 133 352 343
314 316 344 0
46 48 345 349
134 136 346 0
30 32 347 0
110 112 348 0
216 218 0 0
271 273 0 350
397 399 351 0
217 219 0 0
487 489 353 361
484 486 354 0
473 475 355 0
236 238 356 360
299 301 357 0
118 120 0 358
53 55 359 0
328 330 0 0
472 474 0 0
1 3 362 369
181 183 363 365
449 451 0 364
168 170 0 0
300 302 366 0
88 90 0 367
245 247 0 368
10 12 0 0
309 311 370 0
68 70 371 380
76 78 372 376
399 401 373 0
247 249 375 374
143 145 0 0
163 165 0 0
118 120 377 0
30 32 0 378
150 152 379 0
55 57 0 0
435 437 381 382
264 266 0 0
284 286 383 387
378 380 384 0
329 331 386 385
79 81 0 0
449 451 0 0
35 37 388 392
82 84 0 389
335 337 0 390
290 292 391 0
236 238 0 0
51 53 393 402
83 85 398 394
461 463 395 0
354 356 0 396
291 293 397 0
394 396 0 0
184 186 399 0
313 315 0 400
183 185 0 401
10 12 0 0
465 467 403 411
331 333 406 404
293 295 405 0
243 245 0 0
357 359 407 0
440 442 0 408
332 334 409 0
178 180 410 0
247 249 0 0
377 379 412 420
132 134 413 417
444 446 416 414
408 410 415 0
407 409 0 0
112 114 0 0
94 96 0 418
483 485 0 419
51 53 0 0
390 392 424 421
401 403 0 422
157 159 423 0
325 327 0 0
256 258 430 425
370 372 0 426
216 218 0 427
196 198 0 428
55 57 0 429
373 375 0 0
461 463 0 431
406 408 437 432
50 52 0 433
240 242 434 0
349 351 435 0
231 233 436 0
393 395 0 0
290 292 440 438
41 43 439 0
245 247 0 0
476 478 442 441
43 45 0 0
108 110 443 447
71 73 444 0
400 402 445 0
264 266 0 446
7 9 0 0
352 354 448 456
234 236 0 449
18 20 452 450
104 106 451 0
290 292 0 0
54 56 0 453
162 164 0 454
486 488 0 455
111 113 0 0
128 130 460 457
472 474 0 458
497 499 0 459
349 351 0 0
286 288 461 466
355 357 462 0
45 47 463 0
396 398 0 464
135 137 465 0
253 255 0 0
442 444 467 469
338 340 468 0
232 234 0 0
70 72 0 470
92 94 471 0
410 412 472 480
63 65 479 473
143 145 474 0
346 348 475 0
160 162 476 0
358 360 0 477
225 227 0 478
100 102 0 0
141 143 0 0
154 156 481 483
14 16 0 482
155 157 0 0
42 44 484 491
335 337 485 0
188 190 486 490
406 408 0 487
16 18 0 488
453 455 0 489
291 293 0 0
449 451 0 0
311 313 492 0
307 309 493 0
62 64 499 494
300 302 495 498
229 231 496 0
334 336 497 0
455 457 0 0
182 184 0 0
378 380 0 500
128 130 0 0
