514
1 2
1 3
2 4
4 5
2 6
3 7
4 8
5 9
4 10
7 11
8 12
10 13
13 14
14 15
13 16
16 17
15 18
14 19
16 20
20 21
18 22
20 23
20 24
21 25
21 26
26 27
26 28
24 29
29 30
29 31
30 32
32 33
32 34
33 35
35 36
35 37
34 38
38 39
39 40
35 41
37 42
39 43
42 44
43 45
40 46
41 47
43 48
46 49
47 50
50 51
47 52
48 53
51 54
53 55
52 56
53 57
53 58
57 59
55 60
59 61
58 62
61 63
59 64
64 65
64 66
62 67
64 68
67 69
65 70
65 71
70 72
69 73
69 74
73 75
75 76
72 77
77 78
77 79
76 80
76 81
77 82
80 83
80 84
84 85
81 86
81 87
84 88
83 89
88 90
89 91
91 92
88 93
91 94
91 95
92 96
91 97
96 98
98 99
95 100
98 101
100 102
99 103
98 104
104 105
102 106
102 107
104 108
105 109
107 110
109 111
108 112
110 113
109 114
113 115
115 116
112 117
112 118
113 119
118 120
120 121
117 122
119 123
123 124
123 125
122 126
123 127
125 128
124 129
127 130
128 131
126 132
130 133
128 134
133 135
135 136
132 137
135 138
134 139
135 140
140 141
141 142
138 143
141 144
143 145
141 146
145 147
147 148
144 149
144 150
147 151
146 152
152 153
152 154
153 155
154 156
152 157
157 158
158 159
158 160
155 161
156 162
159 163
162 164
161 165
161 166
164 167
166 168
167 169
165 170
168 171
168 172
169 173
173 174
172 175
172 176
171 177
174 178
177 179
174 180
178 181
178 182
180 183
180 184
183 185
182 186
183 187
182 188
188 189
185 190
190 191
187 192
189 193
192 194
189 195
190 196
193 197
197 198
193 199
194 200
198 201
198 202
199 203
202 204
202 205
205 206
205 207
204 208
205 209
207 210
208 211
211 212
212 213
212 214
212 215
212 216
216 217
213 218
213 219
217 220
215 221
221 222
221 223
220 224
224 225
220 226
221 227
225 228
228 229
224 230
225 231
229 232
232 233
228 234
233 235
233 236
234 237
236 238
238 239
235 240
238 241
240 242
239 243
243 244
243 245
242 246
246 247
246 248
244 249
249 250
246 251
251 252
249 253
251 254
249 255
251 256
252 257
254 258
257 259
257 260
257 261
257 262
257 263
259 264
259 265
260 266
261 267
263 268
267 269
268 270
269 271
270 272
268 273
271 274
273 275
274 276
275 277
275 278
278 279
275 280
275 281
277 282
281 283
281 284
281 285
281 286
284 287
282 288
287 289
284 290
290 291
286 292
292 293
288 294
293 295
291 296
294 297
294 298
297 299
298 300
297 301
301 302
297 303
300 304
303 305
302 306
301 307
303 308
308 309
308 310
306 311
308 312
310 313
309 314
313 315
313 316
313 317
313 318
317 319
315 320
319 321
320 322
320 323
322 324
319 325
325 326
326 327
326 328
323 329
326 330
330 331
331 332
328 333
329 334
333 335
335 336
334 337
334 338
336 339
335 340
338 341
339 342
342 343
338 344
341 345
345 346
345 347
345 348
347 349
348 350
349 351
348 352
349 353
353 354
352 355
355 356
356 357
357 358
354 359
359 360
360 361
358 362
360 363
359 364
364 365
361 366
366 367
366 368
364 369
367 370
370 371
367 372
371 373
372 374
373 375
371 376
376 377
376 378
373 379
378 380
377 381
377 382
381 383
383 384
384 385
384 386
381 387
385 388
383 389
388 390
385 391
391 392
391 393
391 394
394 395
390 396
393 397
392 398
397 399
398 400
399 401
397 402
402 403
399 404
403 405
404 406
405 407
407 408
405 409
404 410
407 411
411 412
411 413
411 414
409 415
410 416
412 417
417 418
415 419
414 420
418 421
421 422
418 423
422 424
420 425
425 426
423 427
425 428
423 429
424 430
429 431
427 432
432 433
429 434
431 435
433 436
436 437
433 438
436 439
439 440
438 441
437 442
438 443
442 444
444 445
445 446
444 447
443 448
444 449
446 450
445 451
450 452
449 453
448 454
450 455
454 456
455 457
452 458
456 459
457 460
460 461
459 462
459 463
463 464
461 465
460 466
462 467
464 468
468 469
469 470
470 471
468 472
467 473
468 474
470 475
475 476
471 477
473 478
475 479
479 480
480 481
479 482
481 483
479 484
483 485
481 486
483 487
484 488
488 489
484 490
486 491
488 492
490 493
493 494
491 495
495 496
492 497
492 498
498 499
495 500
500 501
498 502
500 503
501 504
501 505
505 506
504 507
507 508
506 509
505 510
509 511
511 512
508 513
509 514
