5000 100 10 98617869
87956 26623805
42297 74575755
38465 51998959
88883 50289220
29639 15183955
7260 8175429
7887 97315815
50303 8149450
49612 70160063
11428 76172956
29714 623808
45671 79900920
21006 95412464
14255 28047788
3286 32277865
79386 81325727
90046 96004887
38647 33604500
30792 88293593
18363 40176283
21263 74571553
69748 70977971
81555 37006179
41222 58021689
51392 21028166
77880 30061541
42432 93716321
57799 99308152
73714 41549322
66912 94836336
42145 11570652
85217 85245209
90867 84579898
79902 13128441
66905 7776134
1289 28867391
33488 54172789
26918 6751408
6599 31489136
65409 3377915
30391 51484095
52386 26685629
86040 48434621
49549 39361905
88150 58382425
59640 16327482
81957 15393008
81685 82561320
84231 25455105
15905 77879101
71675 1510838
58504 20611631
91920 59108207
39405 51895299
63162 44652489
69798 95630998
67303 93745374
75976 46369704
44191 826760
41894 37196643
57497 72446202
81835 34194966
58213 60129521
30012 40328469
42841 64962399
18690 71332218
63112 24954064
38877 74673216
72216 24339593
69062 27175967
2296 39390786
44442 70161371
76555 97639944
42140 80348861
65141 2262685
68598 62708593
91479 76102334
77603 62548099
35374 66176197
17245 26849186
63132 73600491
8241 50128186
22729 42641606
6386 87649531
35001 56402622
49522 88489634
33507 42665167
16495 81445922
37268 27698434
46318 43804519
48580 84372991
40558 57186359
84547 55933023
14860 54256238
44974 27643731
9959 5764168
75417 79286829
53550 52315130
69008 33210109
12290 93942338
52360 59822863
47217 37922492
69063 46115683
15127 95309493
31946 33679549
24251 3775236
85961 50659828
39783 36076923
2168 33212406
11851 81218423
35 71438585
64848 14616712
43700 95391298
86887 30202905
91622 11929207
28539 18214138
74277 59093569
49047 26756452
49067 28021397
65182 31539721
31530 13696309
74826 84786192
67529 48792905
13109 23465340
82539 63712628
22750 47894153
50459 44182706
71314 90909332
25195 34475411
18689 20691763
72889 97773833
79997 70673040
36271 75237
8239 67109358
5040 72011789
79638 94830285
76141 86480389
67349 55096939
84583 5512296
25189 22311310
15018 88278746
65207 56892490
48826 85232681
69236 77068161
16144 21430411
10037 71145415
48441 41698531
48021 81104351
34589 91764300
83338 22386754
42969 46862789
79888 2000540
38862 1866221
78291 21132825
50582 40692463
11989 29119794
64707 66165951
40677 18981719
29227 86330458
10441 28655782
17036 98842509
44003 79481467
23799 41619653
59789 34831160
61572 61315880
7617 49676396
31212 26951307
42849 94038200
53941 13807120
9030 88712398
43819 63647865
79723 41019850
11502 3844477
41258 38761505
49511 8567801
93477 2968510
75865 19734837
41624 47951351
45015 48068499
67652 47254796
63738 92516779
34014 22595754
72373 53640833
78312 801966
17202 36837684
46349 26980241
17960 59862910
79146 87848421
69359 80518012
77568 11431379
81702 99059918
4616 49012477
33634 1882570
76430 80149246
60941 84779044
4434 64368154
31173 29367939
38829 49280261
24911 56114214
45371 2973077
19994 97145649
12733 50986503
36991 2986114
78481 73232298
27794 70477556
44418 25106293
52203 51579919
89950 88332230
4875 76115302
74086 8446264
31883 53434574
9694 90706522
26568 12294678
76201 18327637
78952 95101716
6879 66393495
32491 56286738
50187 1772276
24778 61247627
89119 47809683
6138 64700956
79044 1262658
92172 52067450
50090 74776070
56795 15625420
76150 41593452
21894 61069456
61333 51862508
43967 24803110
16916 46805730
74617 96523564
41063 17184895
50783 35611928
86190 17115859
35429 46478098
41421 81101091
33957 42874223
5820 32492634
7192 76991341
38686 75640778
93373 95523742
62264 61676755
16191 2050557
77017 34990036
76642 88762113
2276 99274846
27328 27696
77566 90612332
40502 87933265
66961 37531884
64176 25170085
27098 50623121
40670 6029428
39772 68018686
2116 42900812
25137 28153882
8804 13410047
29956 47534105
30197 8402605
92531 94830623
16417 16836261
80984 82450395
47746 63081563
35145 57536286
47417 85823622
77467 37942543
25998 18733849
28924 84070720
47083 24197772
27818 7784046
56753 48265223
61665 58039492
49955 78284917
3840 29652226
17792 40614091
6189 83852240
6689 71104671
85332 79347014
61235 44398067
52283 90233766
41781 36984174
39443 93731750
49825 21774677
40359 80481300
46662 82408229
59396 65587387
30731 29235978
85947 97381426
28192 34233180
77814 46724770
1669 56549205
83882 84813976
84464 54428702
66482 66872814
11112 6076994
73549 81564812
67713 37799241
30272 98779191
90958 58131736
29957 58062721
48407 25074893
60233 76246121
22236 4826043
73111 14348119
51479 53177551
2324 66422847
50439 96682603
65195 89896985
70931 20430518
2024 2454428
73328 18909084
48224 22085033
4076 64348506
70401 21314949
58726 5157420
51853 68052912
5222 8060482
5469 84543185
73777 70442933
81575 56978452
48704 64996897
88004 85863593
83393 32187180
53244 17823511
13673 90079435
55565 31641563
44129 9329883
39864 18213197
88196 79623526
56526 48674983
29822 71422168
69565 67529612
39664 13543281
69880 49918231
66902 55996806
54208 60123050
54553 82814336
30259 87705909
20520 26779927
17379 20135566
48371 30840063
27105 78364233
86333 10536431
53992 66364687
120 88621929
46561 27457255
34408 84283918
68676 97075804
10359 99576018
3023 34329765
15120 6407072
8377 81599232
14953 92955811
26817 56739276
35426 79867265
73354 89111452
30428 33684676
85896 3393626
80715 16569469
20087 39413768
65917 89830688
16690 22784552
5661 14374244
83996 24458157
43120 19370745
6568 27072142
57538 5757089
41201 20031929
60957 83009220
17564 18448639
25502 6162399
89780 78616518
6888 80068482
85978 89100887
33298 56801162
74350 6862053
86001 418384
18738 73262808
93381 2023315
17281 86291946
8951 61541591
13940 4720933
46170 74551815
48580 66011582
32758 54040419
19020 25470226
66661 49569369
27477 52566246
5898 91129593
70752 78792154
38719 75214494
51698 47078958
55341 67817166
35580 42941858
82769 75611788
10333 48783597
84086 95114244
71497 56968413
83102 78257392
52893 32259800
1731 12472920
87408 45016981
94001 66849474
51541 91680141
43851 96799418
52382 10942528
79217 8642856
26488 163142
87803 83395957
8390 51333207
28216 24855156
81490 96161126
46684 6137686
58068 94668164
84886 28625886
68532 69209241
5760 37174342
64609 8173800
86336 69358506
18858 67035589
50265 22842590
35643 90688188
88607 88515955
83239 12978172
37486 86472682
68403 30919659
19951 16944535
91291 36329943
24302 85243028
19307 59993651
79518 10442424
11316 60000424
59290 48461818
4238 56673287
7585 20544519
4610 36494601
7624 54203345
2843 79905259
15671 70550472
91840 67147566
87310 9711162
28458 25900049
35246 30180714
87183 49737918
84618 98260804
74649 81809008
9839 91450813
72300 61352698
75178 62500009
33953 62765660
12922 46767566
50213 31464341
82504 78959404
33752 48722917
52425 9285735
60931 11565735
7257 66454060
66194 50685298
28336 52212129
7963 64574868
79065 15187489
2199 11692513
85553 45742364
71321 51583638
64325 48620254
59004 96319606
53437 66125912
14768 1391436
75560 44186252
49627 99627897
80024 18501188
86918 77501589
19146 1175769
39384 34106374
35286 33642808
70036 56377184
46935 2614174
22454 7984952
60022 98663966
18328 9115265
10871 26434241
20793 42672040
5748 85735171
15760 42678174
87771 99210534
28492 40942468
89232 53499703
70587 55183323
91409 51663649
61772 60579724
74293 93003644
56557 86653108
23241 42575662
72914 43974358
82385 6723003
26810 88523848
78174 11040846
67164 78233749
90541 80292070
74829 84246498
65286 63217994
67529 49730679
37930 48665727
74719 76425875
70973 46720053
71544 38152187
87497 58995211
82005 40374220
26310 71959707
13200 42810502
61672 42470905
17462 64356306
901 67562944
39278 7836826
80837 16018331
88953 32390322
36627 69788642
22062 986728
19707 39551357
23094 23816450
56158 19450906
51456 31027811
38250 91806636
73592 32533343
9802 8266962
82855 94965406
40090 11710901
26830 9282324
453 54428121
45720 32161563
89814 61718826
46611 2199130
12576 46672887
20196 54994541
75054 85631165
28874 77528358
43840 93295981
90378 88560893
32990 32474554
59937 1385314
69960 1470786
23865 96512088
54931 55672433
60640 50004588
26402 75429914
49961 33063359
56544 99234389
61856 21172560
74845 43481052
11003 37164225
31254 60010798
2532 86710641
33496 75765105
70471 90925749
79766 48882122
18878 1497528
88711 93694488
78975 21083652
6726 8836733
18225 64500180
65175 5770744
62632 73931740
74358 85342380
10038 55945114
22052 76304106
24211 57935650
68296 60318274
45376 42138036
36629 24950529
81565 96839391
61766 30407553
81633 29218264
56474 53895592
19230 25985314
21645 73906510
9615 46998972
15241 40565385
27738 89715092
15935 68551365
58001 54731198
62506 91285897
8268 81170376
18556 14862195
51792 92720255
79091 61404901
81180 66161728
49311 92929270
12756 68430847
44843 50714613
78584 62073539
73130 37418008
66596 9331082
70047 82519576
91258 3891160
41709 97222732
37256 48442765
50671 28838263
54216 92629152
8768 57954257
37699 83513183
54877 79941759
44226 11171613
3114 50087607
21796 24728596
2256 26534974
31421 77939696
402 95874647
77045 94452729
7861 38833304
69718 81981517
42672 14515303
67073 77081017
65786 65070127
72169 87054025
42809 60092282
68324 42383543
44259 25274823
13696 65421422
79132 38190320
8618 28681003
49160 76952154
66374 81194630
47655 46407830
33299 56253729
33144 31540304
18373 26329875
29190 26208585
78759 89409174
22247 25637415
75441 66819449
76307 52063111
72341 78280090
71825 67790852
81227 5216716
34817 86367883
51545 70706468
39483 45551124
43138 93695894
80537 85097513
59629 82232793
92742 93217575
8695 15209776
73048 64489914
32418 63221225
53893 38631205
69950 80889730
70822 91760019
69965 73064954
43839 55387684
22402 18048397
60235 17212095
72232 10108308
7377 45688667
6054 7238525
7318 6270179
17105 52456701
53284 3066692
37502 76462970
22854 29834484
40826 62716639
87378 22241223
29833 11676358
72266 55292541
29644 78584818
70188 15539335
13959 57468497
35593 37904432
45651 48031001
20760 23897360
40483 71928335
30675 2289902
37737 87204349
364 97084218
25803 77945904
58446 55867868
13252 47900743
90693 89301616
29133 49659389
59859 44318414
486 7790734
20423 77393775
75981 45125532
13924 37868741
8586 56440363
86625 942412
66450 49482697
19945 5270087
16770 61105260
2312 5387070
47215 81789359
18802 84746411
22092 44396733
20528 41783556
87965 71158536
23290 27333035
25944 98476072
19873 49241206
5641 77574074
42756 89274489
72170 1392401
66986 62383137
62191 98481920
62006 40078496
20528 75040234
31134 51154697
34676 59236857
45186 39036048
72719 62465488
17593 55238770
55700 71954279
68334 65089648
88284 92331319
2768 66548307
31604 53957154
17753 3919832
84504 3588755
61592 11257357
88645 38988897
37479 61657856
3427 49317772
90204 23375077
28149 53746367
4470 69737277
20302 779786
80751 54868584
70322 60064204
70933 43164417
52803 39321791
68043 74817269
28824 23084578
7379 53661204
80134 50072774
79222 28744008
8080 68770766
93463 8123507
4513 8247123
53298 31675873
44166 51458766
46818 35754401
87208 78905549
50069 24972618
92165 63097570
33870 43881628
13902 82882465
48573 48214658
3219 49952351
69342 85156728
34522 19310775
67643 94119502
84463 9335305
57797 11202785
66194 86257946
31239 37124974
82151 1840864
84427 42471616
21137 63502362
48310 72232518
74696 88097623
73780 34051998
93693 87329396
44612 81979835
87904 89175223
93553 89823226
81716 86070003
74628 1600244
43723 38702089
70666 18020441
59031 13230743
39475 15193099
2849 28024792
31962 48334372
77596 77625303
46887 23159790
72052 89197389
60089 41735718
58530 91994797
81857 13808533
37853 95884820
84370 42172370
58028 40090839
7170 82392836
12845 14124700
30867 56269316
2628 60591398
28568 42427051
9755 34159836
33151 85176048
54089 63844666
58842 82540769
16215 18063979
16997 29568841
39143 53024744
36689 96261500
89774 52041838
12076 88413443
1479 87239189
68752 75958310
14058 76252262
93576 28719334
79560 8722747
25851 77976202
1872 66940513
93642 12216778
48639 24004440
91702 36343587
86926 71550386
45510 57159899
23063 66838859
18577 78517398
22456 44371622
83526 16046078
57276 90253473
45635 85491053
67407 76748368
91708 55865747
80553 42905829
59169 85902754
89848 49510551
51674 45664226
23029 92877079
18851 73132467
71274 52952946
55223 94035299
59847 88746470
26373 91188854
17741 91999890
19526 69761608
81376 99239322
55950 1275451
27259 74495753
20861 66491509
80727 43499500
9436 32280628
44664 3030147
30483 24074100
23684 12469021
90935 65367395
26982 80015286
4806 37730125
39157 31955391
82419 54396201
54366 36153912
41514 11241349
80394 84443175
5948 16413628
56944 22174352
30975 81373214
16438 87815752
33355 16232960
14808 44115049
42082 39269477
26459 37513628
43050 74522390
4286 16555918
53557 38807023
86412 93687846
13629 77499295
53432 69877386
92031 70267697
58519 53773797
60677 65775841
38075 22102815
76021 99171058
45351 13319250
28903 5797171
90190 55711079
8252 66534722
23202 2219873
79690 15786325
5070 5825979
78307 72319805
84734 312926
47770 81871936
56679 38559745
91191 29543578
60667 91337312
49859 73314396
59032 47501179
70232 80907751
54455 87889472
74142 70771080
79720 84287924
76804 41857962
43296 30879266
43697 10316293
14851 17270341
49447 88735423
33139 84971551
53262 92806283
59905 27779697
20526 20897543
17744 22701985
38514 90106193
15464 19213745
90758 36056297
19703 10235219
30074 55736473
66493 96649532
21544 86063645
82571 60271427
67754 16750396
10133 31532389
16206 47641387
33617 81125882
42690 92551589
33120 67830236
33293 33055293
43201 60177423
40927 65768089
86464 46691783
41872 39010738
21696 61168116
28478 3966498
92113 44857998
13489 90379150
28551 86410081
91305 35187546
13955 65131717
85645 86962764
86578 75792957
58069 60195884
7061 45479838
83850 39188119
69081 21445368
22216 85048430
71974 59296947
80912 25064153
49322 71322731
91458 30799063
69011 71577146
37541 73826507
1701 80824112
49534 80962403
51867 96875692
74292 97246133
79024 52472224
77342 21324546
35546 55725899
45948 3609324
7392 17985226
79372 45308418
41851 65233274
82635 97747236
85184 4435927
48119 5253086
4150 54757216
74644 39033005
30016 45642704
28883 86569862
74868 92953279
35839 67703397
51046 46290717
51801 43377566
89884 2056961
6731 79187883
75512 40677348
86241 97324360
61897 99901576
24047 47499331
68079 81166951
26385 37899633
67426 36864716
85456 76538200
40719 49444399
85237 25025816
33024 99440409
81302 40339534
53456 86789860
76574 264094
46362 35736695
56127 61405360
79007 56464630
54748 87357370
32666 58834020
13094 18252766
64249 40125472
86261 28441491
53797 85601390
44629 59497608
3789 20604105
29301 29959819
73829 29768989
26794 70808345
62905 59049159
82447 57922023
5872 50524417
46652 76232602
2364 30573456
48670 20904310
93483 50963027
49062 34441152
14532 47825828
14517 68078687
24773 20378686
79820 20989359
11899 64616071
72751 66060009
35235 26281237
24835 15976613
22112 7940794
22919 32632602
65055 45742372
29840 23003314
84259 24971530
19424 70756008
49874 35581054
60583 19539408
19319 20596155
49710 69350453
47534 67710742
80030 86990336
54162 93805343
54760 31744577
67836 94951404
3048 10449680
6076 74136179
34909 66390113
8826 4463840
55525 1227083
52858 85817405
90025 10402631
49346 82212956
84114 57321693
44907 22592838
22356 1333009
82553 69528311
65162 27663097
70677 46406395
41623 88452939
15028 59645216
47660 96766350
81703 94501254
9210 58692650
60605 57582596
2812 33433168
49283 36935529
35395 17314812
62643 78810542
80581 79506652
72532 53825004
19191 44223312
24521 21679359
9534 91719673
23474 83810435
52910 61959906
12804 31591584
66983 29753399
2338 26915425
546 30090637
50528 882135
86006 27898022
5794 12392309
13951 14515205
60109 72365691
89275 45122584
16668 27377871
9148 2060362
12018 61232306
49675 69659337
80904 26469000
77683 41014745
22354 95378204
37 89186127
36371 64246899
922 6791650
7629 40349625
2221 60495755
27528 84935210
89237 96461138
23993 21549170
39477 83491597
8400 83445970
89227 50500624
74684 31848348
59598 94753722
56998 4295557
64807 21410637
7058 11569316
13643 74483743
69116 34906232
43615 93461602
11094 20997770
3456 33030496
69386 81484669
39547 15750234
86716 23591708
51015 4477234
40936 37310144
28821 56748659
567 75137820
86720 32508544
44899 92303552
42829 84139842
31882 17032297
4985 32205436
78414 44931683
87344 32227091
4037 84657099
41418 76895137
93093 47265573
83777 21691961
73276 96919908
90435 35444015
144 33663405
49031 8421248
23185 48727759
58277 93267306
8700 94848974
29641 97420533
74553 41063438
51180 21368857
90604 60325712
61674 9473630
44835 71369887
81351 16157284
6943 31530492
35470 47041797
28717 69051144
13630 15196804
60671 79711191
29573 64032127
13923 17064196
61540 21986614
8154 39739287
66893 81343498
39096 54065821
54874 71830551
72108 8824655
39851 64407048
38839 20189301
74069 56379058
15127 23446282
35601 85202897
50954 90939371
72706 95211977
17803 29050457
10992 51605865
9328 69059890
58037 63060528
77001 45515979
13478 94634607
58515 47116381
61307 66489685
410 52802043
70453 41168282
37870 16493770
85032 29743842
69572 6000899
6441 32437480
79463 67862793
51350 67590833
625 39409913
38592 95544257
48161 45305530
31125 22301685
37070 55525164
60458 90403309
22554 40950506
45407 63615286
38434 92822431
62214 19260247
75892 7363613
42589 1772607
83389 16467181
85189 10304783
37777 66892248
75628 33759578
18079 2125019
52044 19804669
30048 92941324
10601 90768410
37371 64075351
72303 56140738
12024 95613769
86578 51294760
49080 29572296
36362 50268755
24835 24591800
85947 2816774
41269 91284153
90274 77905309
29096 96049878
27048 64478562
5232 98517778
26702 50638151
71861 31422291
11997 92441943
21651 80127337
82445 53039852
21208 20855057
87821 16693660
46612 27405971
10771 39879615
22334 24036481
89270 45573106
87052 60850650
52249 73497035
66867 92692358
76610 60108131
67988 27291533
16978 82669238
53903 9701900
68280 59244171
19187 76210214
18828 18086697
44857 69134988
20283 52525329
46344 6775476
72515 53571435
44747 40134037
41880 46132591
59062 27655660
67145 62917920
83025 62637927
13539 64074506
62578 38805038
15972 1159637
59493 26887630
7546 43368880
54175 25204184
32364 57712172
42623 48752286
9699 48429187
677 7675149
70932 86339719
55821 6177868
86823 53826578
18764 4618288
60011 11730603
19145 92286902
68314 9702029
17354 27581559
17402 84631582
78138 76298179
72504 15116090
58699 89456040
50544 874239
70802 35582116
9488 46252441
52057 56336753
26503 43582804
8743 17580823
41960 53897207
86492 66670233
38897 94488032
92496 93949272
6558 95081779
3319 20084431
2208 28516373
52597 60230176
32969 2917677
89179 68977078
31817 92927248
53355 58128047
50659 332813
35012 76804554
28801 82012126
9686 46357704
71264 21617194
86019 54053496
17326 77017776
32882 25327991
9786 22049952
55222 4329268
30946 46827737
94083 46715140
38314 19278366
57027 6053683
68354 72767766
24723 3901655
27617 31162882
11686 22048900
9402 27607940
36778 54117046
27150 33950893
10025 70363064
22733 61206015
75738 35584576
86485 46136181
48202 86338644
54289 56989642
544 95225685
50658 53778707
72333 40989974
77552 65461098
53535 4679756
62703 78114191
74874 14831693
90282 95135261
66059 59979969
49959 82151986
71508 45087528
32279 83583144
14811 26613968
90028 20585950
55393 75199596
28185 51039101
52431 6359952
23107 24221001
13365 83880634
37331 44757907
25027 91338784
38033 67805399
81739 81110582
27064 27635569
61258 97059520
39392 28982641
63003 5661909
1434 75335505
9633 94801464
57802 50261194
54978 78529751
30562 45459046
70742 58634456
47685 37272333
67616 11878499
60608 83591832
561 57418692
11742 14420464
42467 19370597
45608 84652530
25429 56876294
52001 63609869
69959 26200958
79533 47330433
54497 39899534
54218 96036186
35145 51408275
36083 55835341
51737 63691632
9194 5074173
78384 27654268
31194 83820118
78042 45095942
74532 28634938
81743 92812968
43432 85929360
24338 79438993
14802 64743818
58468 93517308
87177 31675077
47180 62182231
41639 51846129
41685 21722848
7412 23633238
71090 58338201
28285 66017315
90096 69889770
51305 23581781
12015 594367
13757 84484955
61487 18020541
20128 48129302
65910 24986248
89722 60648541
38864 77463724
60230 4436752
43403 72551233
77969 58269166
89191 21513407
91798 84721265
11586 63126169
38552 65844078
89162 5608717
85331 5550707
31204 46675284
10445 57159477
69564 12966329
88115 19704415
72879 70678252
79052 61488838
79845 25192926
16985 92820635
60350 27241175
27535 97050945
89935 85508559
34931 28606192
54926 90059847
22402 86683371
76627 41425186
64463 59420705
26019 34786092
16032 57828999
18768 74385314
50257 90737702
7094 10402722
18900 45721894
87789 70668483
29386 85856160
40440 89632331
19101 46664242
85853 69712019
51095 76291970
44490 74753408
9977 60473135
90830 7725771
44458 9311769
55260 88990375
31632 42780636
81613 97190535
75275 8439255
26708 38261232
88933 95705258
39660 45220030
78147 11872078
88527 69501227
25986 9993252
64568 38839458
36581 56534169
60178 54293268
45686 34804166
26909 89417497
87057 57047255
63922 63773056
69485 41783561
16088 38378935
49752 73589554
54445 9416669
70580 43118938
76203 55888935
83805 89489061
61486 66043689
60532 22152465
6071 43316593
50622 23508719
53270 95693939
36456 12145253
1963 54945172
71948 16035660
57712 74053105
26930 32198173
7614 13074741
29883 46621263
38253 80115243
65764 29644462
64701 97247570
608 18943397
78559 76164893
71439 25723464
67852 19782497
60479 17091348
33880 12577772
16811 5620577
35959 3461814
11327 38757525
49390 84508163
77071 47496015
28226 81776129
28663 25107019
22928 88890184
90535 55444607
63195 31434061
36703 54461718
65570 68000219
41895 79596793
45715 81933717
77430 8291857
18508 30957446
25038 14550786
2199 93117729
61425 16966884
78311 29296714
18193 80241501
60961 11096530
86304 30513272
54571 17649058
88494 38640821
90869 12862236
78719 61714778
48851 78320426
18659 21161524
45875 43032416
83760 59798337
2154 914872
32137 13441827
54763 32690138
59631 24174846
47569 99904316
58809 78092400
41656 67313924
15306 63503913
47063 47079904
33192 39078806
40820 47763625
19481 93320948
51724 47137859
93836 91370899
40142 48968558
71582 69192842
11504 78034711
54025 43916032
12793 70592437
18539 25228054
10680 77539929
82180 81497600
41661 64442478
58163 34849541
13108 99662599
42166 29013580
18776 27238284
56887 78542980
5700 41849705
77700 17062771
53430 73599467
1425 40701693
68512 73922986
44489 62359027
82394 57741307
51267 67528529
49976 43423887
55010 85167795
42755 46543994
89960 76937805
23726 46462035
23079 51181874
9285 80802265
26290 48076463
46201 52155085
68203 65986585
68783 3911199
81540 29905082
38365 96338708
37799 74865961
4568 84883895
29344 94393957
38023 43936972
59469 93723204
16725 52095440
46240 94236616
6665 29128746
94018 24774147
58886 27659696
41999 85099334
39809 90506196
27604 58085685
93117 10290551
68773 77284284
50684 85287581
64065 65741979
11148 99577441
26771 50995610
87363 44730392
39548 91544436
54868 67896176
61515 47899660
68396 83715895
84860 11988639
91351 98040769
51567 43706725
52572 53206597
62638 87997064
137 94815882
92682 75159112
49806 22464298
19360 2791291
65667 53553380
19725 18072505
41971 3538421
80004 142309
54662 47914346
71660 73492224
14785 25748480
62162 95522186
8488 87601541
56495 17368918
8410 46054026
22260 56821639
66056 23163682
66745 26006076
87200 25398194
86416 67669720
41836 40133326
31006 34784403
75015 47875519
90246 67622696
68040 35485033
64557 27420107
43535 31628488
8160 37539114
59646 67203909
18995 12554520
93389 12790366
83979 59160548
69485 6389614
416 81582029
52340 71513049
34661 15772087
12173 40026679
83895 7834474
89964 37999554
32375 36208416
61157 21604795
56340 87234452
42849 91603521
62628 24979665
42443 32197950
80150 24581717
39854 59426696
20386 80942364
36275 26457947
85222 50120471
17235 16808848
92390 9617371
1060 21481752
26195 49770430
75537 45425367
64539 37998597
61413 54640073
60585 25296151
4577 2522967
22267 57567376
24035 40326354
2051 84741937
85744 23440416
86515 18085713
50617 33241399
26144 47869359
13041 39131446
6859 64434831
19930 27454927
14724 25127208
1223 52700459
51359 44943161
15652 93391558
80185 6100479
50668 73031481
74627 35668146
20379 3366005
51879 65627237
16091 91127088
43653 29221136
31552 56951838
44159 79451439
7530 87093577
62382 61729186
87760 10607883
36214 44977855
65969 7531255
64906 23165227
18717 12676681
18827 49353690
63053 97966265
57376 4098701
83419 10464623
8754 33171396
66848 58471593
75818 78476552
39179 91999380
56281 64023068
80595 6846966
81546 98674166
11280 70157705
80225 33279544
24533 86089390
75847 31128126
11644 38226829
22234 89506937
3638 23052709
71417 42558069
4376 15847928
5766 87625396
49553 90638351
82911 42259305
20761 29062644
45042 14247041
73366 89583683
88910 5880811
63547 9089581
75183 89946701
35689 48121478
44617 98977746
61214 6589347
31630 27574106
56061 87123025
68885 15675741
6105 50894345
44948 29806827
69523 74435790
50303 24170428
82562 83381209
7151 91924396
44819 56371381
56085 85222633
84395 41998267
15645 18188990
7408 1276865
77017 81500757
40402 10684124
46762 42540973
34581 84239742
66500 5810808
2120 66550556
2257 29183136
58506 12716472
71527 97001132
61192 96803738
18418 69062574
88027 39247087
29888 76185138
24970 34487246
10240 23881452
19084 64057218
10599 48663029
15102 66973424
65548 77581196
78919 54453421
94059 91379958
66383 71525992
65971 61990323
58475 78949363
81468 32856497
35375 433335
44876 86477277
87677 61236984
13557 25958481
33586 57036544
54624 84004694
24341 7738494
25443 867809
32184 76388078
2415 83474140
42238 66873714
11342 51845476
8300 47933546
49020 75158522
34009 77859958
9328 7668715
45886 62450443
4608 23006419
38568 56808407
61721 71928010
49339 51321185
41799 92487770
767 41116780
26412 38804301
71521 76837289
53655 48346357
34900 49648893
37890 34627061
59285 71576688
23262 29498052
29221 70316954
72278 80246291
90482 83829111
27869 61487529
12027 57250315
24091 12031527
25133 41864596
44647 72663884
42732 50391229
62541 53002586
13173 38779331
43522 75972225
391 6573480
4560 91043367
74234 72901221
62569 32619518
67788 10224539
1449 33534629
34620 21151223
8742 92240226
32195 33470402
13925 39489391
8324 8791050
86917 10832726
42918 28654164
74909 91443501
81164 17700607
13763 60894424
15354 30531364
54518 59973311
53521 24995564
12241 4199817
71133 57974990
91402 86822810
50384 85272957
62000 10044104
46265 83334789
49507 99111062
47785 66719474
15245 56340823
7304 26295453
60082 20356191
24095 20232755
83311 25819204
5456 85704759
38636 59229409
74115 78385345
86198 3469483
75632 1163673
66512 68002902
6541 21871682
24106 10212694
23636 85129558
20683 2365015
25548 71783898
75411 52255375
35681 64039220
34607 99624468
28537 6378534
12513 87552447
74946 63752541
2569 7816321
15315 10211083
15731 31014574
89253 6610801
32474 2844091
26266 82097187
61889 38721659
39793 27413246
30922 24108481
24412 57341569
11480 54825552
61025 1491775
36845 58169117
77293 79893693
33154 4986307
10108 92503421
22722 38300473
41466 81637488
25969 19121965
30296 73365228
42025 69247125
24624 92571898
19752 27721864
1996 54088162
43046 24214993
66608 80710554
93878 85326873
10213 86006917
36394 47621695
89681 41733907
58944 14579549
18559 70443334
38499 41984537
29719 27227774
9944 92845464
36200 40621615
29865 13604473
65482 75094077
34840 5695010
9892 45673034
3486 45644675
42012 13983252
23331 66134975
47285 79500243
53019 18407132
38873 18881025
59642 7987831
9140 38383056
30745 93921534
75898 68627927
12162 18720184
2257 53892291
82521 94959408
4932 26167346
48505 63201311
10758 35597125
4611 55773026
66330 44850240
14594 54603251
91356 40697375
73468 98100986
92865 58513417
10548 53935464
46763 13610241
54152 67540008
89359 39656700
50269 44004064
25316 23617554
72643 27568063
65661 44650595
48761 26657986
90114 4648065
38788 34860802
85004 61888069
89257 26365141
30596 14990788
35387 67196549
20946 35587648
44664 75433384
90916 74021715
5880 83952410
78417 81749937
87402 12260110
4449 19436299
43582 7668745
9990 35630251
52441 49367318
51627 21790447
75746 42292974
54211 26208525
38101 91296664
52838 98156946
27466 67219872
29022 32141578
51092 35458836
84234 38143000
21635 77390764
26408 47367721
81896 77776782
88280 34511751
10567 35923618
29643 24804962
13884 15453024
67524 22035409
37100 35306629
70143 31436818
25741 41959600
61976 37612859
15964 68371063
38626 56865432
22759 80950435
37316 23241145
6933 19934075
63030 53024778
493 94961942
33505 35672736
65090 62711236
81444 21209201
57707 12105811
78203 88426611
86215 44004896
86984 79048437
90526 54489897
74763 176673
55469 38932086
83147 79207211
55448 4566891
35909 83256424
90099 30606279
68186 74728175
65759 76334084
14940 61486486
74439 28427665
25333 69725933
60864 78456649
49840 92978620
71080 30532325
74545 13458747
7205 41204706
83608 60399535
81896 75710230
50501 5052017
8639 47087807
18924 9810791
91260 77105996
12218 8295013
623 99972581
12977 45001752
33142 4993539
26407 21450074
58821 25396581
56595 58428086
28581 38972104
12930 93467481
1871 90554958
4372 12829954
82491 51022818
36622 99058662
47195 58706764
9067 80837417
52255 45924772
24272 41769192
52132 11430281
41228 79330304
86624 6531334
92568 52390361
57170 20241777
90858 40373174
5413 87737985
27450 44423395
19524 45256727
4339 97074483
90384 27651672
16031 46906524
9794 5002599
1145 74687549
50072 16876371
28214 1857428
66355 60776742
10365 97246825
50366 87000815
19847 4268697
71294 65488337
5110 18972825
30003 83515231
91368 84035617
71759 73165921
64829 77567856
49955 29759598
24832 39692381
15558 52218321
31397 90722272
55083 88385728
84810 54950401
38654 78800137
93616 21503251
17306 6867116
12066 73043544
39678 75446524
78596 25581776
57113 7928941
32495 40250065
84870 95760198
16125 86945159
87784 94808654
10085 12798346
66935 46050175
85948 21154372
18069 1133024
62654 88631078
81444 80818351
55342 45734114
81556 93455334
6550 12557273
91962 15826732
10114 80379965
74308 52789146
93458 9883240
49533 90964304
19113 26585494
60139 75982292
59858 85316287
81744 95420811
68290 61501075
41674 87608137
66136 76486997
8637 17815539
41068 61144660
8086 46031473
30626 80172731
42363 64357334
64633 38130231
87039 33699078
959 70728529
86872 97358222
89400 10436342
56646 36697864
93284 47889335
23861 7255992
53714 81188863
13941 64555268
4165 68323322
56840 37446027
26058 93641680
92851 3169915
74573 97852058
7025 86883459
71083 89706433
18719 89028464
46146 97762272
5401 57748986
68113 12243553
13601 8983947
15948 31598230
44394 74556003
12598 16136773
1335 28012009
88289 73998430
65684 66444429
32700 1451888
84319 46487225
18858 42174297
61990 87802587
4606 6469573
75271 44832046
5498 63217738
5497 17463164
52319 2060587
50520 93143236
63938 47719756
47528 51478614
62848 11843214
93299 832977
20326 97465011
84682 58514458
42627 89408103
77275 98220846
75856 38372367
64713 15979483
39172 62854485
40815 54106490
39855 68425266
27882 59082570
72787 50533119
73728 9177374
79227 72441397
25083 14625756
87095 92662963
22009 22642607
2474 35252492
73736 41561225
91203 38675100
19873 61275699
11698 78321857
63033 26922112
40081 43099416
5140 24797621
63447 52598257
85397 87043239
17335 88622350
92158 53900603
5491 9392953
61523 50381063
54822 89017797
15518 97216594
2046 6697088
19373 6479940
55776 31076243
75819 27452360
29745 50043527
31631 55607146
61898 35403074
59362 9700330
73482 69317663
80779 96165412
25306 97996887
6578 71520112
11600 76141432
32982 61962109
57545 47441198
40695 94462223
51042 50472875
66128 4543178
5226 21214155
91267 95979923
2221 38886362
18085 69433330
69270 37024541
4975 19839825
37716 33426285
52768 16798569
77890 71103957
10794 91329365
37048 62736209
69200 64920971
5565 64986529
71160 21864749
79563 65358061
76713 2041228
91057 10919818
33048 10346251
12300 54640925
66997 29128322
41867 16462297
43521 50524023
74702 17489736
55893 81311755
65235 60673979
57592 88355435
20063 78448946
19763 38620300
52198 70208656
89612 63927585
43721 39409329
35749 22138935
55726 16506316
47255 52651681
33217 69813824
62884 15329061
5422 30748150
64266 88681056
21893 90724733
48226 89347932
6045 95150284
8610 27325253
48122 88528830
59113 74583763
28895 78946954
51280 46820557
36471 56996513
22904 73718136
69113 6477382
77199 49682775
94010 60666172
90701 15083680
61999 88413977
92844 44684912
236 26273900
80620 83053775
62400 16768917
43453 52572472
30890 28840933
26352 16551586
66801 18183935
45688 31176875
77948 84847987
18356 53715981
48351 36297532
68589 72649280
51149 25959649
60992 93410730
39367 96530401
16239 46028689
20017 24644840
56948 49261190
5287 39461492
8449 51744208
18478 34022601
9249 33639368
25721 84184290
7750 79903336
33129 74743959
66241 17906704
31260 94567131
43039 60521548
19230 30805297
14757 34900407
73379 44544274
15175 55172703
37455 62527912
89100 15635575
78435 11300260
82608 75324533
45637 88191930
91792 50045750
56394 31329201
84627 46441203
35247 68601109
84290 69631005
10807 7420243
62204 83695020
46871 36601184
5609 70593942
13869 4557227
32844 55367276
92907 35233244
3665 21590895
35003 90898987
87454 44372718
91418 63428386
65286 56499842
209 76883908
60221 53347100
25890 72321656
15251 13685961
91038 5647011
77799 23000144
67704 21009113
77358 28426358
10104 24393437
46184 97684184
47657 7312838
93553 58676537
53098 21223212
80277 29819094
81675 2500429
17437 31925537
16898 94292686
30628 29902058
41367 60767095
86862 98872595
36621 93485352
85825 61178654
63581 20499530
1408 45093510
88897 25914998
89984 4519648
10729 14569125
42101 83956013
85966 71278146
23853 25476639
83452 5126749
65035 5679264
32235 95191167
52737 71066482
51141 31685693
25205 74888721
29371 96844521
7598 97214567
89725 30705091
72548 14753371
60287 37602123
43973 42364278
67491 40018261
44442 45512642
27651 97644455
46207 85074982
19184 33424162
26963 59739696
22416 78851920
41996 37089944
38499 5777960
74608 40741363
87832 53078744
66733 24999236
812 32780359
84976 92920276
26923 16574683
45403 80102786
37910 19153902
67070 20405704
67740 1637414
82576 24602266
43719 48751285
55319 16193258
4751 67664492
52980 43173523
74117 70294571
20719 81097637
25305 26903520
64615 59673502
42243 50882185
4192 35099065
3649 92911037
76869 29082517
52729 93333632
16721 81379648
76415 7485259
30280 82548974
24347 42840228
5468 88872454
92515 57058138
76036 36463525
5235 20993567
50002 55758728
93806 76174389
67721 60097318
87094 73058713
24415 99546147
31109 15430938
41902 78034689
60733 78116885
23505 8768320
67520 17912604
76481 46871393
48985 42575879
30565 71257553
49997 72822528
29553 32019431
18867 77798594
93148 46745886
17058 8243094
64233 33545909
48293 7072291
10405 47271557
5442 14237072
72839 83784152
24218 89753288
22523 82988806
59730 36386119
2804 68418724
90553 70636750
65725 83628721
49569 52430061
14980 42308077
88120 8459016
90709 36717990
88195 929871
21152 50520270
59101 8388660
27713 83021743
91241 28130778
40318 20012394
16096 59358368
22708 78066310
71445 37894103
90452 79739190
62569 38677665
27657 57022835
66965 84048768
93862 73852733
60364 93417579
75773 14242599
60935 85867326
6469 54865964
41769 67587402
90490 69398071
48023 4693603
63981 66118599
12848 44928017
49544 64829162
25489 43186296
65489 96385677
21282 60452616
19395 78004391
45382 5255776
62530 89525521
19250 14944199
73504 93020805
54426 73563694
12043 47583864
23755 38290828
44716 89385629
52541 6392400
45496 12069106
10897 52205489
62970 39175241
54234 73982974
37731 82288451
37116 41485782
73362 78936975
79984 64666319
3755 97931265
93393 77263320
85331 85454749
63143 43871543
55837 91978111
19106 2536901
68276 77663155
24761 41900672
50324 65282423
28011 71663235
79420 42014300
60951 45051287
67361 32598151
83877 37111946
90165 85794980
1725 85030326
82294 33905137
80778 79711020
54760 65637014
80509 4914851
46330 58261287
26661 44011570
84550 68897406
51266 30689409
367 32534756
67366 43670197
71122 515205
16136 3884512
45583 80291258
629 97164835
86761 42774724
45178 54845187
3384 49521512
54413 53588803
89076 58138771
78341 77806356
53737 70988111
69211 4840853
73399 12762872
88672 79098050
15265 90399258
66840 77395741
9465 64006084
40381 76544172
2189 22276712
6307 15416284
43365 60936872
69828 99280354
90729 4817679
14493 78133263
82050 63889164
36633 84389213
17035 82790249
89585 27279145
45520 77276681
73800 98399807
59404 81661796
60459 16139459
39128 9592154
33518 94997927
47762 18908990
39866 1953006
8286 33192035
51164 42820599
49446 6618870
242 58515221
71779 29409834
82794 57901662
56007 84650853
92537 65302262
75745 44074356
75599 34636177
28399 39497617
19529 76436736
52409 95975619
22131 33474989
9848 34365227
10497 99763176
81291 41694060
26749 10599681
36918 68570342
77744 23853669
67555 64535689
16710 15212965
58026 71968843
40599 63630428
91095 44217296
84430 46812055
67767 54074946
9908 37837389
73982 99716159
35858 69967879
3636 64289430
11564 6671353
17616 17347535
31175 6812773
68993 91418641
76519 36414406
92343 17454478
71933 5140873
17987 84658950
5561 10499225
44241 72070612
47774 70140216
16838 33076424
47695 81228828
89722 36839039
87938 71906674
35820 25960467
87885 7111961
47414 48365414
17570 81742232
50866 49623881
68467 95738386
2829 74816714
15000 9018032
68443 74683266
39497 45900967
27529 29344890
43891 77932140
54553 29051492
44786 246602
81051 15390381
56831 19535353
47736 3247656
83595 37175203
82976 45604753
30757 43913478
10765 42106777
2161 67339697
55134 98080180
41786 81431860
45100 907691
59149 77066380
81842 48406714
22907 97706599
10137 19192194
2091 95865089
19616 75139183
27257 75933423
19149 94564109
79478 82516262
27529 84542413
55166 40430200
24969 23630660
59265 96089034
78177 41676683
22880 46990639
91934 9886425
7728 77869659
4267 31571893
31592 88267697
15304 78562164
18879 37863014
92605 52049582
15559 37120891
66589 79421416
33078 91815258
20783 51099597
45699 43129372
58859 97564412
39144 48957450
21526 21772005
72136 34341821
57340 72521462
12345 42467922
27475 40304090
79700 12406498
81308 19901111
81387 30116658
58003 16582301
10777 23597088
7494 86874702
37908 12483899
45387 5206861
81407 65220909
4082 47348030
56793 94528720
1773 62642801
56043 5811171
27991 93598373
34007 96806674
25612 31531065
7844 10317774
31485 11999036
5943 28415573
92089 7671982
29591 24585055
64264 72457712
41148 37553688
60706 45198578
29408 80435846
58616 69469309
3684 14182996
30640 56351459
32789 24825430
41403 20789613
27385 88885000
93791 83361629
87223 8785559
34060 92153559
30275 23942003
19486 41730146
41243 46888579
36964 38112365
8912 91852432
20457 92249569
72059 28373904
37809 99769197
52750 98863692
45070 67583772
40369 11103193
65623 97837579
66777 45726767
16271 51707320
13488 29076225
62677 96746163
86080 96202773
13228 6577992
75512 5180520
25225 85082676
57463 80517653
39721 26870288
38042 91567475
20775 56481161
55579 87792846
85931 66636642
65607 64954670
76990 51400585
39766 98189781
7805 70226468
53192 52001489
6617 32800587
65932 57965293
82106 48844671
77415 36585289
48756 17727822
66300 63775944
79910 31027203
75606 23753948
10645 50807290
79818 16606002
46332 15475538
71017 86950857
93319 44758462
39470 75016733
73637 17439349
88582 34473914
43757 80255189
9700 42134868
21069 60617725
52393 15543559
41191 855803
67901 75460010
42235 87179274
40984 76940426
93891 15793456
59056 7946849
81738 27623453
86432 3177823
56366 85071049
91693 92399550
30387 57729131
25769 57783038
56211 71829024
19206 72116884
35871 83670767
60392 63308649
9492 19496298
17361 21442280
90999 90498969
14206 97178488
88747 44445487
46535 42594124
22533 5055748
66965 96967208
74380 76482856
24414 45153547
64042 68756575
92199 77229011
93028 55370844
20420 25548701
2203 89522690
25159 28600886
24616 80142361
67110 15694560
10464 53458577
18239 81966460
64178 70514738
92584 22489357
16940 22848884
78899 70729987
43316 13856028
11598 86060079
66783 71336471
50498 28230907
30713 65151337
13819 70781631
61331 47669663
48300 63693015
85186 6974739
17073 3486059
12237 97293327
17748 10853734
17061 15045808
76415 48411255
85391 57832361
34922 37226432
74137 87541128
58952 59333696
59917 39091953
25840 43133971
93656 46376917
33145 11433669
86013 18330823
56445 26891309
12366 12063315
86047 38255232
25805 20862592
10618 82197412
33326 87484761
76868 26319444
61545 54782614
70311 22038215
67910 91865091
1711 58750398
57912 21452868
33967 87716686
74586 68316324
27977 66909069
54469 79309743
56907 16985415
71227 29210452
1037 53246053
65949 56865965
49497 38497797
15664 71084836
37191 42184201
53666 33395822
28402 73223897
55964 98110680
68601 8734310
68729 33858665
80955 92426037
75592 634056
29024 93854842
12552 5651838
16094 71316858
44397 71113608
9 37451686
39851 12522728
28819 77363003
85471 45799429
42325 61991367
86801 36285973
79912 9488868
14128 19705911
72152 58992906
62904 19706879
45372 60772271
81237 63270402
91443 284734
66239 70500074
87167 8817234
37956 48680855
40180 74625959
46281 27251108
46610 44811148
48298 24052519
86401 57278492
72950 47050483
2973 99767849
32560 37506891
83223 72837323
47430 62696051
56847 30071057
14814 93269411
37966 99921398
71338 54473736
10888 57899519
31507 7523905
6300 64358175
29667 37030793
25052 12858255
55133 73520894
32262 73938156
93276 41936813
30671 39844124
23648 37499465
40500 41690179
54312 98807394
22632 78678321
61148 54633380
63467 60878995
4930 39854704
60979 12261709
35022 3820345
31202 87186327
33477 43338264
55942 54450802
77306 22697683
28515 89946888
36728 7127667
17840 96594552
82680 94988811
48430 97339000
68975 62562320
21629 90905715
41261 59649745
78120 78819169
72738 23079576
93693 51915763
21889 25249819
85738 72783763
87060 91663025
57263 85447241
45395 60656227
56370 31511556
54564 57701493
55787 64927379
45838 71423544
89747 99002862
84879 90800054
60446 56214269
15671 94209639
85619 54986953
93177 31147021
15369 49221841
21941 51037510
83720 24984923
58297 1756522
92566 9577596
42272 90858998
5014 82712997
46032 26744318
49590 1250796
74618 62423108
22193 37186431
69913 95194940
3371 8705666
36717 80950490
87281 59210148
83812 75628039
60470 21010703
19267 82953946
33953 21882437
6595 61460495
456 52155923
4252 77581891
58990 879984
69960 87542000
48066 2494071
67116 7417144
21808 8220975
66186 85597554
41812 44533016
27456 85651964
44619 31161908
47254 17207858
32532 40461905
68478 50684590
57373 42421329
15890 93804376
33539 64464578
66988 34478876
70427 28228828
16620 72508048
2947 24502338
7950 22919754
36276 87569980
60999 54682659
86639 80098058
22691 40878865
15234 54130979
55547 68465282
49754 15797584
31227 56937226
14609 83811310
78244 57828870
67260 27160574
53965 18653156
3601 66844975
79066 38628655
67608 28635452
38679 29103331
74441 27614774
91571 824781
3644 24120613
13760 24005503
3406 57339426
77709 25360828
12531 64137010
73575 88904980
65654 38072362
82664 1256914
22160 91557948
93488 25655043
26412 68620330
39685 54782941
75081 30864812
17103 65977566
91330 67672262
32024 66192419
42136 66055051
27139 75077172
28379 35185059
8302 1564192
32984 87768760
75426 99786743
52894 89719374
54438 96106762
16141 25986431
14102 44712950
41902 38561856
49861 91862543
41750 35898516
82016 27906255
85239 77158809
43564 396359
73111 89329300
78828 19124690
92528 80944236
55687 76352781
85982 16190758
43348 47070470
6937 82215885
33128 92220158
64911 17455391
73007 2809077
10616 41461705
35618 25443916
1656 57544434
957 85963704
47184 99965197
29780 30433456
32201 66866299
40984 18841560
18625 75279732
65751 16523532
39607 76366570
62682 49896974
26083 59287587
76998 71817476
56328 31566593
13317 85276578
88385 74330878
28910 2904872
79857 16587017
90223 19094908
81766 27744992
66536 10879415
47809 4119214
54206 94938178
16014 29948021
80641 23385788
48254 27572065
15453 22446104
58331 67916246
78619 16118983
61656 21406486
91203 77543842
50471 64632407
62968 80129029
63268 74349995
72881 2804342
88704 53785005
78199 1738982
62447 48437436
18458 89819517
71560 60655223
47371 89732754
57932 39004419
17038 27603292
68563 58958790
46433 11436210
3103 50150540
9057 28618994
73259 26977823
3102 1035075
40726 65521017
6671 60971861
30910 22555878
81454 29726594
36474 11904355
81418 6927829
14521 32751417
43359 65819570
7124 61355793
7914 83709206
65653 94694194
25105 53196212
11181 89158173
39307 12144034
15787 48112286
40167 22496518
27991 22051231
1454 85455677
44996 98695574
65545 73149481
2018 34728383
1328 40708564
862 29254245
2279 91751988
18372 57500053
91050 63440973
75605 23122963
69757 49555335
63604 3485096
80826 33449836
61072 79911183
45504 17747037
81119 44447437
64939 51602229
39465 70901338
23096 58775645
92959 57345372
65398 25625873
80176 11045047
15095 29726007
85246 45355409
1771 20739349
41498 62320518
63148 38308565
93880 37026757
4 22435701
84166 32737460
63214 23933060
92466 95901806
16509 25360613
70461 52803351
86701 24949218
71406 36136819
76439 96748340
35286 20469305
65640 15726967
13189 72157679
6493 39335791
52228 11793704
65701 5316517
29125 54435461
18794 18274755
20812 20451309
7373 16874171
21985 70259456
64407 88188964
70865 78887394
78752 85727882
24628 63713273
15275 14722431
62236 13983273
93733 55039997
57926 24464771
39712 25651854
79466 77052848
68085 37595290
84405 11236942
41081 71177583
78487 3110564
34005 53074071
79714 82802890
12116 1465531
65030 54401217
14271 29230849
61570 27218691
66547 7329773
20061 31951736
18429 32375620
79705 61778263
94053 92674983
76841 88995846
86961 22835774
68215 91173022
81973 36953744
89785 34581464
70061 72686310
29900 31290850
37811 84107343
86333 18894310
7474 8839261
85317 62324177
90907 92347669
49812 31055158
92964 3208773
77077 82750765
10109 36697237
74264 31186734
36586 77012104
40624 6062721
14292 21676047
50048 56510015
21329 10544891
76130 73546903
88166 26009284
24509 60506779
31788 43586919
75573 3533932
30714 22139574
47543 60657878
70412 79938864
32117 26264807
94049 20187959
87192 28685465
68060 84844002
64706 16198615
77423 27908723
79992 5915110
10213 13025847
71179 85622201
40008 76935931
9531 26400028
24713 26508992
13690 8973790
26000 64523051
88705 79029617
1364 70589368
90221 66130721
46403 67778670
41559 93010094
30338 29564372
16013 16691777
40218 34433691
22023 959413
63950 7101605
58410 39011021
8089 37743298
92730 9593090
58957 95345011
91917 17933561
77253 93231254
567 61879034
26555 7290308
83629 7114302
83712 22825941
2931 85240707
50652 14365810
37322 14896112
20860 77055724
50901 1291744
65835 54953492
11655 73227570
83164 58230167
20013 61981785
26316 53903894
49964 18475945
17663 81911230
91785 15988474
50919 60881086
26775 21819572
25712 28259877
64193 41130044
52338 61509116
80522 96457892
74148 24398033
71296 27754874
56245 90568754
33106 77081020
2847 36319458
6639 54890452
74650 76527208
42331 94907556
20421 58754080
46130 52672680
34640 86515159
25171 8374897
12210 81552532
46316 9917075
10077 10563801
47345 34142841
73772 56640956
43408 19346064
17104 67912864
84936 48524983
42921 93038945
56491 52004730
61465 81814536
25394 80520944
52137 57808317
66515 65236486
50340 7685878
56728 11614864
248 75632676
36697 84816411
45394 80423258
7838 26191016
18195 38406023
64694 36790276
37360 99513220
62626 15583914
60404 41247047
13363 14634671
37138 14500931
19266 68662904
19881 28349241
85651 21665428
87066 12543478
46059 30306233
60934 59844935
7239 79405336
72710 91630952
44693 82365112
70012 56166136
39491 88872216
78215 56987001
3163 747874
44121 72044775
75999 78844688
62660 63054513
80133 63887659
90646 86439688
62361 32471577
29585 76382436
80537 39675673
6687 82933159
12358 81528270
12452 29710066
83590 57117440
79725 35565123
5346 94071911
48085 50445786
17981 48335229
32412 15235035
83065 14068973
1067 79720214
90900 74726007
50404 68542424
88624 70175773
80880 75008099
80108 33668585
76135 33965160
76564 37538075
62804 31606589
84339 2067782
12032 93161523
25578 64756541
11482 95992183
58236 71130575
43450 45304392
52254 94549470
25921 15672533
49518 43700861
17838 81505766
69602 81656170
36100 76244432
92197 19487828
61374 35554314
23709 26401172
54024 56714122
85905 39365321
9555 77124999
35773 45999307
64642 22246337
72309 89377104
54509 54845783
62210 92575335
79540 5718404
70043 7249625
72757 2669182
15295 96254388
10777 61779607
43979 94155912
1362 30317176
15528 69527530
81647 1542390
34729 89423296
32116 65531065
25527 56817276
74111 57585189
20361 55328131
37910 82637307
28249 87981992
13498 89212367
34027 28096234
57136 89170118
14310 75827869
70101 97641895
53353 53316351
35576 90540865
40136 67506721
83602 84253084
27624 75783348
54967 97385324
31675 90077904
64275 83827709
76897 72434190
44207 98342207
35145 54820728
22637 8164153
60935 31952476
31781 12300289
57286 800348
46822 30280478
86632 37901255
89120 29476933
15132 17937302
17144 14854346
17238 16030520
9194 31353979
16700 72242889
10548 56547164
85253 34163057
17942 10125966
25747 94960298
12457 76933452
26264 68140742
71527 39725824
59408 99175926
9700 28090495
16257 43343998
88319 47517863
339 23813798
77833 60034655
87174 79644584
70178 98469095
73784 11603027
16670 1597257
45081 62421983
4546 87266222
75192 82529695
67110 89327759
68618 5949768
4205 24644232
76184 99059886
89578 99751933
26012 15334860
29742 8717888
4782 62158357
47617 31509329
13802 65173883
11340 98723119
14032 37511035
65822 22542995
66312 64559952
43230 9831651
659 79041595
62159 50276436
68176 28212994
12814 95149763
87645 32688100
48624 74709468
1711 42171492
49607 87171619
1453 57212605
4360 3681847
34218 1175724
16128 99163398
47399 7758047
16963 91136130
65606 36548314
70726 24440350
80133 127192
45142 53097626
18447 54670160
10402 60645771
69948 43149085
35259 87897573
46993 23815301
78152 47199482
1289 46266492
74765 3414394
4123 5802649
87445 91161679
86131 29316890
74833 90911400
74201 83265591
33513 81455114
3553 95101241
24064 16765674
46211 35316481
37691 42162366
6781 17799390
93729 68818847
67416 57645483
19195 22642597
69903 19416012
17499 56386895
363 33667487
38836 43812061
21175 82362736
57431 28849582
74739 2591564
65221 54053814
79199 49890141
6204 52496911
37040 5779991
57079 68704893
26445 77235568
7194 17710424
47798 6058422
79541 91309378
29948 71442716
7237 55725799
13807 277551
30093 68094581
65655 86777674
43646 53301318
91756 12281563
34197 92094748
13664 83207326
21474 99894679
91674 44283640
436 17599402
48559 58639664
34867 8916611
41395 28179199
25880 95205225
26959 5471318
14941 57248470
82879 2985238
79436 40905509
45846 74803566
14038 84164855
47461 54078312
29978 49256834
1924 25883966
21428 31305659
39604 70267437
30916 44203166
40558 36731239
3718 98637893
89790 10894822
66583 69565057
70092 49806847
67114 22115009
39846 4672931
26615 47587702
88832 9743698
38805 66561628
92576 8012160
16616 6140353
29835 70002680
3609 9096436
70972 91383778
74578 74209923
9907 11452083
12681 98058160
17494 24239991
31957 91229397
70387 94436745
56068 79355276
61133 81397629
11437 78586175
32935 11211887
11367 59996041
28625 18515321
39210 58152877
69715 61131463
44876 33820823
81033 25581619
71415 85662962
9573 38427619
9837 64413311
69271 51344340
20565 89230800
54153 74019818
65402 97407114
72603 561758
84449 99075126
36681 78690148
50248 83514044
29710 30240266
37054 38239823
41877 61432586
59310 48919674
13207 37640449
33050 76564259
30331 18303759
53536 91252030
92057 49136630
54771 67945537
64022 1585259
77007 31090248
16211 46378645
57674 66437015
72783 94269247
27797 74790615
12891 44134333
24805 73430299
56381 90123789
90966 97613829
34039 56932610
1968 56348658
80190 20188363
73572 49917173
39205 28083519
39880 97514146
67715 88248066
55364 36848499
3453 63802474
50105 64728208
40159 53236574
92018 87613938
56041 5065615
21105 7970530
16449 35910563
91610 75469995
55286 32278800
24459 25628599
58682 79419342
29146 26824860
41885 98441187
16625 42204343
1423 52943402
12724 26348668
4226 34854709
84802 79850301
46642 30595701
10722 90494894
15064 33541181
30617 35883424
57186 56566136
89379 67327621
35004 43172073
63460 46344803
27379 21018346
10771 35126980
71231 50025022
88463 58665139
12673 61416869
84907 24747004
69927 76090684
64972 36879213
71638 24577897
38452 99896757
20809 78355884
35192 80087174
10494 47133601
5978 81316012
57607 92887368
52471 17929793
71643 5863182
60162 33365248
239 87937152
34727 63889333
65323 29560546
33500 98141952
18141 45749995
74706 17370320
91142 14911625
89769 80963322
1425 5563612
5456 85738585
68730 60981644
64794 48035592
84561 47231764
26834 20291079
86420 24054863
24188 14015856
54819 98203066
12858 13862389
91837 19057879
74591 85931195
61806 52058212
15267 87652119
77966 25601298
80409 17786403
49196 34698642
910 88894827
3211 23095938
59774 54582003
88882 55412157
59488 75939001
83203 81045761
84847 96491739
52191 20376399
77363 59528791
57351 79907527
69516 56758505
26361 53794207
87615 3968280
9018 18058771
93317 15593119
65711 77796024
89429 53470404
69532 93934718
69983 71219664
51322 35441841
58825 33846599
28657 42146227
91746 769133
56887 98241523
44074 54473257
49861 10790615
48905 62631141
17572 60675091
90148 49013031
25965 40870457
92181 36523980
89516 21610449
73887 19558443
52235 3079495
38883 69924746
88851 95485830
57280 60041642
60578 91658739
17555 52671036
46934 26141403
47214 20565665
88507 23408759
78929 6549545
48150 2312581
45956 15334065
73964 25201431
75391 14365872
41169 46885133
47637 67389751
14569 29735127
16159 88485964
3426 98634898
40127 15369367
45353 14371085
87381 32710253
32598 80217400
904 29960860
46224 36472725
46382 40226362
68109 97105686
74401 34484697
49675 12451177
26975 21635350
20492 35291236
93848 61817291
74420 83888655
51769 90247321
93046 3863566
47762 72817192
59177 26173443
46196 11263493
88936 58803363
28391 15049707
43909 82767462
41357 39094099
76711 15869201
69602 54696619
84748 27462069
32741 92689394
84476 70389775
49901 32812374
52106 57326293
48565 89318337
9076 81192736
8661 31940864
50668 20179326
73315 71306079
15246 36945062
90274 79291482
86079 94148207
80773 52102025
66587 49513434
14286 43370492
66150 88163318
72086 97277866
86903 43082923
30944 17864228
42855 5666287
12959 14115429
89123 69318094
33471 51774259
83855 41777002
816 73512814
20315 61952476
67855 55983644
38232 76222582
92071 71150796
24112 19917018
71665 7744225
62983 55613878
56399 19149782
81249 87628683
14004 4138723
76451 96712928
89323 32670346
52273 69343149
26786 60561147
41404 7524943
54427 47391271
31979 39394609
81401 30610806
90109 63976937
88318 93869561
1250 68799243
19994 91974292
25156 11668581
33317 28142628
69647 53170789
49709 45108586
77973 55568207
33093 68431091
73649 14739889
85572 88547859
91169 15582551
90060 96774955
77792 39314045
12558 70594353
66354 29147365
3543 39701291
76369 23626756
45124 79908786
9529 47832362
27130 87108953
39049 92849117
44472 3403220
31381 62512824
66467 73328680
47043 5859254
39282 4550250
13460 2848373
80559 76418966
22224 28710967
74663 50486106
5815 16509937
69469 13353997
15031 74379332
93309 27948382
12232 1314198
17024 28247549
12788 52307579
81592 47613344
52349 61034137
62488 44589468
25208 87851268
56803 40851548
50311 2981276
43208 37894764
45989 69316538
70713 94583280
15277 31084619
43588 30995873
70286 53716412
58557 32708350
72847 79034295
43399 54226630
50366 97639373
39404 98678629
1848 27814702
13930 78083253
22861 44924168
73101 11398316
23606 88721669
55306 84630392
49692 90190303
30999 48897387
81712 92183653
1188 84287930
26995 43870221
50026 5963380
48615 82984885
4675 59279095
37615 67062688
13518 91814121
59259 53742174
70208 63059713
11470 93864880
68579 51604491
71441 76267461
14271 45657461
65415 20481259
1612 92765391
33145 79480813
20546 11081330
69923 46565954
73269 51288255
73598 29751072
29341 62691450
31624 21041426
60276 44207502
77684 81952001
86291 78482648
89303 81725244
33830 10919783
90578 18838375
6987 76966822
10347 56164797
28230 4500899
18777 99301887
13232 64029349
28949 32626939
22748 27935033
77734 30917658
36646 64224475
8235 50164758
15751 79259037
46604 15699193
84673 60449993
72423 40345177
21762 60449847
79892 80463373
44104 3535890
44725 59665235
43331 24790133
30711 23619018
61801 9867668
56353 61686142
79182 23656672
46237 33461888
58955 49595588
28261 48829477
49992 68259757
90036 91629015
26283 14469459
68679 52595880
50569 96190448
84171 64852329
58008 22203776
80296 60279480
7909 41033743
71191 93362447
83954 97693512
67547 41220464
80829 52685093
385 14264036
81544 10825350
33688 83651659
9423 27622183
81712 60311210
14980 12287571
87440 22043654
27759 98482696
73511 60720711
21928 68962603
6305 72713085
84012 62447746
12835 60897757
20550 26156825
56211 34007796
9676 76800573
60361 81122599
85243 11365346
38267 19227383
36972 92571286
43659 38628228
93256 97478388
27102 65853229
27819 52600569
22293 21680260
69930 5123188
86961 31559519
12006 65501581
47017 27712193
89777 47091850
47223 23016676
65735 62508174
6185 16551051
17144 21429886
68530 17893753
77719 20349732
15669 23892734
62487 22226568
9724 71338260
56671 21352608
53342 48906663
64303 92444569
1964 46563082
55610 25439811
25841 54637260
61808 88511617
60351 1456790
90247 34309563
3631 29926015
20588 58818980
71108 74773326
93950 61890807
84792 54545888
42835 40928376
69631 11460865
39820 71419020
41617 41273132
82474 93350063
3319 79358795
5849 14627842
4893 48870592
15511 16682695
10710 11708307
45068 73367928
28661 11764412
86503 94486796
77250 68904676
5744 37720151
65688 93011330
75757 1851064
61372 45962215
73802 69872428
38899 94682729
59857 80104266
15782 87045070
82443 13070283
42962 2904272
89608 91275749
19224 33261588
68014 8763255
15842 1863289
57253 84080092
63767 17176710
70644 46734881
28551 5481475
76597 19692940
81177 26888733
8422 91195390
24410 5304212
79270 48129338
47272 18548116
64556 33297649
71491 43468951
53505 41097673
13949 41733427
48199 74272892
1145 10660035
36170 19397385
81736 32669580
9879 90541137
72414 19750915
15720 42111097
52386 52315799
92865 20727462
9396 9638847
30276 2485646
51583 82572773
56501 7188409
68194 60356693
29299 55288615
50724 3179714
25221 50719540
92549 40430844
30069 94192846
85180 88765543
9681 16284183
36024 47484413
32606 7672458
60607 96734472
78494 9936576
19029 2289424
36270 39592988
19112 721869
12884 15936625
21975 47583831
82736 68201386
25592 53303100
37856 17119646
82635 41554203
17535 71867073
21161 48562827
46831 38836204
56305 51579242
55194 880157
24107 79941286
2425 59719738
57968 75755307
27035 19609259
41065 51126827
77673 42588442
85790 59287476
49027 1990555
87564 82227106
48721 58840874
68095 82939045
63124 54101055
3071 71375556
56040 85098170
12278 44478625
89575 76301217
60433 1827765
86898 6650621
40294 40366386
10992 6576601
67140 66838468
61375 42720224
68273 12471224
83511 91232874
16483 16337333
54834 18479640
13999 33298047
83434 35810955
47111 70550659
83823 32661106
66219 11920157
5375 91965548
80909 50015983
56877 43847346
25405 82425106
21761 34391934
69822 52105343
64675 27905871
9048 74339290
19043 11791249
1840 74245197
19709 94985705
11034 7884289
40287 69765905
58127 56738490
23446 98496936
15242 16422039
66510 82406569
30694 94111358
36554 9336743
10454 29194215
65620 78316390
54739 73357188
37571 98392477
3591 30393711
93007 90889453
47466 45487320
28647 69731210
35057 21704523
22557 84322909
4867 94440478
36729 99618013
82201 25798682
29548 77300539
42136 13311203
85969 96446504
37705 82882312
49843 28837681
3306 86017861
65830 8968682
61003 42446589
16017 26083185
90751 90765997
72881 41305519
23198 87827862
34503 43429887
54728 13480979
59238 45647210
84071 77588835
69022 11706054
64488 62101384
1684 38438161
24315 87948157
10147 6255900
48540 47022352
34519 95410295
50325 67599069
29835 29919204
8487 22340580
82395 23351940
17352 1885856
67126 44953135
7329 9829727
24520 59679201
30662 66064448
36805 35867657
64044 84570517
12854 78182233
93705 41581660
25580 51517397
4890 4695420
67299 83105659
23922 73453877
11803 83175908
19048 89282290
71471 58479251
26607 25826027
21768 11567686
80472 99065437
34935 80623374
53117 47664846
21795 50844773
23517 90796850
21031 9786743
61338 18497844
74979 26015227
19997 13264537
34732 48004105
62299 27178453
83705 35029223
54020 42740566
31035 60145243
15194 54489917
27850 56738701
8690 47992521
18623 76234295
47813 6369458
88568 80409083
78755 61138779
4063 82061171
65810 56532671
25521 55346239
44207 22229989
43014 9031974
20075 39563063
7051 18385538
93717 42602375
68010 3386575
488 2760063
20089 55680351
68245 50003703
74674 98926303
82819 11510068
6586 6055822
92040 27080269
26777 4801823
6667 1226096
59169 58442852
22150 68531111
66979 77897231
44413 16568727
25920 95430508
21716 27329903
62552 61296100
5300 63975064
35071 85875254
30953 1407450
8801 75384633
92186 21686001
455 38082718
29726 22073801
63498 84895563
83219 55548955
90956 4305038
44049 15845946
57194 89723297
47476 83517744
42102 96618480
86643 89003593
997 45970318
2806 79923736
75088 19473776
55413 74196186
60818 99281409
8877 76298866
53246 97164810
92195 32765020
78684 79221621
58610 30431492
2205 69943098
52685 18245281
2943 83724816
52113 97336553
82641 17643377
59300 43290581
49899 39318803
29306 491971
9153 9578207
24387 6167342
47828 70570345
40844 51256447
75555 38387931
37017 2311880
33563 77368147
45301 53652564
13797 31537163
8455 59493993
17346 26177223
69163 48121628
18524 95687045
2824 59950647
9767 19659230
8920 98831133
26448 35130776
92580 43129758
70260 92497387
84949 78468981
85662 30924025
21477 1011223
36793 66040587
68280 60636121
78052 79077984
78395 65356082
50592 29477014
14583 1592159
1130 57406271
50826 12686260
53225 27018129
33506 58819290
6341 21548572
59860 72882731
78709 48851606
37928 97447630
85975 84648927
8705 40584155
39470 5638992
86645 783616
70696 73866743
32118 42488536
34020 84650112
13290 81024169
67797 63172558
53425 24154588
37150 10260527
12518 52339592
32216 37439279
33380 98371411
36387 29090389
405 18582868
44000 46794246
68016 16945182
93471 65420004
16503 89666566
41123 88901201
6877 47663209
4923 33784854
23582 68124049
87972 27430511
5565 87148099
73537 27768868
81901 22016490
3750 69742719
32188 4015385
5788 68723294
79474 17605128
45391 34281629
42858 72983482
23572 57311813
24452 44021085
13895 52354207
53127 24797031
55185 72888024
1137 83096473
63315 37716070
91166 43042278
32163 14764967
58116 83209438
13458 37963021
83426 88373499
32497 62339430
72722 27236559
31811 45561642
32261 1355397
84542 67902793
33366 54119173
91731 89577128
26854 58912413
72801 24353637
15183 67816391
38382 17286162
88479 32587350
4526 28433789
19745 21591521
52409 8054316
40918 25599477
85269 20976352
72394 72047510
44732 5572429
85751 21927802
67280 23812093
43221 46248575
24809 7479533
31036 33403429
11353 99686227
52925 46419230
65857 64594842
33568 1539872
13108 47319720
92056 11941794
69772 85612765
63711 30800487
62125 95410012
91320 25643465
56270 33799960
55329 26974016
21298 76134595
11358 28550330
81912 30899933
57004 20480003
1902 15689932
52601 74902
74219 98422165
51429 78346109
49082 29778871
69820 6148626
91970 32861879
89407 74497107
88834 44829815
80151 81770684
86596 52744543
87853 41274533
49541 34483645
67288 17525971
54893 31778623
40229 48486090
53420 4905207
37841 32786033
88599 55208471
30477 6618314
48266 6452750
72046 52895332
49338 54748758
15753 72619224
67290 32565715
4697 30724702
46894 15650962
77290 66705749
10960 94340451
43399 73067241
84380 22237695
32248 31136686
86058 75147028
80950 88019331
72647 27571215
33759 67859195
27234 59920938
80348 78371299
86457 53179670
30254 66764622
11203 10413136
29054 23571995
44477 74521264
64132 81231409
70120 27025818
30889 13494
6670 28368334
17410 33955472
46514 47589253
86583 86387214
28985 16612449
55585 14217137
41658 75000936
46078 43719436
51233 48611664
3284 66442343
24571 60489735
26446 37605251
55658 85324788
34084 56389066
13620 78168015
9077 66646823
37710 92585446
26305 15084415
38135 75093452
18895 20367871
52428 55718039
32939 20755641
29613 32206149
37713 63932286
64949 74959135
52882 92358965
80712 77938025
68167 22976221
79506 6349933
81348 80646123
76823 93316905
30391 43570649
26511 411594
17955 31109754
82871 60126694
41366 19727300
24619 38578985
44896 4112766
62921 57474370
48365 56635651
33206 3452386
36588 72915080
90175 83991537
65799 97169576
26204 80289293
82005 27375770
53082 77624998
36759 64541253
78691 82117836
57527 6057991
4853 47128632
18283 63121968
86485 18784584
91080 61525456
51700 87796139
2386 13725163
56203 19672077
14334 77671641
57017 35047897
37481 99037789
46479 5173269
5448 93976093
47393 49876331
92443 13351211
10209 6684706
9068 26755049
64374 97710845
55598 97070012
130 62144456
21687 97787087
11233 29272929
50023 46221825
70425 98152494
29325 57641324
54090 51251035
29862 53570286
1804 35609025
19330 91738923
84894 63612781
88569 17479523
73565 77015689
23453 29143530
38276 39144294
10220 96254668
44928 37325363
93924 3745698
59669 58070359
33196 68059650
23815 78893693
73047 94455949
38928 87412792
91762 91601737
47819 605318
93617 8507173
34687 93463500
43326 39548291
4934 22737621
65390 2754780
59118 99938067
81617 15687018
17117 98083909
66118 56378075
44598 74432944
22391 64893473
71435 55171405
55917 88504071
17545 12408361
57006 18122367
74282 68479173
13587 29748131
61608 5132589
36421 37454567
33292 43020947
15663 42268477
90709 91735148
8278 32738797
92020 29904565
7498 98489677
86998 18587303
24229 62696851
38614 27765277
80619 68859257
43336 83823083
31123 5703670
17046 66127517
45787 19277634
11224 9780927
51107 51646668
3217 49457900
46526 48277241
77338 4386993
24638 36044810
46176 22649263
31085 43661772
65714 2950343
9340 67511626
45060 57559546
70088 23405611
50471 28385212
25213 98717589
51833 69593787
55771 65772835
62807 79760128
17173 84692941
83248 63851001
73238 75443782
35478 66502573
55054 55045905
39613 51055784
30338 82904755
51053 57582652
21478 37238100
42925 39303617
3708 61557531
8288 94785697
66825 14717911
9521 30786696
36466 48786904
44984 50426602
51640 92281206
34313 18966380
17617 35031950
38266 84246284
61045 27137141
68410 93818236
89117 94340900
40661 12974630
34775 19059439
25048 97255416
82894 24999781
71093 45924795
10433 8936950
91513 25241144
62541 92291021
17513 43720052
87617 94978054
54571 57329919
31216 53188089
87504 25120563
80315 81910976
89556 95399831
488 75372391
8825 60347229
29314 65685412
77435 80081505
70898 54676463
84814 35435591
44652 55234144
41517 26369972
37935 88860833
36885 37130096
16767 37809160
49984 18881595
90204 88552571
49844 28871535
18512 67973661
65061 99231776
85128 85162179
61640 42810587
17359 74730707
45849 94049138
12712 1414745
82876 45536936
28413 90161464
74156 9206759
89335 94513284
14786 67893889
14320 40796871
63686 28352397
17768 83293995
3841 4845693
68441 34011651
62657 47130061
52388 21205532
87209 22537774
82570 65349093
71292 25343410
75545 46071641
62245 75929080
94073 95303606
87281 20288107
62954 83989046
7244 27172038
72748 27473832
997 59168063
94060 65264719
43772 67068188
77429 73123931
41179 70966553
46237 9171602
18763 90265702
76957 62607592
39600 93800886
63422 91522162
75658 49945043
57446 59898509
58637 29159010
80516 63447850
13184 21189825
50099 64371835
62979 6722214
22709 96887998
35457 33945629
28691 93021355
45466 16857744
20534 50932862
19247 29230006
71259 80281615
69192 74736039
73980 97793563
13598 11145898
32899 47430584
67336 54095980
51404 1668661
82190 6832821
4302 60676399
68548 709755
67431 92378141
33060 32609030
90240 44600271
80650 40108806
56042 14139276
27464 14106291
75720 44886057
77494 66224669
60706 18556117
6236 5404396
72927 22708179
18843 81897840
63692 92335239
45032 42933689
61713 7318400
916 63092387
33095 83331533
40777 37612390
25790 2717247
53307 81013994
40523 99576361
28333 11277415
87028 88995321
85141 92174742
12429 59905355
53161 78570844
78237 14628571
28885 6990375
82638 54232050
21746 59975448
3007 98600212
89006 13763344
64015 76318308
72724 14896255
66720 29096931
84926 95892079
22314 43546887
46372 78168414
34596 42220634
72586 45126351
42089 25471350
45669 37255875
16950 36682232
74078 47063732
58071 99203018
59450 4981086
31773 35139720
6780 84767681
90061 70120165
91506 43009936
24734 48090537
86911 32923092
11112 51104213
65989 29212337
80307 33951014
2332 47967188
87209 98035884
58233 52038638
32155 34502018
19258 78148751
47333 58657904
60903 36540972
38986 54390620
80807 10288357
60475 20972589
10937 76244233
73854 44716661
41857 65733255
42954 72775183
43961 94178426
69308 21800633
61168 71181265
7582 32401383
72498 59587338
67223 22322275
39562 53124790
76375 25898631
9174 79810507
81436 63490767
63606 57316388
81492 48429863
42630 58559187
78303 95244298
59510 94000103
15220 71754387
63717 27262030
59363 35356849
52867 65907890
63485 21663199
16281 87177985
32632 15747670
64464 82514709
69596 82484890
43567 21935552
73218 57456786
14364 82955366
91316 65328913
38853 51549525
54769 70839700
15986 81109044
17344 38760863
64116 88665460
27475 11847073
56940 41875944
57858 32584931
40867 82528451
42352 21873057
22384 42495254
88568 32401082
74802 55366310
86411 48715450
45293 95744517
59447 84868934
68769 79650278
92108 97876375
3403 50819073
81434 26679452
5358 10754950
12 99090589
15379 24553151
45118 86717528
61648 37557178
74865 77157467
11240 17981237
63270 49515943
50329 51932769
84807 64185576
48831 69824813
93056 47487681
73981 57279496
21553 15267118
16038 34517647
54503 5132159
31094 32989448
87382 50419844
21986 40930973
16008 69656906
35481 98244309
80954 63573287
69817 8889275
46051 89573094
15327 16353328
34968 61015683
223 7845884
91357 40685936
30922 58900124
64876 78256654
35096 50415977
75733 38690369
83495 92644266
22264 93464377
20726 78763937
8313 17096094
35056 62452008
19904 45750145
49002 46274964
40531 84679680
12325 94114614
34399 6355489
19033 59231431
39 19602231
54177 55510832
13892 11549327
90207 38796755
65064 41848586
71939 91866261
604 70048964
35199 50950598
62160 5187500
7784 20330791
88416 89776594
57619 38777238
30714 86783103
23644 25184341
89868 39885055
6380 92696370
5921 2547328
60735 62378876
63118 6650363
19037 16852703
49753 85133004
34708 88844617
93241 36898218
66650 94843378
53450 10746878
52976 45539716
44507 86812629
93700 80012451
93827 22241511
49934 19250677
73309 89612565
89113 74130205
30159 12670601
8642 11289252
25899 90201065
44346 72852618
28256 41893623
39296 83032390
62249 59041506
2008 73393912
93668 98082643
76763 22828210
78866 55766935
25220 11007357
9229 8037454
77810 92651364
44756 47237786
71368 94842617
38193 55807004
85167 36778408
17289 86790177
53032 26374843
24078 76360965
80330 59991994
17473 92315707
17536 5190857
46921 4835887
64828 27809974
80273 30859728
19902 91127620
78489 74108071
85327 41579907
76457 3076906
17358 38803301
55904 95070746
92030 9924684
47549 37729088
32026 10544725
56588 98223113
67553 49492526
10204 8955330
4402 33453522
88988 35218802
92511 74394039
68877 52597181
81649 10008417
25635 1816995
89810 5600165
48781 40527201
32253 16294164
28892 19985177
87477 69975223
88543 62518376
57668 24320671
47369 56089372
34704 56313014
25821 33529284
27985 78835919
17935 56062737
12867 39859321
48420 71267969
53376 40397874
80691 6488767
85748 30495218
65865 42917859
49667 87646619
61483 73008231
80798 73133653
72158 90658143
12891 1300801
79199 23783874
90388 64308569
94077 4929407
39028 31093949
54380 1407150
14334 74684767
56011 25853713
90144 50792788
26407 66113386
81684 36907504
19002 80593741
2540 24450633
84005 82175966
46022 94161284
37315 71315
800 24614329
23484 58108604
40733 33684701
28759 37100091
41396 29062861
44943 88248273
8827 16215065
33040 71346622
56854 3993522
94061 812212
61319 46491253
85399 65455149
9059 40040630
53109 73558877
50677 78014282
27281 82180352
22449 2518086
55952 44067862
77926 8359673
52542 53497790
84827 72191548
88339 41170162
17638 13397105
11823 7930819
90427 2493145
24853 58291653
34457 95181688
31116 24958989
4766 76410622
8196 21940586
84248 77180763
16520 9569868
93619 49442599
79478 68417989
70472 39838388
12288 257510
48704 68694546
68151 5469254
37518 58977162
46745 99482278
1368 27175808
1112 62971058
1049 86553437
79342 62612519
26052 91480618
64947 69905316
39991 93706748
32508 48360231
63540 38145619
26577 58500676
63205 91210351
14420 95046648
45405 5218563
87850 94512900
75832 66432327
26378 78182385
29080 56801813
18936 73514687
63407 34116195
43321 58835662
8703 73196664
15270 94258195
5246 13248867
91904 15085464
69365 64429350
21996 34411198
66947 84860678
67366 68060950
35962 82490100
10785 6791319
14921 61601732
816 79618
72029 31159852
81507 61758796
31318 62237864
40406 43389213
48607 54368141
92404 7370645
13054 85298539
32239 24044199
24211 48558601
37876 57883943
3939 92945947
19020 28531226
75968 41035096
61295 81907530
74344 77845306
48179 73556726
85552 55581454
3231 79313909
70025 60942685
66491 5770199
12601 65383236
82084 87960539
60937 88113306
25050 5442369
81846 22976488
82218 27640244
77767 41787559
38973 96391187
44331 96526719
63823 43008540
71979 60285866
80559 35893535
57199 56913493
89912 38719343
44403 42943272
61366 85683357
33032 62663091
93724 64040987
76972 38164987
92405 92481010
898 85326022
63801 29580264
970 28809076
51598 67485292
22241 56786521
69888 52224173
42934 79575452
70949 37972412
53436 8357857
39179 6861476
38687 26214002
68131 12143989
59506 18705081
82664 92169843
2050 50701038
16717 23044249
71113 9804811
81613 20689697
2490 83628668
23296 68982387
64144 51185174
32238 10003930
66517 14356972
22722 67249572
79560 29700802
36992 26532311
75734 19172233
12852 44791897
78801 19893982
87228 99780087
82407 74128946
83800 11654784
94062 80481553
41114 75063997
27422 73035822
34571 57041764
70881 70285648
17843 54981623
79596 67538388
76550 59873803
15753 1374947
2512 5670346
30488 30115119
45925 63457199
24168 39940337
9338 25636825
48920 91094327
79294 3035745
81438 22152442
58733 35686102
328 27178831
15937 19409262
69712 12289912
27806 82107101
78033 1654785
33574 82100195
29721 80903370
8160 76093265
58828 90749138
86473 66060295
93150 7820454
5082 49791462
8148 81505082
10162 70490662
