5000 100 10 91635661
5354 38155090
1264 55382757
1976 65130386
16810 9873049
12304 57793817
10729 59361482
14833 34202789
3847 89246076
7334 61829817
8804 39134866
4592 23510572
10817 69162833
20500 3525083
20033 972508
18633 25905587
4234 83186488
19167 57268948
8119 51019897
12017 30897650
7789 18178243
10774 56890205
15795 25294981
6407 75127202
19241 78487827
2497 65000193
16880 71619393
4333 25874593
7185 31470386
12783 43766786
4607 44424548
11151 77567415
12731 38765754
14340 71212985
19680 9752050
3107 50678598
18898 95834807
14207 10502724
7707 56210854
11663 93219902
12572 75103298
12322 4837727
361 4279917
14477 87504917
19704 12628350
2088 68193198
16005 5976780
12263 89696639
11777 33113328
6914 34528186
291 68052964
6258 75828377
3013 50324645
11209 90050263
9299 24477379
15885 41234181
5252 94006613
19544 46303368
13081 81816934
12264 86553185
18609 70112692
15318 4014534
6703 5539700
10681 73348359
11512 59653502
18158 86551112
6727 98116034
9208 44110589
13100 1226942
19565 7492531
11509 69947370
12491 25284999
991 99831325
11482 67273217
2494 10429357
4185 28609895
6318 61089138
3048 61664226
4413 78851955
9718 10314571
10435 95405482
16837 18728275
20511 11761524
5118 46994900
14682 49516069
3342 38692788
18357 8246848
1175 40966478
15192 88082506
745 42242785
14620 14582449
7009 84086617
13543 3477110
12176 47333130
12895 80763428
2100 25867227
7098 59546089
18709 74723131
13202 59950719
18548 84296080
16731 81238167
12298 33962931
15939 39483007
11763 50079541
4348 88201808
17037 31110081
17440 15691358
8126 36004901
2323 13463893
17158 6530239
20412 46018437
16766 75428935
16412 76992969
2450 76872139
6633 76902803
4828 98926829
11108 89189791
16674 52658690
8817 65368226
5509 61271016
9166 47576909
10349 61386997
3919 60094147
14916 34953088
16993 33246282
20567 20301713
18656 73880794
12246 84829245
10141 50915419
2015 92850156
13911 75385956
19250 90991897
2187 82215803
9393 45764898
10798 98905170
2385 53670416
15664 4449715
3897 62266698
9426 12449312
14935 90618254
18211 91219466
263 77476665
20165 11683319
9269 21006728
5422 24007294
15300 42933313
17233 10666574
12571 69001702
16911 30092149
8640 92982759
15083 26835218
15892 75479398
1976 14226941
7659 48345147
16818 39998588
16037 77404551
15423 54916072
19226 48834667
17919 17187126
13224 81714482
17996 41247335
10894 98136727
20403 11089358
11977 97312639
2757 34421381
12353 22695179
20751 89464926
5916 45057884
5361 40953379
12345 35400824
14385 84882784
4538 12170021
12902 67686591
12726 58914599
9587 88395139
11490 31100841
11802 17793230
20139 34072737
3176 48892349
16849 22580448
10061 21680775
1991 2119385
4777 95966558
10866 19870272
20587 93096652
536 17871904
19812 68076471
12110 22810996
7055 48595670
20863 25669483
19005 74871030
1552 19149636
12064 91040597
10343 21546848
11135 37124102
20280 80795733
13722 41919277
20227 74983282
19286 82608740
6854 27322124
1634 50124650
1286 11233885
11570 80268657
11488 58996887
6451 68286829
2591 18371489
11140 98985750
13591 88338471
14943 43259851
6665 87508350
8455 59045321
5496 91705182
17435 3735553
8001 38850433
14143 14058370
3035 67082390
463 63882937
15439 39933197
6825 64877508
8875 78048626
16607 88629158
16948 81354901
4718 38973944
8279 30157608
1805 84611397
3961 67650452
20105 38486393
20650 44621316
3399 31076802
702 33598944
11727 54677010
1538 14350896
18055 84030313
13331 67744245
12124 5730529
5480 87104863
1892 94729338
2914 34490948
299 43185842
5382 20969782
15246 87347218
577 23970309
7908 492221
20222 73088261
18098 57096078
7065 81736900
13770 12401243
10234 35365739
14688 55404594
3141 50372082
13991 53935560
1979 60527515
10161 63485766
11601 87400885
5195 64699723
11669 86985199
4542 49507255
3122 82913256
1693 32063485
11970 86601204
12488 67721427
6944 5965355
16746 69458606
15410 81586931
8963 1990135
4683 91031028
6284 74468663
7057 62139649
10661 99093359
5122 97142390
2966 62943907
4516 68356376
7254 115802
8172 19999694
20091 59787503
16951 26371555
7397 79971708
6167 12664305
20185 31217061
12906 79326218
8348 31242954
20322 94165595
2467 21915791
9293 96182399
13363 58362131
18092 37318585
9423 35001434
2054 38789904
19355 61977299
13837 72329228
19478 17906850
8463 54306436
2014 36070397
8346 99825224
14423 13738331
8674 494654
7060 2025041
5622 3209255
13704 3481846
11764 49982687
7547 50265499
723 88182720
20684 98008938
11863 72900522
12110 38278575
5031 86783743
3819 96446885
15790 59096687
16337 13093626
17140 99804741
13608 90589706
10859 76845946
2141 99992349
8413 69071932
9614 84479559
239 17834524
7361 11388595
13243 72528344
2846 85506221
14520 74416475
19026 95691320
3871 85002926
1265 7323103
17786 77171839
12017 55537877
16583 99765038
8070 82308680
3622 43775034
12143 61698890
15165 85775224
10428 36934289
18030 85956212
5476 62143345
3163 10236771
13706 8946126
1494 76467066
16346 98369817
12904 49292003
3242 58085958
3434 26109649
12946 55956775
19102 64784122
4786 7518376
10340 73082836
2978 26438827
6906 67912067
20021 67500512
10307 16728705
13536 17385539
2038 82326127
20262 64135075
6410 83485463
18894 20263186
1550 20714165
18224 64274013
5616 44489331
13214 77731206
20407 63528947
15661 22865314
3150 6983200
3582 502547
11156 17709961
3212 33796251
6428 50163269
13150 13920495
11315 30029808
11104 91282590
17351 45593167
16152 3841794
20355 94927625
2102 65647498
12877 93379299
8016 1206762
1536 33660990
11361 98552733
538 78408921
14743 73088514
5872 67058339
11374 83073902
12919 10582907
19872 2227357
5267 27566320
183 59160691
8306 10088428
9739 91983171
8038 83634644
11959 96949363
5373 6042078
1530 86438541
11871 27260906
11596 37896315
16049 36562906
13211 54305062
1621 22902298
2440 25875558
17330 34373362
6995 79130625
620 26645566
13435 40131873
1729 6326505
15803 46782753
13231 42262065
19791 19491444
5064 94404593
14622 45556268
12430 95953963
8455 32368031
9885 99470116
18619 88654466
14471 24052058
15156 8373971
11591 47665643
12621 77914158
7545 30828616
20242 16077909
6557 50161075
8149 79632622
245 6592778
6611 45759988
17482 10086755
11352 27695575
4780 27285191
15718 43590291
19690 99253051
15280 1644073
2726 51807486
3296 86763233
20806 2555345
4745 26300692
9297 35239774
5844 75571787
19255 57755615
3861 82856694
10154 59361180
3026 70378468
20814 72449290
3983 80521358
12402 63170353
8479 79006140
1368 61389111
13584 90761218
12418 43184609
17517 17702432
121 94718195
18903 31640268
15470 91414429
4383 67875171
16957 67449168
11553 66034789
7824 31864899
1182 48774636
18067 92036357
11560 9081374
13974 10956699
9892 22662819
2021 73770431
7650 38058761
18572 43464842
4990 67727699
4757 4797021
7222 20657359
15965 11612726
2283 97897846
18954 44297100
6469 5872243
17524 57894948
12744 85508893
1925 41491929
2499 57654368
2566 87710486
20350 77310792
14083 46257577
18131 83468663
10494 76163450
9570 80421809
4342 3080682
14590 29688273
6613 94644403
10557 93755303
19818 44035106
9672 67619856
13785 11823482
9372 4377712
14941 52751721
10721 58280393
2478 47381971
311 54459478
16398 3477090
17435 83361968
19780 89124503
366 13117363
12016 17379298
1757 59414946
10046 22908107
1523 3481557
18448 57830500
3645 73905971
1831 29262867
6166 75485747
3104 45348467
2499 74993148
5285 21873677
11251 38886340
20357 19897119
16795 10024011
3021 91064790
11591 53743160
20331 70979714
11882 25500493
14771 71361060
7572 65863738
2816 5116168
2786 3878247
13342 23086097
531 68909976
4056 18162838
11136 13681355
4945 73355751
20133 70419986
19292 27332356
12771 54790845
525 8618075
5569 31873938
16821 26724816
9456 26001962
19069 91389186
12142 79793789
17354 36668114
5645 83400742
2097 68068735
5365 80705127
8312 96213843
4604 31300793
7108 99470530
16776 67855168
8101 87197481
16933 50232736
12131 36212724
8593 27929698
7278 91997458
17872 61023417
3298 50830065
16453 32408351
2270 29521946
19568 99768742
6490 68119812
20518 88854959
19652 27376704
6276 91452305
7187 74392883
10488 58682825
10822 86986192
13022 57405921
7252 43538588
19230 86136456
7884 44299983
9097 23955395
3555 93009783
54 87660931
15867 24689192
9298 25155115
12775 72936247
5379 62175364
12266 34165826
16515 32192890
13819 17967848
12957 22665426
1755 99791278
4921 28152956
15813 70439670
12646 83898617
18582 66481990
3099 67418758
15513 16734110
6179 39572559
11884 47542067
1068 39265012
13512 31254101
14414 73307618
18103 60100750
13450 79011342
16154 48892576
13890 35538990
20605 34264468
16025 97046425
11183 30497711
7447 76992848
7742 93831758
20121 61504178
12805 52007649
11962 57021875
20888 18320765
6675 72544383
8587 2759968
7509 20027498
10240 3868861
15940 93445669
4694 53231961
12524 53961644
16861 45192958
9049 97233271
14548 36985815
5139 77703074
5258 71154079
2872 46416146
19780 45316694
10971 75227796
6081 4757613
11508 18245030
17847 46140532
8683 70378299
18193 37311369
11810 7803536
11780 45324980
16407 30556111
10210 17805954
4016 18724959
20168 7048206
4375 43158399
12633 40667989
11709 53880365
298 98045270
9520 2138495
19438 29396693
9261 62836816
8265 11172406
1812 30579324
20783 2071788
7568 44059809
6175 5180744
8535 90431058
16755 7438006
9363 35327524
20813 10616754
19677 45204850
20091 20576820
13189 37269428
1396 80709730
14981 26457678
11957 64824153
15448 90676353
10405 27542314
4903 76996686
9993 64671241
11082 29527223
3771 48188767
772 50387740
10385 34147003
4780 22629338
2090 16717539
1082 96048502
3173 71952109
20786 60949154
5201 77758557
14512 67800966
7340 81734030
16492 71095621
15439 84765701
17153 91406800
1190 69148802
9819 24321633
5179 45925009
14596 77997047
9835 12940990
4090 77352123
12052 73493278
2325 71985593
8553 11751259
8902 50623578
16206 25374283
20020 37125231
10702 29418217
19507 16384658
15234 8829512
19793 16137213
11330 33758186
10494 348588
8424 20200924
10291 64787912
12685 31488372
9296 15316795
18659 20573364
8181 2943390
2057 72753487
19182 79383496
7823 77024218
20025 57752436
12153 77245931
1994 73142705
1739 86961257
12032 69086462
8728 34771469
18687 5435342
5839 47780685
14522 88114307
687 64879642
11481 36767060
2764 95766195
13883 22810334
14962 98310124
12192 19163805
8706 23735261
9530 34293129
18184 56086040
6470 92089340
1531 1748457
12104 16283092
9247 30610852
6522 91492320
7100 96974393
11827 10176947
12187 40586787
5349 52339747
11189 91687162
8880 9905369
20517 82376616
7159 70364332
10616 11018120
18302 59609422
17322 17126000
16943 62667809
601 65390917
18221 55394384
7169 5702040
14043 26909659
3115 84042389
272 17046821
17397 89063318
9365 13498510
3070 2085706
2069 23264119
7537 4989407
10137 43090551
4134 50802265
4282 35628040
10539 59431441
8528 39319074
18492 29763103
10098 25856832
19712 46632868
18146 90657928
18231 94885802
6349 7820785
12252 34640374
653 69732305
2180 49755879
6233 73704754
11056 39141227
16084 75785518
2138 24527984
4865 62904461
19808 62225759
12926 61298135
8362 49453347
399 79970357
15385 44954164
19120 79277824
4287 35882092
15679 28821791
9404 65966960
20075 59764899
8163 44066872
9514 75500830
10898 2781311
12625 30700648
3292 15216258
3930 11268720
19992 48344997
18727 21947232
18097 17270880
3758 46400911
4995 77578580
3536 54581362
16567 70326400
4038 89015842
3767 34473601
15771 4532553
18640 87283099
9366 66781277
19104 36352436
20791 17373706
7701 91087034
13716 29010712
19794 58758338
13374 89746728
8897 57908239
18703 90770614
18227 66859079
1391 53980195
9673 33787834
8096 25995193
7758 96809483
3588 51834613
7375 15593833
13264 26673344
3165 68614167
6203 56031316
6107 30238533
16776 4165938
9689 41032677
1125 17542442
14607 82576658
10695 86944087
10286 11214089
14959 39137570
16620 41469376
11617 18296064
4249 693213
8103 27404145
7270 93779272
16320 73266020
13646 3157244
20408 74610993
10661 19372068
13874 74909000
3773 72689598
17153 11862014
13044 5797203
8542 57218346
18150 97279440
617 14529568
3883 66521383
16475 29544027
6550 7989014
18863 36017995
4169 63542014
2473 64161725
5037 91097703
15784 95035
7395 70066002
4268 23390869
11982 19971830
7766 55570913
6597 91608042
5683 95296677
18026 14177880
6848 27636299
18535 95168230
8258 430212
16122 66644851
17123 4925530
9635 98248574
5430 49402475
10696 12892679
19478 52332400
8200 77017897
17473 83263338
2496 68525210
2535 27791464
19764 4139862
12952 49020734
14519 32914388
7029 51533358
452 86353712
4576 83756215
10628 88411777
15081 35701780
9514 62801705
3154 81039332
9944 87118117
5625 11169418
3707 14127706
6545 66158446
5665 85783359
15296 42786168
6407 69554404
10549 60757316
5377 73496640
416 35584115
11083 64254244
11511 17881619
5802 60538427
20191 44359076
5325 91204006
2850 99034517
14197 63802844
11630 47490842
20683 9669395
13215 13099819
16364 12631902
19997 37892328
14088 5241947
1024 89687803
16344 63456670
14402 91105292
6433 97128600
6466 85409639
20724 15086663
5768 81007161
18221 60199827
19534 37129145
6203 47794670
18542 54449574
17559 55818331
564 57949524
17597 80984438
14021 55669244
8435 99524200
19369 64964972
5594 23145318
9534 95724488
7014 17573528
13372 30457299
10876 15935546
1117 91467212
5975 96538842
8846 138044
20035 18249048
17280 54313930
16474 27169717
18847 47550317
16622 60621658
13086 46896892
16132 1092961
18056 28159432
13556 20448481
1974 49544903
11809 10050751
6530 23198552
12702 96499366
10004 54638022
6514 48294826
19964 89888073
3567 14396389
11473 45643958
2420 8981809
11439 2236613
20515 48930188
12319 34782029
4310 13511722
5705 26777782
5295 91858085
17547 77014916
12133 61357591
18900 27895133
20832 19911936
11732 3411517
15079 89825573
1226 92299693
16272 90017945
16903 50820773
11239 83654278
15950 73635925
11089 7223596
15732 82607616
5974 23875767
12376 59728225
18224 43257139
17481 70159040
11327 41989313
2523 14988039
11721 85620032
16833 87657068
3279 16731851
13666 84700273
19866 70416764
16459 10782255
17134 93611137
10190 86655509
8009 45352487
950 26602756
15579 36197580
3469 89994811
577 28106827
11491 36585802
14659 10724377
1391 37030095
6485 75006102
511 76822720
15394 57160277
18424 3520455
12965 49560391
13696 34164436
3732 51237243
4758 49038967
18027 95115774
3941 70850690
18139 67005409
14740 15800778
6578 73515705
19729 70241082
8464 56476773
4945 85617197
18455 36991044
3825 75737182
18738 76479262
5547 74244715
14461 46076699
19130 74243886
11348 81745448
19042 46420026
18704 3957281
10312 65723633
8611 83148921
2890 71107631
19502 33910991
4645 45937414
11958 53652594
1138 74386992
14151 99027232
10697 37311312
15426 81898163
1031 6578851
14599 24997882
16299 25288806
12268 9138295
12650 88637257
4761 94012252
15145 89090971
16234 88401653
17669 38858504
8873 6580020
11033 17733112
10121 21383233
8571 3392605
16240 94760631
14489 949663
14624 9809001
18881 4633658
3900 40867605
12497 94066566
6960 6664000
15359 15617829
16330 89581065
14201 82870129
6762 22456458
15631 5328066
1515 59040904
4686 41785445
7055 67697636
14124 5867307
745 43431024
12289 39117062
12352 66861838
1919 88046910
13680 78705888
639 10251695
7783 17333652
10578 43595196
14722 35611028
14005 89930140
14872 710312
15335 39620317
3631 70835737
6239 45208058
1498 31616517
12198 991641
17196 62925041
6720 80803919
2987 88892128
14020 42549026
12163 3480658
15525 10516961
8874 83702950
12279 32761731
9105 33093835
12404 82414169
3251 70466430
18581 98588068
15980 8472953
6677 79835541
13404 52420548
18826 20169716
11582 25968589
7479 50165172
2404 74857169
20346 40007790
14376 50547624
2734 4184841
9304 57153260
14171 58597256
9517 64671148
20604 29083947
1645 68078617
8758 76439745
11336 29017198
13320 21673745
2531 42135172
2671 49299688
15915 366152
17791 87997183
20758 97211763
1107 58593852
10446 31046076
4820 34526313
7962 4757970
16377 35995489
13785 91684051
19355 57083048
2607 97784156
11273 41346943
877 94830784
6903 8239100
4070 9896853
16626 10102422
19725 62036353
16522 38002679
8993 78620931
1164 7007503
10578 16924281
7410 2899049
14083 92206441
14236 96144073
8098 56490326
10623 96169513
19032 39266266
13757 33592188
14709 53053496
12425 76095711
9346 4402781
6984 30762411
20797 36814091
5993 78203602
19351 70394325
17449 30134735
2249 31777625
5797 61517209
5973 24444674
1527 60390912
10951 63404755
2993 87725835
2266 46593234
18112 41800776
5630 20698368
3974 20146136
16917 9127325
1375 44056636
12681 72189989
14834 13892791
13630 12504048
19289 82419273
14470 29577662
10427 73298445
3341 6630469
12731 87473689
2322 42766134
12495 25222598
694 54066603
20669 46555155
18473 89952566
10409 52382474
13817 70126190
9542 97537660
7366 71215701
15858 89933197
3990 60490682
15092 80517776
7563 21321657
17121 96607033
4799 92538282
3412 50503702
13796 64312950
817 29696489
3843 47782380
20814 45660877
3456 95469287
15033 89331190
10333 94482462
1099 12944360
17170 3332005
16912 54450617
20323 80262732
7841 58923736
14852 41300966
7009 34569219
2144 44644195
15880 74176369
15438 65831926
9541 79853050
16400 32640854
9816 3865605
8015 76073631
15346 51254674
17643 85098349
4266 41286961
1622 19592943
3304 57285746
514 83222324
7159 6472768
15218 24256603
13233 63395243
2807 31147613
1522 77857943
3137 93960822
15742 10593846
19636 88257625
17610 59744521
18626 12688950
4221 39920054
17621 27714581
18412 38734005
8777 29460946
19406 99679552
1081 64745585
2873 42239264
18950 52227012
11879 57902986
13438 95722471
18218 80354164
13573 98504627
14329 68801321
6848 62956517
8190 56126213
1334 44577741
19070 25949118
10007 29769635
16415 72116199
16527 13219227
6292 24430203
19714 35497127
12124 19483353
14380 24820327
6857 71098764
5624 65663621
12613 15258796
6366 47433643
9734 8479557
16209 17638664
6013 38551980
19444 13168390
14715 87025080
19893 81700575
15559 54684959
3390 88486086
11356 77917319
9233 98300983
8203 11707353
5706 74787013
19650 48696813
8355 39291751
8743 9651587
6537 532080
16148 2148259
15513 35253266
7614 85419854
5467 57717691
10843 96392387
10786 36618918
19108 39370772
16473 82708861
4604 49088219
12166 67205117
6646 9163859
16976 96118042
17415 87475468
16782 74332634
18268 27167892
2858 67774551
13390 98068163
14800 22532743
10655 56482179
11552 8449304
12952 24701404
16120 56468264
3839 22689580
9854 33876621
15626 25219674
10359 37606075
7217 95590220
16787 97276910
20886 74166615
9013 32709096
14216 51506963
13 83167011
8459 8544169
16829 38095847
2405 38466541
18829 70417266
8047 96646079
15636 79756474
3980 71095361
20329 96146162
15729 67231185
20094 35731273
5355 72509059
15798 50919798
17782 57134079
12726 526534
14899 89145245
6935 63248872
5769 41909652
9798 67748467
20365 52922576
2642 96060490
15 70083969
8517 73937018
11987 41966412
1818 42527069
16862 56351769
7990 29568059
6124 11266525
16678 28052856
5926 69149455
13232 82074351
10363 64789288
1512 61016820
12150 51700648
13414 92107837
18153 71963725
8257 59224583
12550 69017996
11272 88259728
13840 55761133
19577 25214711
13218 9045140
11142 93490083
8682 40303332
576 93744975
14551 2638682
13651 72780192
2194 26175254
9265 79159614
4689 67595004
15079 87531830
16951 11952130
20122 86639128
8330 32434366
1368 96987240
12703 5685654
11095 52824754
16732 29501073
13483 87558813
7384 25406833
18240 31773545
6084 62155818
15069 506189
15273 90867102
840 71239679
4341 3449606
131 50537187
17472 10560627
9016 1404567
8974 12075172
16192 83706845
9546 20593758
15818 37524325
6851 40395493
9021 24931941
10685 58903278
14387 46364193
6482 13775576
3265 61906522
11117 31568889
19933 15621136
19129 96950415
4970 2936583
18534 8367343
19732 3022389
12583 55249310
17405 43236045
10542 80809890
5736 30970605
19851 58359861
19842 39524061
20234 17640737
15526 43354941
123 37791340
5798 41091695
12004 90924016
4915 56895076
14014 80420210
4173 95385475
2087 69205514
18279 14262772
7160 90169802
5019 5330598
16237 90775541
2419 44701427
3728 97236453
3063 71431246
3820 75146446
18897 3842559
5599 72564002
3397 34814367
18645 6679789
16061 3878803
7305 9090159
1646 80920257
1467 2704846
13170 7783202
12936 5198200
4545 16370693
7161 1931355
1700 50141847
18334 97813961
13068 19077703
1569 88875633
4314 38414546
3991 20370869
2988 77444007
5131 22487413
12624 19183363
17499 38136144
10936 62389597
12412 95286650
5809 38748342
20512 35802952
1852 48974943
16424 21223860
6783 89418469
7420 73206237
14239 97030932
20036 31416435
5266 28554210
4480 13707096
3992 31354316
5519 92353731
11155 20288433
19994 3157651
10204 23847217
13522 57883534
5085 51445504
15476 22747299
19930 83937147
20486 4569943
13988 68041684
14784 81851788
5115 44890754
15000 5550799
6178 17571881
7743 31959534
18200 60485108
15894 51980228
14496 59835845
8774 68484276
4733 6098533
18930 98794975
3660 25087001
5863 15513542
2744 70546138
7631 34896116
1586 2892369
13178 56176791
14563 35048833
17082 26260792
4986 33501838
9128 54063263
5411 87566297
20760 27276840
7346 66214074
1935 83601557
9157 27161631
11006 34889350
12598 8971511
4628 66305485
1441 23002729
293 70621823
12891 22982210
19725 31227277
19866 41042558
5522 63168109
8067 68224749
16257 68531343
17889 28307567
1605 8225892
2990 96602004
16426 19350602
2621 79256686
3181 81044972
12522 57159196
8777 20262198
19174 1068410
16096 11089727
11649 70198989
6849 82081664
19959 52321426
13694 38302295
5238 14997498
9724 81369925
14299 7674527
16581 42859412
13974 33939620
17649 80556519
17768 68966318
20027 6457208
17748 61468300
12472 11320143
6093 22636132
16317 86587331
1723 17243226
6585 9109372
13754 66435122
7035 95143532
8453 59278011
10338 82286742
6304 18625628
7365 23745421
7257 39872520
4197 70794258
14064 70936135
13537 39997056
11250 9003577
16065 47457498
1908 26243421
3305 29507535
12876 55230177
13526 18084005
19277 91061279
2949 8130624
15537 42257347
7809 69808180
18423 68079873
20336 70997279
8408 2888246
18925 21823936
6980 24075708
1615 11261521
15799 13138192
3793 17235347
18283 45280201
20444 87900965
6096 42908845
15117 74692030
1863 24245212
434 36825767
9570 78272724
7461 84934591
1634 52703902
1003 59337695
10554 50239760
10731 86965586
9718 42982623
3984 59911106
19135 9462479
10549 535133
3984 28922039
5016 7769411
12295 51970125
13671 58317362
16415 22833151
9774 47750600
565 1777077
1308 52491177
13253 41133414
11347 15105832
11348 98023207
19557 18204995
2644 52814878
13908 2159350
20428 7778907
5633 22052742
2781 48679637
12709 13564536
8998 17316298
7450 29381451
8705 19541379
19618 46288029
2680 14849947
578 80832140
1454 68157134
17956 4905592
2223 3042095
1193 59702523
8385 53743041
14860 23167035
18670 22105412
10553 3255600
20250 27558283
4747 23951164
17862 41218386
11988 42573087
18530 35497372
4056 34594574
9860 92673026
15359 11363385
15666 16397391
2333 27010501
18159 91895916
10970 27812812
7736 53607602
12685 12193611
14542 48715977
16077 99014417
14719 37302051
478 78697899
11237 28814549
16475 39280202
1400 10132103
8305 67175593
3383 94334196
790 16151642
4310 47324307
15154 82687426
16648 34907872
17233 89891885
20173 13996437
19010 69261194
486 70051059
5945 44019380
13238 43757544
5114 38389899
7998 96504617
1573 89400367
10340 56577583
19763 14474554
1763 87631290
10988 14159718
12785 78821043
17651 26692173
9594 59863734
11145 59793447
1240 71185907
921 41605291
12572 2362956
6039 53622781
2398 13374654
18504 23725298
962 74715486
8902 21548696
19065 22217978
14134 87237552
17438 24198502
5117 97321218
18589 3277119
16984 21781165
14979 45630154
15279 89517378
5614 68178309
17050 63085731
12175 74296396
1323 21694470
2462 61237545
14078 2583025
8124 63578138
3835 72278805
19865 17704027
5344 678090
10415 18462684
3965 97438427
1449 27045404
4519 37397010
17297 58343261
10864 42007971
14214 63069761
19313 49579188
19224 21802215
9183 77553559
8682 21726130
14219 24025495
14461 9301010
1323 28649442
14239 13369714
8068 21423919
6238 79843192
989 53572202
1201 43114642
2332 32080506
14414 70399952
8733 80495826
9331 79182180
2349 75868574
6009 6381376
18460 41573211
13009 38591422
20607 70960831
8060 66935711
19125 79930173
7709 28937805
15173 64654175
7446 25249142
20740 20702298
10779 14228294
15359 74854392
4488 79387634
1152 75647016
9466 90457936
596 17103265
14138 57454076
9278 29979523
9063 76791535
1949 96454282
20035 550628
7642 81581727
16486 30254900
19908 43302135
7197 69494984
20793 28900532
1053 21819943
11388 25900582
17571 11621495
19361 17326448
15147 5579541
10732 51435096
17231 45622542
3764 11595468
7223 82354973
11637 71174027
5003 89466911
2332 17426739
10314 51508008
12746 80258558
221 29766012
14598 62275328
6129 65430367
16814 57826237
16744 42239860
8065 31647645
2568 62098750
18504 63369372
6131 69530064
3421 82651721
6197 40563647
18828 39823343
13449 59097854
14 54785074
11620 23011661
9494 36641560
14518 49235427
12222 56879981
7407 39609150
11671 44234008
11646 42375255
13369 34701116
16749 16513451
12230 12195298
1472 78068033
14451 90444905
19818 1189120
7083 1178591
1771 92551035
14358 75925541
19857 48556353
3449 68340370
5273 64000341
1457 12457574
2034 92442921
15047 90491206
1084 37605940
6112 91808533
7620 75779163
18931 92679258
2213 3883555
15868 24995228
3100 70941469
12625 17876001
9160 39686540
17368 79055201
19056 58884996
9828 86034674
4708 77648626
5228 31527533
3525 12732887
19528 62458779
16910 47211062
11552 9490922
12202 10787496
1843 29353773
10300 90327049
4665 72260078
18878 85555525
7380 77277374
1601 88970326
14383 66001311
2893 61277202
13205 75773365
3715 55560939
13448 14050079
16924 29319638
959 23665358
16839 83292523
15693 4553629
10318 87842813
11675 13783774
13463 93289107
13130 44471084
955 81212635
17707 56603050
12583 83113738
12322 70554637
13628 79673051
2188 35833121
11285 53628900
13692 8560521
16833 31424763
19371 17028294
5378 17898511
20041 13830009
9927 8005677
15426 41460243
5384 66173987
13059 32655769
16391 12712491
18892 17569585
20183 16895885
2673 92733522
14069 86968576
9376 84319279
8712 83482549
10890 28578719
15936 77622031
6547 82140951
1764 67188937
5230 6294571
15632 76101096
2406 81522103
16537 33686143
5571 94694410
3558 8469396
9233 94741215
3008 5420921
15774 26966922
4982 68557734
20647 85503326
5547 9198705
7458 19463947
19126 12205410
11017 34857630
8813 50092211
20796 59621666
15120 41423369
2788 73501094
6887 7837994
11916 26540850
11933 32975852
13298 46705376
11272 61273155
20231 83302623
11550 89991203
19056 34387524
19746 35404346
16797 91043348
8739 7972722
17090 79520456
1389 72085885
20213 36774592
8419 80285892
16386 41135118
10471 30987544
4862 9463981
17671 41474385
4670 54876522
4560 34874360
13417 37611134
13110 6985095
11424 29088176
17210 30882835
8166 42515551
3365 98548856
11720 49436843
20470 61178130
10373 36660347
2264 1519826
2417 34620612
2392 97987785
13355 48987119
13653 5286656
7228 94726063
11146 94559139
2543 17542932
449 9368561
4442 48966381
10407 19278986
11827 31623305
16081 66034291
18527 40978935
12807 19787936
2774 73709147
2990 7951099
16914 6331485
11577 57447058
14553 97917406
16514 11698597
11663 55411082
20643 30013372
20135 65351028
6389 24617828
6970 79633329
5404 10832045
9679 66757360
10563 44833135
5368 56595110
14434 90408281
17552 38445185
12439 91150369
11019 56814616
1173 52611626
17466 63847493
4681 99891844
2674 75600665
10659 97245295
14635 69287149
15605 60301806
12955 70792641
19513 65209817
9820 516539
8168 50319000
776 27180375
12438 39932259
7351 91603013
20118 62918583
6221 84712760
12162 55666003
17195 32356785
10143 72851533
389 90495768
6 1425495
6069 44476303
4848 13736100
14837 85377504
9878 5335297
11764 94021573
8064 95522045
7973 48897930
9084 91860213
2708 71569637
1915 93951276
18713 22825357
10833 9875354
10032 62724184
13104 15655945
9998 5340068
3662 65519222
17830 31325094
3311 70118020
1091 15750296
14652 7629347
19448 36140319
14504 36006522
546 43638401
10966 83088249
121 87678235
11289 76523139
16066 31689510
1177 65685736
11317 74158085
14736 149998
16500 50939474
15599 34347230
5124 49957248
14327 56516224
10315 84951272
8179 27995766
19915 19813315
15407 11162546
14490 49418080
11929 83692458
7473 23806673
769 116261
13559 99130443
6965 54942581
5336 52176382
13516 5303034
18315 25794505
14388 90413130
16244 49148219
18763 93975649
15022 63591277
13649 60223787
7847 43522761
12725 51889013
12757 18153481
4273 82553509
16091 95797069
11990 2489042
6989 6020823
11854 73248744
8876 65040555
13272 13829415
1815 75751099
18850 19103165
13703 56204603
11942 11515162
11886 40082935
100 8233176
1978 48157987
20288 76546537
5699 95703661
3186 60787974
18712 99318873
18765 43977298
12347 25741344
16243 16053255
3319 53326877
5742 34133312
14503 91674271
11406 53977295
9536 71347996
14258 72707458
7161 42264111
9376 95036627
16292 93579176
2092 9249918
11552 88232268
11105 38332623
8667 38347613
3297 97923542
7819 4568667
10457 7387208
17275 48892171
15377 86973522
9010 52306054
17312 93478020
8353 63992331
18186 35084982
14148 99642465
12868 1711244
14553 6737478
9758 87537182
19343 86031758
3700 87553592
8956 13212430
7246 88468328
15646 51970284
17022 28192994
12118 42408761
1138 46461602
6513 13666390
17892 70885218
18241 11157805
8598 88947867
78 41124513
163 9054615
4645 54136625
18952 95348090
19893 27494306
20217 17064107
7866 20895169
3848 11004185
2494 6420676
3764 78760612
10597 6880048
13957 48576957
12461 70194541
197 3237863
4365 30465079
425 44668968
8477 35361193
7287 71967937
9614 2831732
15326 34698906
6220 55250414
16580 23549126
20333 9811800
5818 1527388
8622 73750491
5659 22610971
13589 10542919
15442 6209682
19685 95682808
14975 14606158
2650 1633276
6710 50253832
15093 65515061
12462 31524992
8456 42054149
1546 3705535
20658 70503263
6979 78482850
16770 61807972
11149 1580245
595 12814590
2834 21221708
15535 411848
8454 56611321
12131 89395288
16598 27275248
17046 30492605
4124 33055739
16416 52267202
14175 69387163
12593 83320982
17765 96658618
2066 347359
684 39172013
5760 7668058
1555 2746500
7752 69976178
19645 48872862
882 3915950
15835 71515387
8856 76701663
16903 36856156
3071 81352420
15370 60750991
5833 39525330
1687 80457325
13485 55747205
9005 29186910
11521 57290115
12603 23282600
633 14143886
1853 90473525
17653 2513660
19886 7024443
17817 44830571
20658 4773554
4592 34879522
9903 86275558
15916 16574309
16258 49851564
2148 29681056
18393 31462304
4723 12457536
9400 94039177
16199 34040841
11742 87222176
4381 95867230
13431 84821144
3313 69558441
18786 9843206
5476 27934474
5131 40953950
13444 61279174
6839 79045939
19419 26772410
8437 38985826
8367 64239097
15417 94398079
12451 88646400
7551 51476989
15040 58275387
12806 75904673
12000 21427572
19671 57556212
6884 5087757
4663 57891378
4343 39565234
11536 48352580
13937 31107541
15367 83730595
19689 8812376
12250 19366122
8857 45680904
9366 2264459
20704 54717811
7285 9530899
15321 97473319
2495 19652167
14548 98677742
20852 9886904
7954 2156854
12009 41820434
13526 71656315
9196 42566497
20137 17571535
8149 13160160
16587 1529867
5215 51951736
16286 98806837
4079 34054428
9714 60473997
20064 19034198
20563 34053604
9685 29364559
12944 73443801
13871 41529549
13379 12062450
1416 17322745
17644 26039350
1698 38998973
3395 91219039
4048 22511148
8463 89718121
13645 44992382
2061 81195433
19066 47082310
18196 27664842
15028 4649450
9019 62351929
10309 46966144
12577 78298176
11081 63912739
18279 24362028
10189 79112095
12218 46157430
10143 46528616
20840 27819259
13811 87674432
1671 96019002
11379 11095042
13399 64229977
14614 23916569
16905 81842916
6792 6129617
11682 15096380
16106 79990576
9500 94107806
7542 41304239
17901 77655151
10138 21387565
7835 43560107
3059 18738108
12688 89472299
15305 93949450
12545 39079355
7201 15222088
14456 68254548
4869 47720503
8784 67704676
4615 46808662
17871 59462233
12049 33744668
5236 23218906
12478 24556225
15539 47981594
587 29719343
224 66376325
9376 67953772
20517 54869992
6384 93856277
19584 71980419
6337 49775031
13616 733374
12731 42848784
1085 3862006
193 56271810
16283 68973036
3655 69410630
52 17581738
12877 45582352
16966 97459702
17181 62137737
6219 76275499
19212 24717355
9460 44511084
17127 77611190
6505 80168349
20411 9242822
1995 77398107
20737 1856125
7815 46781756
10250 49617056
1391 660766
2946 60463087
8255 18027245
16140 36322188
7503 86379839
20629 31839327
7209 81067787
18676 46317181
11872 27646667
13933 94586726
5702 56347296
17609 41233092
3925 13470211
9883 20038220
16603 1217153
4058 28523112
2258 41199314
7650 20120423
11935 52580695
13951 79746211
14439 7418889
11378 54132224
20856 73174926
17428 66581899
12292 29410480
9327 61152962
2144 70030877
14800 72019531
1720 45475273
6917 96269408
13036 61713027
14533 1086698
7088 18811424
4024 67171605
14193 82682437
16679 62869006
19880 11019707
8502 78588002
15438 22483340
10798 85016227
14619 11371230
13943 37651597
15281 1071596
11940 69935900
10755 54245232
13541 98272000
8945 43514180
17302 23903305
8480 73082171
13273 86234077
17517 37992727
9528 98382286
5339 18620666
4575 33207068
12181 27172893
16726 45514180
3717 69425188
11783 77495287
16741 45353258
14216 22076358
803 66152847
18611 20589455
14053 72223408
3998 77025336
14566 35567671
13427 6102892
5446 64878849
5919 27605536
19202 86488171
9779 29636226
14975 84068603
5514 57237892
14502 63348888
5910 81539633
9239 87197070
5174 13333341
6105 76480702
18896 68049649
7029 30931909
20 99042394
8385 60850751
115 45092682
14618 62146818
2832 14261819
5637 38543527
12534 14812406
7336 24081156
7524 33654978
13561 11816182
10409 1164895
12672 71326955
11060 57395874
18480 937385
17153 49028119
10178 23036861
4433 3401578
8836 53215801
10610 62133564
20579 26225182
15497 16513960
15162 77842485
4156 39897192
3407 8409370
12555 94386390
4226 41263134
7989 24271509
6767 62565874
3001 60397746
6332 12145611
8084 405257
15543 10012731
3292 71586436
16170 4817447
16052 83623855
6456 67664440
20293 48327691
6912 83980535
12335 99946919
4349 66809757
16396 17648161
16074 94917299
3690 73179332
11653 81136111
5415 26019136
5061 48035648
13607 80980547
4233 30231228
13202 73793264
19910 38803336
14481 71124009
8135 10071287
16203 4491053
17446 65225639
3582 91474431
759 3803987
8586 45140992
12583 8591320
17890 56204460
8076 9446459
10442 83009153
5024 61164342
11958 68046838
19165 69073036
7878 31476950
1746 4289926
12772 19376852
15355 79601715
3144 13445740
4844 80822230
11923 81895454
4921 19075468
11544 83347504
1006 2905827
19958 17394219
70 26808264
10433 69834393
11776 16909425
13457 84400881
5775 84754038
17348 98891537
1916 23511494
16507 8437881
6426 94652647
17397 456915
14590 31836497
16874 12617447
18050 14421520
5236 31095106
5183 93065971
16351 29679633
2924 53925402
20345 12879546
7399 94944313
13861 61849993
2468 65674610
8908 73775019
8660 31526272
20761 97332017
2393 56612874
15465 6686501
3918 85174005
14711 91877689
18086 20301603
19240 69439224
13360 76494824
6739 90790865
9706 56181939
9201 53771407
18213 53467190
18492 83340956
11599 76362931
3282 13360608
145 91845229
13561 86584475
19529 60997909
18627 41940179
8697 17607628
3637 98283792
616 61823367
18271 56309509
15796 24390930
18474 68738418
20313 3287138
9932 84215475
8064 90647578
16535 80928833
3155 77188759
18138 79932417
12080 10014771
4944 22524796
18949 64820573
13279 69700948
14236 50799195
12651 72853785
18010 40740461
7045 3457105
13260 28780022
5743 50736966
524 99738053
8538 93854193
12319 7541576
17360 9912493
3113 74105173
17879 58797028
4531 8878155
5025 7648977
3721 98303151
19345 56126931
13436 50367370
1029 14241260
20246 10660363
1690 61271927
1812 42410242
14409 29056602
1325 4510390
10030 85050279
16241 2726526
18226 54331359
20215 37324034
2767 65984348
6259 99482916
5554 72417271
4312 56015955
7050 46888414
14223 62557622
17414 2523860
15259 31344392
15305 70207427
4754 80837385
18513 20935634
9990 74691177
8832 2432447
3263 53465037
2912 59282107
10495 22408545
5552 89507613
12576 3932484
15843 72193881
4226 95501790
2856 71364468
9189 85244673
11141 36310103
17590 90200469
9738 95376404
13488 5781560
7536 61418334
4124 74814303
7036 62923144
11646 25647291
9082 71584764
14733 52504410
17112 74980002
4852 75533614
1525 21418038
3179 18772530
16636 29094817
2867 66670836
5035 25638974
11550 24438803
1025 32941863
11244 89843769
5844 63209452
3145 63243683
11864 45453765
1046 854200
15149 41979516
3799 30647258
416 62311857
12547 16649754
16835 29732629
5428 29028755
17202 44472192
8578 29265071
7865 57603600
16121 91126545
2495 36440589
16556 89938365
61 50661090
20325 78298989
1817 47105728
11087 65669736
4475 85028152
17447 6044762
12646 7530571
5938 36102609
13939 10633153
10283 48606999
19663 65863659
11600 77732864
7210 31575944
4637 66529075
1522 54862427
7152 20182926
8218 14682193
2616 54154725
16173 82667809
6114 50873165
17698 21174160
14648 20068674
10883 32128796
7156 65967932
172 26335352
14186 55416351
4521 44963353
5585 68182623
20832 54524976
10544 97072182
19628 96211843
3049 67427272
2501 20769728
16994 72681958
19369 46439163
7542 23649850
3996 32989403
14742 1350759
104 52406160
7921 65429205
17554 86926327
20112 23456877
5220 6511123
2025 60945330
3244 31383903
6630 75456206
8482 80305325
8941 38489782
15345 69498180
18766 57028942
6370 87243216
19112 41099723
5826 24397317
14354 90383523
13080 62285526
16204 60577694
12601 29174637
10037 33617887
19340 80706776
2097 49238212
2848 10129786
13676 39686425
7514 72610602
11421 44026517
5880 41864300
14902 63078830
13824 34250604
11725 1856487
4307 46629035
14689 40484103
16574 53085444
5348 63159120
14539 90129073
15217 70462194
5664 48889280
13791 82926528
15149 96911178
18947 1970531
7411 5821864
13742 64146914
17883 99568860
3758 81826384
9989 31404297
19577 44983738
8887 80955587
20791 91980599
12489 91562343
11965 68817464
19741 9465782
18234 52527265
12715 11496418
1241 69890481
16819 15615802
7854 82962080
7883 70374413
4846 26672887
7568 26851091
14801 8795442
12301 97214847
72 41321425
15974 44279726
14869 17244169
14327 93474447
2821 17533485
1346 30373997
16800 13811644
10408 10547247
20141 55310715
5553 8079490
8786 52633420
17812 37898141
17419 913528
11345 40321930
11157 28037325
13929 16004504
13053 73256268
20306 7693479
5697 48642652
2087 81594776
5139 9140860
17788 41269592
6603 58871892
18196 59170981
2754 83012593
12963 4971754
5404 98220726
14281 67468672
13482 65168184
2375 61359578
6599 50360084
14085 67596963
3535 42681016
15794 19149495
16354 81491073
16857 62532510
10424 17745748
11651 18617141
174 60651645
11991 43316599
10923 97554946
13574 84342955
13056 96190952
7370 47426279
10808 12118582
19397 7080997
14263 91182643
5279 91127723
15203 55001107
6142 77703680
7174 16054193
380 79640465
15866 49070996
2845 15450285
20094 28562081
7183 58419584
8010 59571589
15564 74409051
16832 94574167
15824 22154382
10896 83137540
2375 26720472
16034 8946045
11176 60700196
17835 33158118
20122 52955685
8537 83672771
20824 88044957
753 83370109
7769 47499113
17617 14778479
20084 43081921
14820 48681238
14912 82628962
5913 91842655
16620 7497211
2397 86535077
20184 1816732
4865 4582230
6996 59428274
16898 53437156
5037 39469012
5844 97496462
17164 22370047
17750 83525563
5661 50347817
8104 28304210
8324 72654111
8724 63437062
1012 77789910
11301 12582770
9662 82776266
14843 19504804
348 47115321
8537 99626278
10627 61827383
2683 23960259
18195 90173362
9746 81326716
14229 7355996
7622 87445273
10194 15672674
13856 3649903
5975 97767636
19971 48642562
5437 27399388
13727 13361019
13189 65375884
3168 99801356
6500 9469210
9991 24067506
15356 52491068
1011 77625692
10309 22000839
16241 12756895
16470 28837391
2651 92093353
6914 20984357
13401 85353202
7307 67862926
19876 99342244
1978 253802
6954 10470672
9503 98085439
17814 30637244
43 62216014
11347 36400298
8698 55248868
6279 62404217
1332 78011102
11764 64155598
13708 80395986
12685 3874911
9139 57024912
12623 25165040
6789 28256582
8301 72666505
2541 42243252
2152 46656423
3594 45925558
6264 52916044
5098 84514770
7251 75365007
19078 8375036
11019 74562401
14266 70479394
16428 93234631
15415 99999655
16817 57288427
2529 91370360
20112 34428757
8375 11993456
7195 653679
10994 95265144
1178 47081751
18421 29636473
17331 1848626
3270 94346841
5534 58947585
5436 72531915
85 41624367
17552 24744338
5005 46403041
13845 37001245
15745 34284912
8589 91177639
14801 514899
10706 80841636
6098 9924155
20451 53511384
4508 22330186
13823 14552757
19718 49815453
13746 6425150
6765 16654179
20021 47305729
7104 27001078
1579 45653897
7875 1826764
2150 82128291
18 63543099
5912 62374402
16813 81509730
5035 70259281
6538 24355522
8403 5988848
797 11951227
210 23380872
17536 81957556
13987 75562424
1357 13795792
9368 56890282
18912 99950925
9679 66717342
5483 37715673
7734 95438422
786 74667917
9428 70349475
19374 53545214
18726 52644237
8169 69412125
15175 24586444
17574 79174692
18589 48162738
18449 30289691
16739 64776688
3023 51626019
17376 84882355
5273 29243854
16942 58387338
17102 52961683
5365 73251004
6542 64154936
3706 88839952
18365 89241939
20048 95600886
7783 5149979
13716 45050122
8830 20670998
6903 50489624
12212 21970726
15304 78878
7076 41965987
5390 30206394
7067 41593634
2217 90685722
15227 47452196
10276 27217622
592 12569910
5908 29307282
15525 62574468
13711 12982266
8509 97611850
15989 4565471
7064 3761600
12837 74276242
14753 75354111
12728 51845424
18150 64349057
2398 88529941
8669 23161902
6713 498010
11302 701445
13885 82221230
20079 48805911
19961 67599557
3077 88953032
16239 84137530
18427 43646916
18034 9880434
2451 48790800
12987 78173547
16341 63544501
17250 93981363
1160 64587141
17035 33836251
13371 66759671
11941 58363141
8956 19598949
4787 33248824
2948 57145587
11969 84817943
15748 86462908
6720 37696205
7766 10174827
6997 82551045
2957 89282372
5638 88143244
3026 43259915
11116 33236785
20752 17152263
3123 95596099
20118 6440001
6126 56405754
9110 52092667
15436 46960163
13878 95535663
7192 60369577
2943 53249932
240 17141100
6886 3191477
20032 27423092
5437 12933089
7357 97817076
5885 50207295
12649 16556412
14843 50643249
8090 56304196
19944 23660807
473 88154904
3346 54880881
9332 37508080
11533 19409526
14175 37447820
9548 976143
14294 41116922
10760 6797418
15386 49157823
17323 89139054
13768 80956216
9436 78028760
18064 59222259
20405 14697844
16568 90787963
8589 80752758
16735 66628478
1170 66574287
7377 91082887
10811 59563272
5396 63675975
4187 88152333
15009 69739741
11343 78365616
9361 19712963
469 65872463
20093 11883724
17766 55730865
2403 77605936
1644 91665143
15854 61303713
4232 47336766
385 13084244
15984 89617807
6318 52411218
18423 37730544
15373 14753199
20512 73396444
4881 73348980
8108 55906856
7851 24299435
16483 51280180
17587 70713246
13431 59805496
9753 77439754
7181 69229433
3525 76404893
15524 24224716
5028 35509957
781 46172621
16525 68056306
12169 56524722
20030 62302394
9611 72335150
975 86715930
18265 33746023
4512 2537678
14987 47198526
16327 92037248
10308 21570107
821 10991013
19907 13253174
7118 12398445
8256 29401396
3378 8869469
1709 88345930
17349 64509887
9129 64767986
14778 32340874
9621 14980008
14675 65345143
13688 82588523
19961 33752234
20397 93650099
14420 41823775
9698 299189
5522 11052451
19587 45243399
1476 56062958
3003 23875651
5100 2735164
13866 46890907
18590 62124938
17156 46573685
19952 1278382
6449 66038969
1098 10279725
1145 39539051
6139 35963597
14674 74854146
9576 925709
14912 35634865
1309 41222050
16847 87945409
19671 55523059
17636 67250140
13671 76558993
4548 78019627
1829 30832645
2069 85666096
15806 38663357
3739 51250904
17764 5365262
16180 98007746
4644 76495458
12682 24148936
13450 531579
7534 41915680
19422 40662065
6652 44071342
12452 41682149
11194 59476051
3121 30495233
15712 9441426
15664 67121694
4948 45955257
15408 51845291
5702 7244486
12677 40512470
14402 3572117
10960 30630476
19754 46945448
2010 87504854
7388 77948389
19890 18722217
7855 29384747
6547 90890269
15792 31161860
3011 83905533
13724 87746085
17505 88227160
17470 56812279
5576 35940208
13415 2315709
3277 74341702
2899 98493311
13125 33608879
6866 41166938
18161 86816239
14783 6829708
17402 98684114
16828 70975526
9906 30107958
11835 15992590
11456 47773377
19806 17557070
1559 42472721
20097 81105693
18671 43458820
14496 59898312
8660 41825581
14402 27805405
8268 56346734
4244 1580898
3742 93120375
919 53734133
9884 97141414
12418 86411577
7695 84396102
10925 93779215
18032 11175546
16332 20686368
15338 38221988
15834 37093902
6379 90246169
13284 4514034
5053 7900190
15041 60022563
17174 53808136
17966 59926250
6532 75046773
20276 91249353
14849 95919099
14424 4470264
14275 32581450
9915 12484680
3410 14618469
9225 2437969
20003 92512166
10084 39553969
2720 89040437
9641 14830086
19274 76387444
10202 13703904
12188 94005167
14691 29640443
4381 92323241
13353 93756480
4101 51067080
19990 68557541
456 48992575
18903 32438231
3482 71762326
831 68967854
518 79440775
18087 47032828
2504 5106180
119 70454544
9738 94264619
15554 16721908
16705 10304954
18863 57321727
1651 19768500
7640 43386888
7324 1821303
13237 59516815
4866 98019355
10752 66941276
7598 84380303
53 86572526
716 49463658
11354 37334995
3196 500972
3214 41096166
10 91947988
3080 35551730
17233 56696778
5126 4881139
11486 48984369
13745 52333563
8617 12728809
4807 6652256
17344 8838128
10940 33046198
5359 14535366
1278 9555862
17347 58256782
19292 71085215
2322 7196749
12589 58556050
9494 22515808
7261 53914033
15828 44530294
13831 60710569
4266 12095903
14344 96836689
1888 29927214
15474 40605582
2929 29598829
1501 84500126
4733 98303209
14364 60649572
14517 45979549
10843 67834098
14386 48948874
18276 4837389
17317 25530632
7935 3193621
6145 22579298
18681 63575591
17561 29464674
1510 12016266
20395 68933929
6900 50673582
726 31306333
10725 47699657
289 86778752
5756 86169533
16968 45116722
20753 90967305
19142 32910131
12562 18046630
11897 7072468
16934 28501691
10482 37660793
17561 16843319
15971 10038618
15711 31550059
4275 86514138
17913 82538009
9228 74946406
9566 99946365
1058 43619600
3434 46999813
11032 92635882
6708 35318270
20544 86288164
3071 36503130
17983 27121504
7811 28045102
2950 14631159
13835 89456821
12663 31297063
12615 56158676
9484 8263227
10152 40664377
16494 73967055
17338 97451144
3259 26726642
13794 58839330
12284 87450779
11789 49941242
7096 38854
12599 24648631
13081 56481897
874 96975360
3110 55131211
13169 48299185
1582 59955415
10927 9272180
13640 95670898
7995 3944627
9017 90547301
15905 39740962
3432 3395785
14781 94185523
7529 45254245
16763 69618212
9650 83087490
7924 77486162
7100 99476929
6982 63198796
12616 13410056
4199 93552767
3263 68472195
3481 94100465
14422 5277857
4364 33781048
15025 4473569
13931 18131805
7296 24618654
2393 3748623
2613 8960447
18558 20198703
5846 20150032
3213 36650029
3500 24662740
12265 79267806
8564 16379512
18527 63954620
9807 28161872
6947 1511153
1703 8616530
15887 81781240
20689 13846915
3405 25992158
5861 17263079
11029 13371174
14062 8140321
9845 75820519
3400 88803799
1075 5466371
1471 17352079
11229 4055687
18018 10071102
78 23616002
19984 78581745
10277 24189056
7445 65452061
6635 5321079
3314 10916047
3449 22797251
4946 66086722
6758 59435356
1392 27287358
17133 7550101
7878 242776
20794 82074048
19762 97750649
8492 56359150
9110 59172747
2939 98571078
14701 10135013
9003 77469120
17598 81246783
7607 7402403
14786 66619788
8303 72858308
13747 23917135
16957 59449906
9881 20065892
19037 19812003
9626 80016480
16217 42936228
9188 93048492
14498 90621585
11496 31786883
5614 42492084
18868 64469150
5671 70025323
8472 55267755
14705 90395116
12548 65176437
318 7110405
6289 579793
9655 92814418
8693 33560320
2148 45987057
5857 67028826
15031 96376634
11294 40735016
11560 17331261
4294 28707235
6315 19476500
20006 84817253
6958 91408671
13479 24478605
9064 67005255
12891 50089915
20542 31264967
4874 93192325
13566 76348097
6220 89222159
20099 45362149
2299 63774792
5339 21361007
11990 33769708
3707 34580764
12291 51031966
17663 8169681
226 48591791
18102 28450580
3612 38931195
7951 62725439
4769 22087849
13899 44723523
6021 70586143
1427 47065523
506 95923127
13427 68575640
3987 91715512
15503 21756784
13882 81145269
10477 40478516
18342 62911164
15797 20542807
10089 5775605
10489 84573352
8397 96965576
8420 86244262
4261 93805549
1025 39366303
7111 4555758
740 76716347
13087 31375850
20420 65209509
11150 92777692
11267 1092935
12461 95820194
19425 11132900
18104 95252352
6698 22750666
16452 85701800
116 98251109
13844 59655513
16231 54237153
19963 67979509
6604 22885459
8817 32551634
12907 78046857
10620 49926498
17194 39535199
5689 35255364
15022 21659855
8428 87232290
17173 42323270
6107 16984816
2055 88545304
9278 24914307
4736 37870344
20704 76324490
9446 43063587
17336 90743657
14176 21871971
12504 18067204
16277 92255479
7741 48207898
13114 15730597
9263 77451518
10691 19571526
20805 22699561
12442 52201155
19955 79485084
17691 47403697
5776 32575578
20574 46518268
11615 34930594
13582 58236771
14290 8047253
2434 54002246
13063 32543922
18138 99140864
9510 83081108
2453 69247788
17610 57294619
4683 77732787
19225 3230462
1765 77227613
9838 23196754
4851 44663994
20101 67454407
9418 17188752
12773 80764117
17994 33091956
18977 55534266
1188 19958531
17356 38384631
10172 73862714
18797 86487210
13858 81998366
3986 84446168
11260 28808713
13882 94697800
19719 75424880
701 35700340
7553 26183239
7323 63787488
9845 58056100
8190 18797515
15379 38395679
16487 83274962
16534 67442675
4112 77453607
8039 95641685
7551 41964947
6646 65271702
18654 94920261
12965 19120449
20039 5149445
14478 7512616
4586 67150556
19759 96520884
17218 77067846
225 28006002
15666 50757744
20794 75229848
390 77272244
2434 60725003
11365 41526968
5627 23699372
10586 91555797
8669 62419382
8395 88084193
19998 76094120
12542 28601512
6502 86599775
13834 69818943
7253 26690113
3197 90213995
3790 301207
12190 26130500
8344 32553501
19240 23236282
5295 10644948
10360 54677898
17740 53287869
1411 28348099
8409 32709753
16263 49763434
16457 62182283
20211 97443313
3260 74117015
17440 31902718
12428 19181750
17097 13052299
17717 20637509
19019 47530365
9192 95101897
5058 98985868
16194 40562602
14518 45123870
4584 4930165
17670 62074075
3952 42420615
8724 51476496
20066 42718808
696 5901309
10311 21214770
12057 22675656
6993 17469798
17173 12395829
15769 27427108
8098 43814670
10889 35725546
7669 80792202
6791 54013360
18344 22654971
16333 51904395
12581 1616148
17279 96566556
8914 3960612
8463 7045157
17999 8637540
16855 182302
19729 68656447
6541 72073857
5885 60792111
9533 93494823
4599 74546322
5355 52440024
4833 58024869
12672 81254597
1737 17913262
16519 65408887
17510 32516706
14735 25138406
7582 6293512
14251 46339241
10191 60443491
2968 51276953
12281 21722699
3260 15184920
10035 27884479
10365 87121592
1435 90416465
15116 10285678
6083 98531354
7661 81637527
4124 29731972
1250 88490379
15306 66570914
5386 98725997
7402 45812349
16689 40311831
18963 49135837
4840 40388484
18274 19972299
6738 53373347
10002 16769499
10268 55320284
11041 85089260
16810 60660003
503 9662589
4056 52581583
5980 46893001
4478 54159592
10400 7217099
12394 86328342
18610 2983532
2720 64317994
16959 75778014
5257 75494258
4770 60279882
20869 48639795
18207 74395248
15318 89268050
14745 69566041
14592 95621475
13927 97258287
18981 71139544
13063 89275020
9413 57615205
1542 30701078
19483 2037921
18214 28132777
15054 90836683
18872 23578745
17736 52177456
525 47714898
17526 65940712
17073 57293683
16200 34111008
1410 57653167
4394 11121059
17660 30451894
13461 51579096
15053 60076092
11514 21251738
2008 10686904
14964 29494484
10528 94678278
2725 95246824
7656 86662109
373 7148354
16394 53274236
6026 61519859
8070 33330533
2619 42460347
349 77879702
3034 98411508
19496 88358363
16951 80574863
7589 16733961
8471 44244330
6793 77632613
8036 18756899
10781 94069982
14941 43084267
9439 13944356
15728 20141804
1432 75838040
17523 30302863
1307 29808882
7195 52668627
5371 31377321
18770 68536533
15834 58619795
16743 73202844
11518 3454349
11237 2774621
5977 43702340
3852 58430558
8252 40567948
3416 23537119
2326 4263798
11744 74247248
9117 30373290
12365 41786765
6736 34862377
11186 20387108
18898 50568231
15190 38491735
13008 43067741
5486 84541782
4477 34174457
11057 32641757
14213 66396980
5430 73198177
1921 45103492
8376 13993584
17098 45446923
7110 81985482
6714 97823647
14855 88518737
17251 70743991
3773 51442075
13325 2862191
18212 83016600
19115 6661094
19079 97484727
8641 59907489
12263 76261406
12369 26231504
13539 33269397
15647 98711231
17642 73218640
10254 88020165
5395 72494719
12446 31492721
8634 23562541
3619 22435653
13177 76065286
9586 69971131
605 76260481
2418 79156620
9620 75016834
7147 61420749
12130 17884931
17793 53254175
2025 64019955
15803 3450014
12621 53672616
12638 44959069
352 82346696
16484 39697143
12108 83721206
20498 85946557
15264 44979697
4006 18868378
16112 85066267
3772 18090
5697 42121811
14940 63877693
8651 54123798
1718 16193775
2613 74129978
19451 7898700
11797 16146672
1470 6486281
3608 34342263
10243 9435309
6277 13348924
9221 30366313
18152 3815908
5629 32085151
7865 52292393
7326 1481628
19425 98574786
10500 6937299
2331 35007541
6971 23358689
18847 323919
9286 41972817
15838 89147862
120 19996664
6927 47158874
3381 94069946
19320 29846544
12961 23869124
4046 78703654
19066 75060979
6207 93090221
14581 77926603
16878 41901928
11930 96879943
15515 65544032
2369 91079692
2650 4012373
1444 34854895
629 81511607
6153 69166712
1035 89316236
8974 46727336
354 92705621
5157 5341585
18742 26550735
15417 7438026
18835 9461524
8804 63822316
2410 27777588
12250 80789274
17852 33457244
9615 59189572
4491 4921476
7210 83146205
1732 53928730
11782 72652621
1114 20582280
1339 14924100
10910 89976417
15866 89729881
19828 5700954
12824 41200814
8611 87565242
817 19042284
9686 70758094
7163 61180803
5903 76733229
5368 94201309
6053 19447547
4623 73120494
4157 82176784
9658 69137597
15377 17669425
16737 21079671
16598 9360086
3270 81722051
11216 13010164
1530 35256224
5046 32978700
9065 20950941
14520 59162770
10490 60468485
330 55018472
19926 70067058
17544 84533661
13274 52875002
19170 46509723
5189 74502214
12145 11107000
18161 76857695
1860 58907790
12500 40560831
5744 34018964
229 77526065
5487 82631915
14631 23250810
3739 33125102
18647 30207038
9198 43421794
20450 67642299
10452 48494352
16662 99698605
3987 95046252
607 11699576
11998 69782705
13096 79136690
19311 52169721
15148 5641153
7846 48030929
14062 58219053
13780 86676928
665 77490235
1144 70221864
10696 12978310
16107 13004073
5303 46631818
2205 53654262
13508 61535204
1144 73047594
11433 54853766
11994 19341107
5217 76553498
7453 6204330
2796 10215866
3962 22910926
6849 42447161
2878 54937488
3480 81906238
5937 32667373
3472 43835714
13542 28021509
5930 64718927
18953 41830659
156 30376285
1772 4521616
1459 10224905
3443 24253211
12396 47889904
16150 74005760
15303 42241858
10266 79057043
6073 59020893
7882 57142767
6274 64186587
12837 40844383
14079 40514290
17626 56038890
20343 3058015
17663 36520052
14899 65264155
20302 23697055
11418 17420744
1251 67300169
2860 83440513
7225 75932771
15729 43255319
18532 10371390
19743 94017049
10466 95719696
18450 62357001
3982 71258642
7011 57946324
9866 13137212
5517 77683433
15178 99471344
5187 43215285
14992 23469354
6555 23635019
8638 30979381
11861 89624508
5794 85274255
1573 14418319
7615 35156040
18960 68192506
15552 19155357
8709 24988873
17269 38453502
9361 22744235
402 96455889
1995 6280682
3514 48407962
8387 71611986
12895 15164700
2969 67679543
2573 7355241
5615 5572587
10639 42700230
913 93307845
17612 80942627
3660 66281064
14610 97082562
10920 95544688
17198 74205134
6345 39643130
3378 71232945
11396 71620962
4630 452484
14507 44034575
2944 96029009
7277 14277618
525 74050873
13884 1046450
9188 92357464
7635 99640078
12886 8370998
7294 25914428
12773 57191079
6706 93505976
6714 92264393
4898 59606294
20496 84105622
6093 35654597
4296 79492908
10870 5207995
6296 96435994
1865 31422519
9255 91852171
17092 92270674
8763 79339616
13462 62542430
14239 57831895
7368 45680526
7189 14948680
4313 51451893
5341 29884664
2211 75743115
14613 94801795
19182 3581097
18014 96119588
15257 2332972
5526 33307409
20240 68075153
1090 18740812
1443 14401919
9390 4772932
20611 38307394
13877 17917561
18860 30144155
9377 80723478
2293 45112018
11495 45170587
19666 29631132
1917 84769197
13236 19299789
16230 47034025
12461 78477071
13834 60420956
14753 10533719
17364 11930755
2994 29758548
9317 6912693
7710 31824868
18908 9602918
1587 62729199
17962 48597775
1225 5967242
18381 33729054
12892 86257096
6174 73843308
8449 4419740
12843 32222350
1487 6251472
942 34481739
19817 24321426
655 94237183
2387 15632534
3743 27178620
11382 31012834
15778 61942777
19155 32140638
15954 54099602
10527 9341618
8595 73706254
11961 58843259
17766 6188303
5392 20943248
19537 51192514
14613 31053959
2230 96496264
7004 84603099
14569 14488063
11962 96916027
19488 47693036
9183 83480925
4532 74187246
5444 25209070
6046 6245795
12149 21148208
17606 35182107
8522 32534316
12740 48287170
13311 32297416
9902 85704989
87 37670289
19682 71243113
14123 77967405
16483 22509023
20782 32430564
17649 55328646
7676 84870577
5634 84049405
9992 62835445
7308 49663041
5432 75279955
4473 16491473
7617 78731911
6085 66324540
17711 16774680
6180 26897056
6335 86747134
4001 29234710
7443 36387698
3871 92114324
2892 26978497
16413 37246105
11025 81991566
1905 26961426
1946 16623415
1380 81327017
2348 13985968
9546 52233994
1284 15113485
20002 56263559
20726 70588063
5012 43882191
20264 33817137
14844 27082441
7715 77376987
14156 91539450
8454 71672439
20280 68720910
9944 55113770
8716 51007369
9616 24823156
7482 63640556
5059 82669228
145 36559708
11771 34433084
14446 87219935
3658 28500235
16887 67389048
17580 4219027
19849 85038559
18666 66184606
14118 90984202
11010 10396269
3927 44037403
3020 60420154
11060 37247225
11849 32411862
2816 29085139
3791 69278683
12359 17896507
1325 58468114
5387 13765618
4485 36218568
18014 54318425
1336 28142508
14685 79582666
18304 20967699
4449 37216864
20530 35304686
18487 49390360
10129 81331743
14402 33484502
5417 40041718
7105 81341047
8392 28214488
13879 18064872
14488 56870349
3809 78683656
19757 18017860
19255 91075569
6122 24875419
19311 93003835
10075 46257809
1070 82239790
10353 63991318
590 29803687
6431 70784087
20676 64099370
10426 30890535
20162 25178910
15464 49710675
6752 50820330
638 80106976
6253 4702646
10601 67538773
9707 96801557
6779 23985507
9368 95806366
10105 25058795
14783 56838515
19103 9676307
19157 39405878
19473 54963096
15600 96318904
14945 1462017
6045 49991358
17134 22290653
17689 10270069
12467 35348380
16383 5555170
7673 68299987
18008 52850401
12435 97194824
9523 15045163
16031 26702923
11218 63820085
7899 11042233
7105 21872329
17540 11763916
14599 56891664
15794 97238103
20222 16914979
11657 60211063
8027 74442738
20076 99706820
14518 3479300
7827 34870988
20418 12808653
17230 57502820
130 6835785
11574 4770199
14832 25617678
9943 78914538
15065 86850465
1969 23230296
17296 56420741
17632 3141503
18911 92513508
1871 5553472
10741 11428362
8676 99470507
7024 78299803
5116 23753716
4090 18923660
14710 23994977
12935 70494985
4676 1448020
13977 2126664
17923 1151727
20319 23557365
5141 85235610
5875 97366775
680 58346530
20282 4246033
9051 9352882
2715 74192999
14505 83098410
12447 48197589
15398 48633964
20183 93141368
9865 45397047
13721 6426822
8216 64781720
18269 79723977
3176 50046968
3359 42831823
1750 88292153
20199 28692396
2239 35111586
14979 15571391
18834 53645529
8129 58320562
16542 47289897
10287 48628770
15329 26155753
19377 21069155
923 10439195
18847 70914219
18123 88565815
13495 93670715
12143 6435891
18725 78928066
15197 29217489
5432 46399433
16738 93075244
7839 13826248
6325 4251566
5350 35981064
3869 31181314
12135 99981677
4330 31412677
12612 33922571
1048 1063161
13498 69589141
5013 7991339
8690 80758112
1175 52278747
20159 61671627
13669 19822993
12026 50858015
14222 22558236
13310 64651714
14049 41863779
11633 83383971
13408 90275317
15333 35414865
12608 56932833
1208 68572572
17626 26690579
1048 141323
19916 53937921
8015 1625500
15370 93101966
4788 45261960
11093 76400892
6777 30855900
4898 65836944
4084 83317988
6966 48656745
15082 85778520
17702 2583959
5437 65652761
5690 95563526
2190 70029139
10460 24903398
3283 9452375
1189 3586250
8795 90090692
7692 31924059
13818 14645880
19506 83988981
12319 12316785
18898 41009395
679 62559352
10336 14853084
13562 33630907
3504 22047610
16572 81986540
4757 33509002
730 92381593
10213 74702493
2921 89770072
4420 17944547
17070 27493313
3515 20246122
9113 10709911
8810 87640974
15645 59093732
6054 18661469
10899 75865566
10302 69990956
12648 55984300
1683 8780142
12110 14682406
5309 42502871
20763 53217896
5962 61414319
16033 48010461
13616 27881438
710 81743826
429 70159319
18369 57395367
10366 67996785
5166 91483368
18557 90658535
11026 25205511
8745 29361760
20883 57720762
225 71677004
15974 85463750
14052 31983520
10165 36417944
17748 86702319
19504 25273058
6631 12448531
5823 67744021
9148 4503325
5407 92924497
5536 94144839
14150 64191068
15746 56789503
10280 50485570
17071 75619095
3140 76809517
1489 33125852
1047 19025030
13179 53471266
3775 11023564
15627 39871380
19619 12306399
821 862563
7535 87444115
7856 57706161
7700 82898703
12624 69809181
15701 41687079
4355 41519055
193 12749948
15367 52895333
6046 21983305
663 4349085
10615 3646910
17412 96451310
12989 55542992
15886 55999800
12625 93675307
5380 416164
15786 67260956
12215 66520738
4844 15006029
2664 2282134
540 62928603
4749 1382109
6661 65972043
3171 17754369
4298 45331332
8910 81480036
16782 84956509
18411 68681420
6691 19286741
9709 8348893
19225 86576288
7697 99114174
17433 71920086
5827 56513255
12970 54481183
11042 48651928
4619 55112931
2457 45604690
14124 61860536
13097 14073027
8569 37978865
1554 61202814
16548 26000761
2453 15951228
1594 59598158
20772 63282255
16360 38097882
3160 5044394
16600 33064046
13398 54493139
6587 25385743
10406 4955017
18447 58211809
704 6616352
7600 66435119
19213 79780565
14024 68758794
9740 84898415
8953 23383965
246 45079763
13463 30182468
9582 34189274
7710 75791152
55 35847374
20834 5824022
11209 96400429
6112 93485581
16845 64224791
13589 56947857
4461 76802439
9566 44046875
15575 85346017
1770 50082735
11489 60081577
15724 23610427
9483 8965175
973 66039711
16338 27105949
26 87420822
11211 50686062
18954 53293836
16501 24454609
12254 5990993
6953 56025863
8222 64553247
4360 43870883
13305 89411306
19594 73922144
2578 51977684
14011 65477093
11038 39165062
4818 34413710
781 75145774
19800 99551988
5769 76989334
20773 8327792
10758 2357246
7117 82095292
17951 26494505
17075 76319795
14592 70949458
12181 52164227
19587 1923931
10297 4887510
10189 12606445
18685 34522431
6025 2355929
562 62008984
2881 82972153
16716 92584652
8701 64315375
1593 95277362
1205 38727550
10691 80053566
11888 68010163
13548 61302512
16526 29080391
11705 56869442
14832 92069463
15606 89938642
14531 37154261
3575 61480119
16016 98429918
15576 22044597
13608 37566428
16656 46396263
7115 20574398
9989 21070777
16067 71562632
16584 82073059
15771 62530408
1766 36081473
13189 61875016
15740 27647826
3693 7224220
372 63653092
2971 47080245
7000 88921375
18082 1138667
16102 79428587
13091 30627926
1330 93103250
19227 20014828
6743 15536976
10216 20331075
10580 36182960
10788 46018312
16506 79504988
14925 17731700
20218 14354159
10923 77255635
15954 74367106
13646 8173167
11099 22362396
13750 79287159
751 533281
17286 80132186
4375 66150114
12506 60326911
8246 96757179
12663 84329830
6931 16035823
9388 10237276
5650 90757822
13011 55209977
11151 5441249
14678 88151937
16045 9317845
7387 48129542
18274 10669642
11672 85987577
5306 89848138
9320 4839455
12802 18783130
9013 42718047
2771 98340705
7198 53513152
3349 9912372
11356 62433691
19116 44235757
13084 58298528
16521 2625633
14700 34518066
14308 47808274
7041 48656424
552 62580661
18932 69680840
15891 53280117
3753 65976108
18298 44719366
7069 92636261
13554 35742033
19881 62469304
9070 62416194
4119 98840951
2935 47579368
5784 8845310
13185 8622650
20241 67181184
10791 31043689
6511 67425193
14215 2997962
5415 3602206
11023 16659033
16127 33374031
11043 78272470
18610 56954823
15681 77192411
8824 64701612
16164 96843474
11160 98776909
19256 73198396
16771 47144197
5647 8534651
17262 90768322
11625 82679342
5999 38235395
6544 47815902
13273 46988087
9691 11415916
15108 25853335
9925 63921468
2658 61251946
8648 54748637
18576 33238836
13534 42012475
12130 48531306
14899 97187020
1670 2064621
13243 15033589
5205 97816364
33 56059163
8035 88422939
11726 30405713
13253 68350001
18929 73322201
20367 36542720
19407 82044198
1790 78357548
2727 76264578
10194 93417650
18322 1161186
6379 91036980
19444 42657164
1098 56586231
15194 90967248
14883 60436388
6615 95487059
22 50901477
12446 89303058
17975 20230753
19853 71003870
17556 52385281
8698 7084493
3753 94873607
7932 47371918
5903 54142476
4490 35272919
17697 51914016
8544 90797409
3056 40653541
14207 67935546
7185 81307421
9077 2465609
7384 41831729
19588 9009433
10226 59426630
11032 18835957
5142 85577724
15348 47587445
20264 61785873
1058 73775294
17753 48525172
6668 66140509
17695 92011000
11573 61455787
7170 43735279
6910 33754471
14823 97846643
20668 62284304
5729 85537803
4893 54257208
6138 3823393
11957 61809049
14768 51529967
8388 74885154
7912 56872209
19422 34276893
14099 62741365
8445 58352922
9522 62388024
10767 87416907
14019 54232748
9263 36198708
1883 14940514
8376 44274116
6625 22293102
1784 97959102
8306 24140841
12256 68033965
19262 21680997
5437 94019352
19198 44095919
169 36466941
8276 33746351
2424 14106002
17742 67144925
1814 54774031
19082 27726991
17930 25973417
9228 41972104
17687 95662174
7794 68778858
6833 90381701
11429 58422132
17391 73623212
18845 53851138
5196 11172688
15011 48455162
18671 9817046
3088 47492197
8410 83368593
1612 30478661
20810 41047500
10411 34148067
20771 5905861
12376 89784802
3712 92901729
15257 222016
14488 56516064
18744 46731802
4707 91263629
12035 50298192
2074 3562702
4377 55108651
18553 38503924
20058 42335501
17404 22270675
5408 12531493
586 36052519
3396 82855444
3677 75316084
6251 48559120
4162 88752963
17041 9050300
5521 12457988
18749 80441007
10707 61397747
20132 11190640
5160 34525258
11744 83372902
194 73932844
8005 47418051
802 51038919
3142 12038046
18340 59145456
10959 34082523
11419 72566440
7623 60228410
16935 36455484
2451 59104782
18671 77577165
11797 57667795
20203 22801341
9485 56451713
13766 92706782
6404 82872133
361 18049372
9774 15359497
6038 42756080
11653 61212433
19455 74807385
3723 41395781
18040 82969305
3782 8693229
4230 23419253
4762 73370966
16541 12376505
19604 45004034
15813 4929900
19435 97537149
18537 93796716
866 16792661
18465 15732170
19166 85967083
2667 12066054
6209 65422491
10760 94990825
20320 86763618
10386 13475167
11105 2417624
9447 20803915
15734 42923543
646 59343704
10063 20874619
11758 41899677
14257 66942991
2668 3853755
6521 5091537
14871 20920516
13855 83106880
13834 90754489
6985 24892714
19104 7863995
724 68738149
9631 12145884
1434 63266287
16806 99460715
13286 18646572
20726 46633759
2131 28110728
10175 15482017
20106 81778886
19725 83822076
2195 43954402
20534 30445396
9462 42761867
15226 75590654
6293 11977904
11973 84343618
260 9826516
7955 4388178
8901 34472005
7971 84315337
10433 15169665
12862 50188826
18508 77031590
7168 43366816
14992 37522967
12572 50713604
8820 84447837
1457 61055005
14804 7391590
12946 99896990
8342 77649365
17223 5118251
14742 33246462
10296 65601389
18159 18388027
13156 73353397
15183 33382176
9375 81870789
7277 41729418
19636 21740594
764 4942850
17673 65762460
1752 6129552
16079 21633096
4033 68495828
15870 37923341
1275 5770694
88 38653780
15598 10097078
6986 59251976
17760 54171896
9679 67075501
14379 8663949
3073 50484190
13814 79216599
1253 82162105
12244 97195336
2378 78582842
6275 27258382
19661 21878734
15702 74262377
900 46932109
5062 7876372
11212 24082932
10479 42357410
12640 51491259
6559 68456633
18510 36599731
9593 72545754
10813 80030302
11617 64341411
6204 88438155
19205 62633325
6077 22410691
16147 72269640
14006 43194974
18596 9124205
17047 79081440
5003 80745676
2541 40006731
14676 39015632
1049 72148746
15716 62581102
10392 37109200
8467 53381455
16935 91921913
11488 84364614
12166 84292317
19934 99897418
13501 41922350
1309 3508786
15262 71215427
10633 80277112
11783 82149920
17895 58493944
9335 36642228
7721 66170993
11133 57498195
8159 22572155
16966 68911655
10949 16779602
4931 46192829
3476 93709989
10458 658507
3559 42220859
6822 70807170
9689 32730886
13882 63395340
828 97352170
14174 79063492
8208 72734615
8621 53355691
2112 29529398
7585 20174055
9498 57977634
5115 33087868
4888 2435631
212 75901452
16251 14798549
20882 94785732
2849 24173520
13787 60298110
7116 60131853
1079 74945110
664 21755063
15776 65846489
6982 74747026
13909 85911639
1479 82572419
18471 61410681
3373 204109
20534 15307289
1851 78811952
5733 56334416
20525 72801404
6132 8178965
11647 69229404
4131 58912036
15807 92170526
15817 91877984
19568 92898452
14451 13447971
13318 29443006
13861 29470958
18073 57961657
14884 52565479
3249 90412893
18815 18354562
13491 64114214
12311 67868050
8491 78325479
14717 38923248
6581 44524091
7121 34465196
12271 36725134
7078 55652910
1862 36584006
15717 54818120
7216 20976844
19086 30558790
9241 27687069
4063 42136971
15823 56029743
6698 39841160
4754 87696864
20658 14608632
15668 36272579
1602 71126283
11551 56399868
12856 22523992
20770 84451012
2993 80297644
19679 99794136
16029 92094734
16508 19404842
9512 52225834
5524 10810499
6458 17708227
14669 7370691
18881 44533255
10382 70291302
10884 18638955
11354 65190120
6522 39876904
20316 95356717
14947 19747695
17529 93094150
157 58391803
4870 35161104
11434 13659268
19520 78172767
15346 6690563
2740 12764260
3719 60856212
13176 86980881
5052 20235211
19467 64531355
7831 16352417
6639 33672108
1057 3827817
11947 71146569
4480 13869259
12161 76137204
3123 57129007
9931 75263953
16625 70896960
3722 89189729
1826 94936338
11102 7019017
2982 74605294
17253 61182017
6059 3788434
2187 91263728
3980 7951201
16456 28886525
13998 6481014
20147 40387234
15207 64273815
12223 45127689
6666 80339100
1106 97223801
19824 26344714
12589 33856287
11290 93400224
5411 77073602
6191 87391554
10520 20395080
16713 16485344
4356 16353545
20638 36594644
3947 41248267
6543 45273165
444 15942285
13729 98159941
8299 88498858
13037 33977968
1013 34767805
14233 77168894
11839 34120086
16404 62015748
7119 43607341
8135 1965659
13062 45619995
19454 75661229
13760 95403901
16447 59729963
1170 60364236
10020 70804023
12959 19582813
13387 42409199
12363 52495709
19771 98837035
6617 41742553
16086 55887606
16854 99091399
3926 39572679
12413 72343360
9832 59217513
5128 12505695
220 84969600
5817 52167320
4815 49594469
17873 49702692
7708 93870782
6804 41878808
9417 82399880
4847 70216205
763 34154383
20519 9759196
8137 40337750
17559 12978047
8677 56582040
13233 26481472
2777 8317468
16014 55711000
5469 51929468
18770 37986632
17928 25442581
14229 26955134
3914 14523885
4058 60626048
8420 15724812
20736 78160681
9478 95317364
4250 44953889
5070 1803177
18787 20598247
20001 95769696
475 26701124
8603 91099591
14884 2406937
16538 95323149
13466 2102053
6737 33115597
7432 45111797
16947 50407481
12196 97079599
9504 89096451
12768 21044193
10627 15676510
14814 25101633
17043 23930018
18553 28381257
12951 97812304
7153 81335935
13734 90010858
13844 89490011
13019 76652793
12068 58616089
12332 73165603
8624 62440576
9207 61982083
11974 42221730
11080 87276808
15910 88008701
19976 81780357
5624 72949358
764 11326567
505 82959147
532 8929349
13487 3083471
7912 554307
12758 36790566
1076 36681899
18904 92008195
1654 4167245
14 85936940
16567 66485299
7789 69744215
14947 96457298
7577 9231778
859 23379603
8382 88980735
15594 36028104
14445 48877745
5654 36234965
19502 48930364
12590 49567404
2716 66512724
14414 86160289
5290 1129510
17367 65486043
5146 8993214
16398 72774177
8913 38249802
14851 89006698
2708 99985482
17905 82179069
6442 52125175
19082 13422452
7848 68197330
17038 57996841
6521 38963041
6046 55364976
621 51362605
