5000 100 10 70497647
16194 94289535
4051 64419329
25318 98061106
24270 19861801
361 99425283
32382 23942529
34681 52537868
17400 61310135
36911 71568652
27355 74643246
13662 25290728
21411 47581932
39687 70143555
5561 39529630
25330 44117882
17500 79406235
34983 57444895
2958 86387543
15166 16151346
27168 64913801
36220 27611097
12285 60909595
31985 443
26459 91035417
16485 41300244
7583 91945658
10559 19217946
15979 86026502
6233 71501908
16224 66818256
13300 88099762
14738 59059913
39185 42566409
42190 1050659
28835 4213152
11530 79327088
28301 59853495
35349 64489568
37410 14972765
36620 36455738
6970 26236353
17648 27896686
14849 72961692
17471 39848504
39078 91995674
36555 17632447
9070 57923957
53 25640093
18686 74656168
36213 11724473
19038 97687917
20014 15726275
13209 88837301
15063 69911703
8519 40773532
3907 65115780
37538 39801543
33018 64980537
4879 6935656
23165 62259539
25836 69044859
37986 31543118
10405 56584347
24813 27459182
29978 88906668
26310 15142541
8161 87784272
38007 49168701
35294 63601011
13640 32947992
38360 30480551
8998 23900781
31058 43592591
35722 35561681
42201 51259417
21545 54492281
17999 30229559
2336 47273092
5007 95734963
7193 23087127
37871 71464985
17607 28785272
21478 74131188
17098 88387183
8078 2067082
42236 47139446
40241 24431651
37819 7862431
687 17470603
6628 23585194
31821 46278037
10318 41550648
29355 64112875
27921 15837855
39803 68588718
10998 49522173
18313 82187354
31143 4335664
41961 8777771
30170 46567093
28676 19090726
3915 48425191
39123 69779472
5394 64062973
6622 52228087
32396 8496447
16060 18241995
37960 27530072
5065 43903539
29473 47235413
16478 34809262
21935 57578664
26817 27581384
8189 25831511
712 7153528
18210 52236713
26249 71137849
5742 22282984
39724 9465878
12620 33200100
7068 79026829
34486 12716441
29382 44259994
18239 84656399
11551 83614442
20966 5688494
3665 81165752
4471 87936673
37631 25181486
40912 97622644
717 91199494
25472 11095621
22899 3037613
42034 8287368
26260 77273619
16408 26713809
33277 35700367
40366 6085624
30778 32193116
4543 73156598
21799 75150189
20054 39263967
18107 94628602
39856 17579429
21096 46001529
1518 57177807
5070 70094134
40734 52054718
42114 6684737
40289 90667943
36816 54345906
9139 92775156
6984 61844706
40190 22522986
15547 94635509
29787 14878085
11894 79557380
4461 31134343
7972 86375397
35436 46512423
32524 68948550
578 74610654
13641 76996362
15259 69723488
23474 92040163
31567 72672160
3593 30289535
29775 88948695
39908 69340801
40294 38688416
14091 64700322
34453 91311064
19314 60224906
5683 18443685
32929 23675532
6052 36526286
27771 73679042
10484 89215822
31853 42835016
4605 39389207
30988 71847093
6964 33777601
26576 30025036
37114 99303574
6097 91747033
21332 68374852
4623 44074844
30084 53221410
2138 34647676
921 8449110
18538 41653907
42171 55979994
39772 8628688
29373 71041057
36139 56651479
26345 38855236
11802 75007984
9147 35667905
11701 52908189
4255 9431561
23062 25479821
21897 53618930
23024 42525034
9365 78887121
37444 31021787
36094 40528622
9214 84827980
1684 93041347
4143 46737136
28049 44920373
6687 27029021
6803 36919892
37401 61441151
6564 59586377
3862 12591980
16596 11520916
20316 99340704
12352 12659171
32125 24496539
10154 71554800
15913 83915228
24945 80710373
31951 61108390
15764 62199876
7383 90350477
18029 11234142
39860 95928564
32559 71932855
24692 25774535
25755 24235408
33852 53053522
13220 76438316
22496 53412523
39161 46776316
31199 85676484
31628 85943740
37215 30414538
21935 38334920
32899 45438538
12699 99368455
31210 65204103
4048 58201217
5256 63789335
5464 71018734
9337 66686008
8198 80446737
23266 83526819
39009 24650109
30901 51015245
15866 67364756
26878 42273894
16650 58799794
3460 24995314
40697 69244065
17937 55218568
18292 63771923
33820 36764173
27654 34071690
598 57139916
10675 95150082
14033 5377271
37035 48598159
32248 84998224
40803 30876137
19393 49707397
32687 25221552
3555 56582095
25846 69702428
29575 86188765
27284 57043966
19332 12591717
4096 61830004
17612 95305382
33880 2425750
6519 53508471
12056 28787575
13126 73172651
15592 52822537
32573 55666706
24005 46700697
4411 34455921
13719 49871747
13468 60976300
41151 25131777
39715 63553372
40251 88572399
21449 55507985
19638 78017331
25793 98820450
41183 55775017
39725 30535265
2560 16247367
1723 66981030
13707 14395143
8154 52768580
35958 80538192
36057 38050794
12487 30778869
30893 7533170
5 46192160
29512 43119094
2880 52264335
34299 90199666
39719 1956798
9642 63241099
34055 98898093
33534 47327112
17701 97484280
38677 36731718
11204 89472231
2728 78007968
17138 81757503
4276 5453066
38006 67602209
24915 73479722
13215 36589130
19918 53591632
12826 20258599
22523 19135131
21746 90360471
32840 32463565
31230 28668946
42112 56920378
1023 99131523
21991 90549001
35058 35668746
17130 11130529
13200 37132085
23472 82478973
6271 82086183
30868 23561368
10252 77590216
27537 60045130
12440 25977003
17275 72580565
23878 66589195
31638 58112392
23926 42383863
3431 73927719
11673 61201218
29131 82635493
34052 38066395
6364 66812565
9318 15382322
5896 84965478
27920 10282937
27031 21176523
37247 90712551
10947 90754673
38236 65434619
25525 38059733
28033 25928424
16614 79798308
30306 16237599
18559 62344025
29378 23235452
4192 26825133
35602 43778245
18121 41533031
24303 95445588
10206 61661776
2433 40058060
40092 98634383
33457 69092657
39065 52492870
28958 57756998
41244 71583794
29191 91757433
16388 4514061
19555 10140834
16959 37950202
24289 11837605
19801 47194486
15618 10929386
4204 67292769
37805 20258731
41841 17136204
1344 16825549
37660 43603755
40410 62708700
13932 25478186
6494 91681933
33798 56667473
12427 960435
10665 96467102
26785 28039622
30611 96993908
32687 51708992
2314 48009430
29986 85432263
29878 74046056
12884 49289449
23512 18524139
10785 64501905
32939 4549557
37290 63257224
28002 192656
1440 79606077
29165 43411227
11378 18041665
37804 44184134
1062 79328338
22845 90991218
26265 90399140
23705 98708412
31677 59335552
39525 34038750
24694 68969433
440 27256352
15557 67207136
36372 60681944
29947 14350006
4068 90436221
33611 70251082
29164 27038947
6670 31274833
24804 39406738
8607 69950179
25391 94156853
30549 21914957
6606 88697075
2072 18136086
40394 42391863
516 27815067
3898 73093210
23911 6486829
26661 30519267
12081 99682458
26897 67309270
39828 12351992
32332 10742640
38512 23120355
38141 6746349
4178 33063688
31687 53419854
20066 46284820
38606 88745507
18032 17369107
32816 56559129
27272 5818289
26577 45239081
18635 68460197
4434 38174658
25619 1746540
18059 43108901
29043 4864851
11337 10241709
6920 56517272
14066 73572093
20448 22923965
37782 49592310
25699 21625229
38518 91178747
20566 74507891
11975 89211214
7440 82422920
40673 45147651
33442 62724995
6487 24058477
26134 41322591
23900 83602771
24634 73535272
30170 79205352
26367 15865243
394 77182561
31642 79769394
28980 13030697
13956 17629040
464 45421664
4011 4463673
24013 24979463
34902 21599526
21437 90286062
17231 58482129
34842 53828761
10212 86544622
40194 51024866
1416 36308717
16097 47681495
13994 83007664
24294 43479521
38578 51638927
10414 21720738
28211 60719663
36753 61404898
15272 54291632
19539 4586281
32890 9027828
25955 65248384
26643 14249588
35137 72347381
35021 9025029
13353 65906809
2830 6118818
5872 50024060
21806 38452360
12156 56936245
33138 2530152
20356 64391958
17358 98315737
27177 33465856
17268 17213921
24456 86047584
37390 85440834
41930 98784411
26691 22889465
34494 53000984
9532 47020392
39801 82280945
10903 32496097
21141 94782045
25537 30841291
531 18588800
39777 35407977
11371 54170315
19648 13810318
31417 43880139
26916 78204662
28725 9782342
13721 81223691
27731 15852270
4855 84731250
1517 41060355
9465 87761048
18705 37407205
28643 60679010
2775 96238307
22840 41456596
12247 29924448
16149 50324218
19145 15620991
3818 24247288
14364 95158776
13872 89428854
2478 18613798
13136 71056928
9657 79798406
42131 3319322
32379 87539821
36403 49232766
21662 63853868
40628 62168981
26664 6464781
27743 79951986
25478 33006503
4181 73000345
13295 94410741
2623 8128626
30688 52215935
20444 99543340
36045 73242730
13072 5295801
1268 78904798
6573 78932602
14237 4728198
26383 96424351
15459 95626200
10032 33706945
37917 14735262
14641 90996563
15274 43935136
15456 1401965
10731 66277246
5925 32948099
26531 12120775
32327 41839267
9646 8124411
7670 43437347
8039 13299248
28472 5990181
41129 55568022
34041 39125865
37349 13524217
32318 5801556
23501 39008095
38053 33550301
7432 65827731
17041 26321813
21286 96999209
17324 55630863
41292 49310407
9785 46999843
36701 2154254
3504 96980379
7564 65323491
8668 33480950
36527 10417797
4674 24602088
36480 97955978
6275 57234198
25603 84750819
40407 24940009
5276 25736766
8940 87716232
30112 15564438
24075 84372312
17566 98366281
21734 74826015
27180 21809345
40659 68490390
41124 79809659
33134 13057054
41733 79610860
16706 66685823
8407 73095490
37586 19563616
25052 67220873
16743 60941212
621 48281799
6586 20726318
35858 97037243
1529 33753786
6172 88987138
7084 956763
32412 32902547
17793 2962025
4507 76451198
16366 7972368
30386 6194574
15801 38661601
5751 51094565
22501 89652726
38819 55245194
2782 68822133
6578 4284086
19869 72405934
23939 47163434
29467 54273909
28571 67255873
13159 51979761
33990 24677826
33912 70419683
23530 75993569
26389 9707435
33047 5566595
148 13994560
3016 59110605
11252 80009302
37758 11790280
22926 22915496
7312 90896238
28424 74944751
5844 6513854
11058 79242950
1879 84449332
2836 31477204
39080 43713553
16017 15288888
2508 32805291
15920 54411618
26249 25881712
7960 47549398
22627 29602520
12751 4380821
17157 28906487
12158 9983518
28168 27650452
5417 15411454
40124 14146929
26168 12966738
24604 30909819
19523 60239772
15448 98857181
25687 99363199
19599 5557688
29378 70034358
7371 74697347
24809 21464421
6247 45142456
40079 98209019
22933 5657912
31785 51400725
34471 45637158
34809 19989022
37588 13982936
24036 10896700
31633 29916054
25269 24548832
28797 51697837
14734 60435708
8046 30203200
35895 41211277
31147 48053823
37371 14233118
39915 93553645
36664 72277927
37125 20634674
13341 37552625
5044 43007184
11371 78572271
8519 43013760
4217 6915579
28663 18154500
28885 1703051
38183 7892794
39462 79624215
37428 45125178
11343 48029245
1239 41060248
5361 38891634
33601 74704500
11439 86341803
9867 39880918
33671 19160062
22626 86468780
41454 92394574
30145 92234009
12949 54928708
24853 83290917
7616 32757199
35150 71286870
8658 34312410
37918 90765964
40545 62107403
10366 97120371
21963 18956457
29583 69717654
14086 24713102
42093 34225393
4058 45003026
236 94121850
37517 2693066
32834 41740458
30842 49260720
33952 66769885
12071 68731438
35233 51948391
41072 6985157
24640 37901856
11702 27056919
18870 75124301
28669 11879802
16764 56344341
37601 6956880
32164 32982421
22970 16296611
28823 46906563
4434 65976482
10345 29127804
18737 66194748
15385 2287826
12791 86470798
1233 43002739
31208 49466924
26827 67581219
10575 20959526
26271 27569924
1589 92580179
15606 74464937
1286 32033055
22500 9046022
21823 34551629
34439 67319344
20418 97115958
37398 68281665
30733 44861191
19659 3269596
18884 24805709
39039 77304296
38720 32209634
439 55829181
27046 45140091
30190 91041193
11398 72346074
9476 42290034
35219 72953488
28895 52708796
32996 59804993
16905 60549580
15555 21507993
26175 25264361
22568 51917089
39509 50217525
16422 27322645
33196 3511785
17637 29956392
3829 65217792
1998 95256424
6925 65333106
21468 74281467
18035 24497980
40334 11475548
5076 7256424
17701 54783972
18092 33234196
34025 1669953
21196 47693854
5584 87032514
39697 30309842
4431 30465905
10755 78920143
5922 98195297
358 88035133
32514 52913272
5226 66086924
15641 66024083
10061 26946046
19887 72824384
36742 1296524
37118 7041178
12495 8933026
6539 45545629
27129 62298174
1833 7054613
18039 51966007
4898 83978699
12243 2975520
35334 27540437
2650 80658422
11840 49411597
21223 7648448
15047 42362954
33152 45451664
38377 21313316
22218 95312047
24121 33795261
3772 89581978
18101 13388306
26693 64435387
13209 49520873
10109 10479790
15178 99803897
12838 68189921
18864 56982316
17753 7798044
15320 48110042
42096 74345947
11911 55073691
14998 5660335
2276 66545800
25176 9774206
13582 10250160
40968 32198305
9545 3752688
35528 44081386
11787 18067790
24772 39289486
9641 20532838
19129 97732374
2796 56327751
8906 88941773
17509 26009614
32394 47427143
25642 83085331
29405 15019369
18216 59092565
4013 55004898
33225 29182463
5132 45497543
12035 88869599
15220 38725065
19905 49172809
484 77325429
19255 38010310
7748 52253507
6191 33104573
16032 3808560
9307 4483000
2816 45230197
37471 56839533
20609 42232167
36498 90075845
37181 37791175
3210 89472972
19930 4709811
24625 77900352
31023 90312665
16795 73965779
23773 1811514
8861 95212249
33966 11346856
40130 47776653
22662 92463713
5862 66391119
34082 44860688
7396 2976180
14502 91679103
20965 89362625
21055 64826685
35648 17791701
31376 62210873
17787 12971373
12241 27797920
9388 25194336
12283 3945947
17231 36190807
9166 1239759
3685 82964571
14235 41259817
7002 36430087
10622 77619046
10446 78246065
7989 84974645
18459 56317484
39497 3993345
19725 19337828
21817 74833943
40709 23760461
13746 76795410
19768 37274001
1952 21877735
21975 1066864
36011 62464972
34901 69337319
27163 38419829
6001 94877999
5998 97690027
4560 42886081
31769 98281811
26941 37498707
26822 25829103
7318 20995727
25831 94178441
24349 60843966
39776 93710985
15303 4231561
22768 76615480
36757 91222567
4590 41846213
24508 47837946
21000 71359997
19234 1337622
30867 73389065
24896 9263753
30724 43427269
41340 73946033
5941 3598996
5579 27468475
38338 92214300
21046 21267640
23742 38946760
19235 54030358
7234 30797627
20773 59675397
35089 63361868
35533 5426234
9397 55261992
24738 8804594
12169 3503913
10337 321934
8909 17347159
7877 73736611
41988 74242432
30533 23756296
1126 42033879
7528 4898371
21534 70523138
21075 1575584
24408 61730711
24504 78997309
20736 68764324
14978 12330796
14197 96220105
28138 5193725
39047 91720089
18956 51687904
31804 37332684
4457 35046108
40290 79145953
3206 30548201
20175 56342694
7935 7193176
29454 51924358
12130 33219302
20555 22536093
12751 38747648
4108 49156507
21120 20359437
17141 24730187
28582 97616982
29385 36101526
3536 30550229
24068 79762106
34374 37525679
26894 29431447
5166 85120596
40270 61069509
30431 65156325
34067 53598884
14933 26648936
28891 15624943
3351 72468098
13154 68991380
35215 62674415
23426 70897050
36180 67720900
10728 67145340
13393 85465491
39666 68900171
40805 58331859
26998 48614106
13022 36622111
8769 88282580
28340 22677482
35710 57703120
39110 23049146
28699 19755706
5038 38109514
16630 40861132
13801 40017710
3443 18624382
34519 23789462
5180 58526092
40923 85193522
29285 37278827
10799 30790586
35137 39494188
22944 95576549
16971 26740190
28394 74690937
1996 72613154
24720 57771374
17403 45773679
14200 86148652
11662 54213873
15741 3425697
35724 86421325
21233 11124331
31778 88986465
27402 77406384
9063 44875938
24783 12158227
11718 80642372
37803 17179599
6450 31021512
31067 44342225
41139 94643323
31096 1036232
35241 50510840
13 32084518
22994 18383950
19750 30079322
41879 67758079
41274 54785396
10577 42554210
42157 35526190
6269 45421455
13537 76832978
30150 12968249
38632 85962742
8885 38399465
37001 140781
40968 84934919
16004 78492495
20832 40878249
30549 45203178
7636 3636284
1937 16583827
40979 21518857
30609 80655261
3234 56077356
12848 56535919
12929 68898572
19445 80078991
11332 79897827
21331 78372935
27168 1379405
19938 56372785
33868 32207081
9523 26792788
35869 2991349
40177 37380234
40069 52311170
8502 30538349
26976 30365988
31997 42935798
19314 79891413
31668 40458509
4836 85356967
16975 35689511
538 44128290
20297 36068438
4076 97608867
3280 36854723
25874 84855559
34295 7933983
2573 93192534
12686 46990894
15979 56827334
23082 71850084
1951 41239206
14817 26153019
33530 14257600
3205 27469661
31206 44698085
38446 17385713
138 82254322
9147 86850422
6415 50928079
34114 14711842
17187 44901713
35684 76146899
15 72992746
4053 36114305
11209 53183389
34816 69529754
23866 22750272
26381 20585918
37770 67327006
3200 41655144
33677 16247455
16203 851466
7826 65011362
29984 30881319
29733 68956090
22396 4239432
31900 73271690
16376 56984755
5842 8556829
31820 81117220
39520 1063450
30212 8679165
23707 51362453
36264 65854299
27831 82353367
3677 30714551
30807 19066654
2760 49618953
29140 76816962
28741 5050161
38494 31126138
13231 64663559
16655 94708630
9746 55694969
41992 14747375
31504 17522030
7595 92491868
18121 44657252
17702 60498983
217 15060133
1288 70537347
6433 46485878
41898 82373405
4335 26198369
25848 81637807
37349 9996123
33910 93054477
7959 74710830
29885 48824350
22758 43544918
923 72250692
18568 36931607
15372 39784496
31776 61113234
32726 44616762
20259 684886
19797 74464403
7761 4758111
27841 95791947
40171 21060880
37128 14721364
25468 47742756
27493 58233039
29040 48055300
35042 5375737
28648 28178170
5453 5183519
36440 94885343
25556 99214988
37810 50284198
41861 84688297
33948 11502213
34457 98139849
30791 68506861
37716 99733157
15379 28910608
5615 73141098
11060 74746714
15925 51623303
32138 43464230
33549 14402233
36630 87141822
7394 89268530
1479 17070119
40678 90542095
24840 84831621
39009 70839754
1331 86899444
42149 65110511
35157 67944105
10521 50006752
11842 31814542
33035 26024429
33155 7038339
4653 29363271
7366 34646773
33517 74661321
10811 15867608
16458 56332113
7469 57446074
35490 5324748
39068 27137304
40793 91127882
5100 97660459
22217 74475758
27985 73598413
32445 14975629
40829 47630360
4380 11974212
21879 18647791
4457 57687620
31146 90135691
22937 80115863
12492 1311497
3944 96490082
38182 88354888
1966 53551619
13327 30495685
25086 34561645
41184 53434246
335 46277060
29737 86036266
8389 84961967
39913 7285452
9730 93368030
13758 43306366
40733 84260511
36071 88437296
36558 96994412
2457 5857055
18221 1022717
21588 95299324
25327 62220488
12644 51770189
37252 6467506
39368 58335888
22390 84753447
20065 19029960
4850 83071485
1291 19167945
29207 4765007
4632 32527869
9650 949072
33002 58434597
30919 63230312
36406 43944330
25794 58503595
19024 23860070
347 70071368
927 22538920
35193 85867399
24884 34316146
16837 30279667
38059 92852612
12364 32177871
12133 94823371
38310 32043924
10903 31001101
7166 832759
35819 35969184
37105 53727350
36921 33348804
37657 24189872
13413 37987733
37310 90388190
25301 23316468
38545 98950518
37524 99392787
2571 63495072
18721 47614042
14326 61815012
32371 85132174
39576 22305007
42247 31884636
2661 58085325
309 92233541
7424 283686
36271 76559972
613 87823924
24738 71251151
5675 32623415
9819 59500407
41875 57232937
41254 13320471
22319 56171297
1032 68917305
32481 55888280
30932 16877949
26373 75215458
26236 53847405
8378 69132757
10451 50146162
5427 24179643
10580 98922705
3844 46286544
27874 47764737
27008 69774180
37650 63000245
34733 18674690
20766 52767832
38271 37255230
35348 97865000
4897 80767321
42202 23853149
38851 68538238
10000 94316267
36635 28814204
4683 12120142
16870 76201268
40058 70030119
34492 86249409
22188 6430476
21108 77576353
3607 88063411
3920 45751438
20331 23613383
3913 15032733
12337 81182883
29397 41254037
32036 4299185
30415 87769291
22915 99979623
12184 48110586
16550 22093695
34817 28175318
7509 51832371
40023 14951376
38246 75481020
39232 27693569
24410 41295125
23968 4375675
35040 61484380
7859 38903245
20601 67724814
1309 52735999
12942 42465910
36325 28188508
40426 9605138
13152 59578004
27259 5643653
29067 81371704
16670 7210753
6116 15738872
37659 93883514
12252 46236205
38197 74426505
14248 52603500
5752 75052993
20007 83610852
9060 24180380
20642 19834512
36950 29368494
7556 61608176
12913 29354819
41791 28221522
2284 13972206
24636 92474496
5127 63465363
23568 3874733
25797 9194867
4247 45043868
5647 5755523
2410 72048610
24513 41670466
21663 76102677
19598 44522666
39486 37529841
6710 48992913
33317 70413849
1357 25356902
9492 13346204
11145 65777654
6507 13028420
6533 19066774
709 39108246
7546 72046795
11807 64399365
7362 86832187
8503 11127188
12499 97140142
41314 99386204
22168 40716110
30296 20586673
27235 88570415
32413 68056756
3900 94668598
24189 5772777
9640 92256365
23272 42205621
2422 40737054
40459 44617484
20893 17982334
7072 95618873
8134 3013881
1782 85833527
3483 99008630
36640 94333184
31334 74652129
38440 81950115
29942 10953084
36858 29666213
4106 36442536
6629 71100639
25350 11789244
13830 45054745
3579 47136480
29696 70342853
13992 3721783
36638 22449688
2040 25224139
26669 59406040
23168 46019299
15085 16473861
21592 73691786
20509 36410325
15726 53463552
860 47815609
9762 59064586
17488 71121341
21301 37255214
20625 75896481
1089 5848316
33263 2026861
28742 64717412
21117 21338468
7714 85276116
12171 66690672
2442 39516437
27036 4483197
22432 86621214
33311 2885798
4305 64519117
33855 29990854
33615 74650360
41134 46953886
32358 17288282
29494 1329973
11474 74122406
32439 90255753
32051 80349735
4604 28781370
735 44855083
12298 1953971
35986 83669280
27213 50096096
36577 4879747
38228 62891612
2132 61232357
38860 45498920
30865 46511013
32315 52820996
6932 72852229
38322 44484949
23959 10024155
34487 38330806
23711 98851277
29381 61032446
13608 67616922
27624 80594232
30710 74456290
7406 74093048
14753 41221278
7562 48734901
25155 82383478
36543 90852706
33853 44235683
18636 97726491
30060 2857376
843 64062548
35157 29468496
1376 8288126
24119 74538234
33011 77058837
22132 84823341
20928 45957711
14865 45892454
19522 91132020
23665 57035420
38459 42083720
15157 39133447
12278 20829743
35207 81642833
31448 52973396
37568 13284027
18678 2414444
9273 71945651
30986 28621352
507 32539494
4726 41155394
24025 15849611
17134 81675171
11730 7163866
18204 1372149
5392 65190466
33911 8650889
31057 81425000
19256 92725748
18754 553219
38969 52600746
24647 15251441
20396 14138826
19353 18234113
8964 86197329
14772 48440368
34456 73169148
39344 66982182
27383 31064748
37942 80167863
28120 43378038
9688 80925471
13580 7231299
7613 34025912
6402 30451009
33237 98172544
16297 5965434
2412 43099651
41500 5653781
37771 15380790
25536 17140076
21895 24236538
6822 33143841
19019 97669896
3661 17881120
29489 54194543
7733 28228793
35465 65804439
21573 2503190
38060 87933491
11097 39442187
23044 21038660
36618 4562724
21828 18028233
31131 83021131
36020 54583968
27625 49746534
24097 42986784
10502 22555579
18349 52131669
7516 23527144
37901 6728562
36711 93962578
20473 92248733
23881 77396057
35957 81936321
37267 71320964
12069 14762217
26108 24662348
9136 91132898
935 66199473
21344 60361039
2464 77053724
38873 3869087
38255 49037208
19085 45078707
4453 14843320
2671 76836641
37789 76856623
41101 10304371
23328 54300303
4087 23607276
35451 248377
33872 6537659
42009 23676295
26235 37626909
29816 95903775
5111 10854480
459 53852124
29157 77599507
8644 23240675
34181 27970037
12666 27001836
38173 51922597
1648 78924757
19563 58111139
21510 59500365
35268 11362679
31762 72604260
17912 89692172
11541 20603600
16108 38672675
33378 77823382
15289 94497580
6854 64250722
22247 87081191
126 99808006
12507 30608096
718 72374260
4898 30668301
37391 49790367
19297 37040430
32022 75530559
15254 74072179
31143 71336152
2734 44415374
27009 48632489
33738 8447129
23971 85131557
1662 10647730
911 80074500
38279 41906381
30034 17812854
31953 6692348
8903 60077875
17028 46518836
2965 83689145
4587 24191679
40587 84478727
6209 59870875
36917 19577266
13807 270985
19740 39890651
23707 47181979
38224 16695527
32277 26920839
33189 60591335
24083 29168886
20735 93858050
35627 73624008
34540 30770940
17584 68836872
38678 8734814
22188 26196142
25923 96325113
8129 1544773
29295 42869619
34205 36628488
19177 15566576
8228 12815182
32977 46672881
3975 81548483
2410 13595946
36828 90701109
25746 51611307
2480 18938977
32548 89500665
5228 96842333
26147 33320752
15670 43965373
5510 61621844
22348 3097302
37690 99842257
33537 44800789
21902 76052609
13661 187289
23923 2384697
20439 82506058
21560 97485845
41433 80983695
29114 42564989
23075 83995752
13675 87698522
40326 82817486
39630 8909264
41588 8214196
21446 24809358
21598 80055276
27927 3553640
7351 45093152
4338 34988389
38316 7364444
14514 84565269
4290 58386433
15414 68110375
33076 36180971
39334 91809152
13628 95257371
26106 6047512
34482 58076005
1298 57374069
18314 90520588
5185 30118052
23532 59351394
2485 464634
16549 70826998
27761 54757692
27040 77858813
21057 73094650
28045 73890428
18705 80648078
38740 56913093
24710 82764474
2395 4481257
5716 35278027
23989 8801466
20385 33880167
21714 27351876
31912 74930623
334 2702616
17781 96180521
33176 15880984
29489 56753761
3299 95293880
25152 35017747
36713 76086140
42162 31772060
1289 88123056
35260 90202403
17080 8381225
32517 12710631
39945 23165230
33069 21537450
28169 63105370
14344 42253081
6816 76896035
37342 44370304
35409 46920872
41859 91549521
16770 83488829
11704 63915413
18307 42233094
36374 45090556
20130 67773063
7191 80509519
12002 13289741
36020 98369684
8093 39810949
29090 39488430
41509 21407912
14462 21240657
33300 77724169
29969 43597320
18027 19251379
6810 19376146
4018 14230462
3763 62315179
14031 84011736
25832 39336059
19209 95215046
21067 32971792
22428 13065729
32855 49992462
25569 3764963
8435 8309349
12816 76255107
22841 75993175
16352 193672
14218 31140671
24030 59770041
26918 74701612
23452 86324729
34284 30464060
20515 49455230
21340 74637617
34791 94678403
12586 58207767
6932 91467238
29392 65653515
14824 2713826
7017 20405077
10421 61061927
15409 85464563
16274 21021452
10850 33217002
26521 19638403
18049 54791996
18146 49968110
37153 28815950
11842 12605233
20036 49126321
16383 63579329
3245 20060472
19715 68050671
39726 2795121
20161 17225908
3832 2249783
10207 72114803
41267 92059786
24733 9352284
24527 73927748
39581 38228107
8665 87470172
36561 19008505
38039 92652263
19793 72256042
28643 91413726
32349 1629025
35356 95914643
6177 2220890
36300 45476898
21218 74426315
32786 97734633
1024 40473732
7603 92193725
33607 20103912
34753 31333056
8313 52390274
30308 51560941
38932 40122055
26884 8045222
33860 38508141
28508 53246173
29067 15965851
25711 14849567
38340 386933
3234 90149892
9581 60569498
32635 26387071
17511 35228001
28318 3385599
14020 89734974
23699 66180285
5882 11070940
8859 18556732
37838 14470783
2933 16087445
6753 31093606
3086 98148794
2743 71010787
20761 70278904
32459 25841178
8079 51243673
17757 5862378
36556 92486611
30649 48727894
36082 96422293
27338 88139922
8654 85620821
29272 32860157
19687 50403858
10998 83295859
38200 52826216
3757 88341274
37482 13965275
11734 16489724
31494 88298838
31935 97189328
27885 86290635
21939 69689608
26611 96658438
36753 79682161
4695 61913075
29913 60716014
4749 19549298
22818 56744153
25687 45939815
39011 88960812
27433 6945829
38780 54773746
25135 94203204
22551 57671636
2145 18627076
37854 74560906
3571 62945375
1909 88727663
27863 15184369
314 57717249
10191 88748260
21774 29664044
39108 69558491
23287 83283418
12015 78964561
20029 19297042
4459 54579022
3755 11854199
16761 50366962
35920 83800621
30490 81935856
32847 31460807
41004 55128393
13940 9517749
23115 41114646
35032 52442910
28391 90700966
32157 43193168
8836 73547855
31686 80790469
25179 51237170
9995 43455511
17962 79191004
8929 59631122
40057 77351898
3326 56101061
18015 54309622
4001 56685338
20626 60266690
27279 32267130
16106 38470790
26744 83760595
26555 19333347
11389 94463918
21782 5946703
5938 97909971
2228 80374603
26297 68032769
21638 49191545
38824 94156277
21727 76128339
31635 38347550
28020 42851911
40413 92392329
29443 18785032
42084 4499939
37440 14402205
31697 91460283
27122 20247002
6823 31649459
1644 66211293
11349 88410282
20649 23441265
42187 58667855
22568 41655999
3376 4208958
30599 8114175
33734 738651
12299 95138453
6658 6601041
7017 22823145
28942 23695660
16963 4394218
7845 23477254
19208 53596497
8473 55867630
19385 37202497
589 18910038
7164 58270020
23973 38309277
31226 35434729
23724 17710357
4012 90107447
19837 47031344
30997 16612694
41963 4202091
16888 17249717
24122 76661189
4767 95570047
27634 98801508
38591 7781509
28737 21490686
31794 3979756
39661 10660473
13755 70494969
18386 14692148
40680 96520689
14243 1994955
41219 8400570
2654 29423093
2226 55175036
9622 64449103
22959 61522936
2663 46585041
7363 93765088
35612 58775879
10 5088392
11367 51563308
35328 25699993
20458 76350629
22101 16226235
1501 7157364
22606 80994338
6866 4407764
33735 10694971
35434 66924525
3834 67456042
12817 90811113
20452 25000273
4216 38588313
21642 87815408
23466 25344663
3571 82663461
3152 7004653
27514 91648104
37678 9591120
12151 31947115
11788 73137615
30788 78417157
40233 54852714
12085 63892589
15967 7498488
20116 5667221
34667 12843962
20130 88222108
1990 54465560
20364 53829172
13121 21457669
1942 61750898
12530 49888792
31839 16850308
28767 66306045
22993 28744750
28443 14255228
861 22021743
33787 48790387
1477 43401535
12775 69779317
12144 7114830
38026 32252602
27977 91604611
15698 76407159
15170 19044737
21972 39475474
37047 31359854
38523 39227341
26361 53876883
12268 49523937
15282 50009750
10573 94816244
8780 85403460
12999 10462179
35765 52411860
15760 77873751
14868 20413831
21835 59896332
1240 49360868
40883 62484931
8003 86684671
25477 54233945
4795 43841023
13329 71287391
38727 56543729
22162 32855892
16005 37106846
11804 83617678
26791 23795121
18952 56348006
274 79354057
9857 88250023
30149 96864463
7684 64302683
18921 36966199
31710 19663642
18859 81264371
13626 46728100
36670 24907930
38721 22823302
2248 43859524
28800 40521492
1055 88384035
18903 8509380
15104 23251731
5884 93418841
14218 51595496
14431 54890028
39389 82331572
17409 99717995
20378 51013030
26886 95464993
13744 50828281
38757 9899149
9118 65241289
25205 9704223
3539 45950701
13530 42583535
10091 31913941
24395 51546597
11940 68466654
24485 10287812
29931 79150655
12177 73554813
2683 89403257
27022 33296350
20357 50203502
3950 77726393
36071 75987141
34212 29284347
27623 72864345
40466 2845595
20859 46763342
19667 5666136
28080 49038398
32012 33842956
15993 54694524
15875 42599906
37064 14341313
30726 47843759
33504 41943880
12505 49193562
11049 14934158
37658 45695518
814 67061850
42006 84666082
30680 19001140
1252 11257594
1646 37973512
16097 96958117
14678 31685520
19443 9549666
12043 79964546
34337 72741576
39236 68304291
38551 50566782
22205 6758150
42083 7428259
9162 79196651
22026 65129959
16790 80619995
30370 38701049
3638 42340423
40662 70418321
2237 24431430
18922 72358549
20350 55726568
31498 95013346
15335 34057787
31196 35029677
30291 40856611
34748 70159306
20195 37873155
19357 21823421
21750 83227695
23245 15844660
4808 41782126
35708 21017881
34933 9537057
5687 21985540
40566 63845344
37996 90085437
4625 76252304
746 7779378
34722 5370058
24227 70221225
1082 33438219
8857 98874134
984 70484449
26500 93413886
27338 12683640
10972 22592538
2752 16320608
32549 96137371
22442 87562973
16507 12342504
12541 12467000
31361 76012934
23390 92559428
29082 56578451
5700 31634073
30562 1705212
19722 19696560
3925 88900019
25374 26309606
35396 48925858
29867 44088804
26511 98491716
26654 20161520
20001 43816133
4733 65268350
19541 64165516
40707 63619282
18350 24003710
24660 29003467
29646 11657253
134 7381838
21053 25709833
7065 13941813
24472 22292112
13145 49440110
26804 31761018
5629 47769072
25327 11487382
11767 29914526
31076 80687790
23487 63978504
9639 77950931
8957 90064461
27684 88809200
25118 82536803
13675 79705469
24977 66345272
29018 22029743
17448 25057858
14178 25571208
20796 68056179
15256 73059586
35948 92617665
16451 36272195
27563 92366835
5866 70231419
5582 14329644
22682 88975829
35450 2653344
40113 75978386
15135 83284188
27471 80141492
38212 13615509
29895 82432897
25461 99009443
35949 18204040
34752 70369036
22380 35407225
33440 80843299
25853 38035244
28009 41155759
19490 34588178
39180 13998070
32042 12395861
26146 53865389
34590 6874265
33380 96574454
31089 39295389
25987 94219696
34690 53896034
4450 34765096
39358 65327466
21237 15880053
9296 68120833
42220 24930465
15072 22449838
8520 71971796
3213 74087979
10341 33118376
21723 55137632
22892 79890791
35509 29166047
33857 54060358
27257 91687912
26975 42706075
18731 46541899
31978 70200373
12279 35121655
19219 17636761
7284 35320130
32590 14431269
39105 8653450
6615 67324337
30462 72372932
35315 74257974
3140 92459183
23982 42038814
5827 30614011
12685 42603018
17076 49411931
2468 20402223
12736 67812968
35547 12855900
37358 29199375
30501 58693463
23642 73059888
16695 74805826
11639 12044150
12504 69487472
24177 47605581
1724 16960350
39633 97894213
15662 66722698
17152 60131041
36286 55842852
1613 99667514
11687 58013155
22898 19364024
23276 22931458
9438 53878068
12336 65599256
24306 59782358
3265 66200351
28207 87567951
27742 13792646
5240 31949622
29397 80271001
39083 42268513
40030 15901116
7013 61352120
5946 64458879
22509 53021748
14932 33532822
14563 98373793
13100 25981875
7467 43121906
40992 36738874
30334 84502566
17414 32279829
1678 43659752
18363 12276754
24320 76825473
1487 63002266
34471 97090510
27076 79042597
25272 3163703
42067 71978618
34565 71006214
34839 33603927
10689 14492072
6736 79180924
6982 3683285
41885 65550948
41681 23891727
11340 65289073
3848 43903253
42232 48193559
19114 27662638
33223 97371769
26889 90099208
2508 35712132
34972 72432194
33548 54481066
9011 65718542
10012 17851119
15718 187147
29811 42857297
22217 17984546
17758 44572636
22343 58755375
6650 61944105
452 92460241
38270 80936411
34254 73849842
14804 97392381
39229 7238898
4651 62244665
11583 93311615
35085 28142204
14023 9843428
32249 44273475
11542 48058070
2138 18933711
25104 571722
39309 12951594
32905 78400762
23334 67018430
36494 37549716
36835 96016587
6320 26263021
31283 27864960
18647 79029833
11097 18205715
23829 64384412
34734 88920661
40976 97373946
17289 41807471
28435 25357614
27928 16507337
23235 76763882
8423 85256434
20635 9387334
31149 31058352
8844 52746057
35314 10852960
19015 73000260
2365 17543701
1923 86376601
9543 29404246
1296 87130039
21345 30021557
10652 4035396
36441 34968705
41972 32570211
64 55322347
39045 85967677
28785 69531442
32201 97886349
16201 94808414
27311 80181085
5906 82157836
17504 96895647
25640 57727791
39859 87967305
37134 86549614
29157 57973296
25079 64634033
38764 40916552
20548 43918055
33327 3595133
11122 40369913
21056 97368239
31444 37434174
7279 15523853
1739 98403346
40811 90420316
22567 1402636
42087 32779071
19393 75620916
33087 98778816
30538 876424
22443 83774407
1445 76309861
16530 17629548
41337 3210427
26517 24501023
29667 15820195
42063 5998047
222 69640203
8149 90529663
25583 17226838
1562 1121084
6668 73298646
3795 30276253
24987 7162884
32285 16122798
40777 43356238
10535 26066118
23373 77104516
5867 92410368
26619 69953051
24607 23895283
29653 43813359
16789 91543969
23449 51415230
23792 34013464
15550 15539963
38833 92304247
2610 21551057
40234 90274524
21161 56668274
32819 41785954
34685 58810879
3553 72206964
20116 64064091
22161 68746691
25715 34045076
10458 72306742
12830 75051657
34940 43828350
36096 98440695
26962 141661
33782 65492715
15515 55335619
7816 20059113
13686 68274066
27661 57040170
32567 29268252
31511 30428445
11752 4282798
21405 18608901
40014 33542384
22332 70704168
17971 35545117
19372 22216189
21137 24739066
19080 9731633
40721 39670246
21331 22359339
30906 14784473
11378 45648713
7821 71662193
32748 45634912
778 71056286
10114 54922014
7235 75588598
38398 53401277
36381 31217596
39373 67496460
37543 69861272
14700 51168884
13606 67918589
14216 77030121
28293 41157571
9955 7627405
6346 94324265
3183 44033288
10070 60997706
38465 19433256
41843 70764261
23379 59909428
29795 52918889
3764 8000194
13855 89932504
27965 3415551
1275 70242008
17516 59426818
18096 68001305
10859 98265785
8931 88362751
4981 70133625
42149 11685661
13355 1189827
36051 56351465
20808 57253712
7837 47494705
26364 25984938
39571 35506550
19290 37066432
14918 14514492
20306 37749182
39616 99122
23030 75433450
3161 38665643
11539 82292008
4400 32108778
19325 14748116
16639 71625250
6205 21510511
34198 41593731
21932 7608794
4807 53476419
29364 42018383
20077 72611569
13286 66938376
37561 77115854
884 24398914
5021 59412615
68 50348108
41714 78564304
12230 30139358
12037 90098454
101 59500226
13932 65858121
31063 42216772
9185 17324016
31817 49056641
8730 88452003
16112 59783406
9227 27708895
5453 705986
4643 36442045
31403 34556077
14162 77453616
17847 46449272
18943 22577007
1382 19207356
11328 26508808
17397 26915518
33959 17267376
15042 52335134
849 23990561
6833 5391828
15477 97499503
30341 26022489
2041 96929721
21189 82549499
26041 4349727
258 34259131
25714 54526114
29685 42853968
32092 9813385
25333 94811287
24506 45801611
10333 81205475
32843 95891800
9047 50176731
29976 39965088
1012 37357630
38826 73260146
19854 15189341
753 42624946
23416 8594338
1073 19877120
604 33810721
25690 76078225
13096 56539060
19098 43758718
8641 27246508
30857 25593505
9507 57662020
2090 47025296
12874 46400371
34435 15923663
19171 76971327
29149 99654473
13521 64406381
29765 94932212
40606 94286797
2263 68370541
41537 41728919
29241 9794912
1219 35373080
8545 2134679
41640 48146663
20789 23587923
18584 54246194
19398 66163786
30811 10119955
29254 84404567
34532 28820316
38703 31768302
29956 78854813
26641 71260121
40959 41509847
19210 6271833
6555 89112132
10352 34023098
4228 22136727
1544 39621153
42210 16402314
38667 28608425
29122 38855000
33904 23811426
19336 81892365
9307 36066238
28999 44791386
1313 56455731
15872 47051407
36956 49304162
40770 19862866
4505 76832724
12055 24159092
39009 85976562
17665 99529953
38016 69095561
4537 93839496
20063 91613480
34142 92476197
1030 34185803
24563 23640899
6739 37597596
42258 43119286
11911 97111189
19917 21769179
30443 31248299
4425 54507698
41618 55639747
41761 71453198
16673 77478961
28617 72246729
18694 39431771
30766 96794860
8465 3813425
162 98986509
25823 68672325
3742 13283974
27984 96092398
32570 323249
19613 46573953
30413 92135291
12567 16240826
26656 38419628
1015 30342484
34205 66013235
19191 33372330
14030 59428672
37628 9378894
26339 8882056
25186 98010943
5284 56224253
8967 83012325
33268 72953189
12768 78427840
18498 24824664
17717 47885219
24090 7856750
33447 68635649
26121 88522970
10511 8665556
36061 59315932
30585 97828875
25328 19874691
10369 74968137
29788 72916441
27864 89141664
28216 92178700
36054 51165274
15435 56291418
34759 90924680
22855 59627611
40586 3108741
32457 55452296
39343 66277091
15933 70722525
26341 51027825
37297 22013238
17568 1299413
40622 8580821
13685 23161029
39358 1762983
4875 15670661
28077 89489388
36495 11589926
31402 1461753
35187 31929592
31167 41324506
8640 81090078
14985 11815428
21594 93268421
39488 27342522
32608 17609114
20344 45669298
38803 43760042
11720 47692431
22723 40780087
9519 84256470
26089 48429802
10178 75803036
30805 24559368
41275 62534335
3276 90870506
6944 96559997
1245 5668347
1551 71844107
36757 43429731
20471 95749367
25262 1058741
10889 32463726
1173 53217842
23990 69288912
23383 34644275
1191 2965029
12757 32323944
19493 95610158
36860 61065559
25037 18404976
40647 19552390
35963 76413002
37820 75856751
6383 76673859
20204 99960090
35290 85358033
17365 71390948
8923 50870320
18484 3010620
34389 18606719
8074 26220966
32990 25761677
22815 5372518
22135 67944574
12643 84549033
7249 18374143
28850 53830875
28789 81838514
14332 95560607
40640 54006814
11722 35968303
29699 49055881
29546 14735662
31535 84484394
13187 72601785
31548 60433881
897 29695567
42092 62400365
16413 12600099
33083 1506163
26883 69210841
23998 6283260
25195 67183803
21796 5245696
37655 99150499
23760 10781460
3545 56166413
20115 47510759
33732 12279895
30818 41164709
25011 87602619
17876 41253488
26297 45343205
41575 4882624
39679 33998793
21463 60125141
14383 78785445
13642 78767703
39899 7046528
28802 13746363
39527 814965
26323 93832182
5413 36881516
17815 80399805
5525 25854447
35761 39075796
10393 28195809
40355 35787957
21044 36499489
29097 83998671
13723 99575720
26677 78740621
37673 63048565
9336 29363117
25454 46554428
12260 28808473
40397 20153655
7446 4350772
34718 69016301
34653 58712935
23591 58831444
4387 13360518
23444 83150719
28416 13082619
26065 94851760
12648 42664843
15511 46237806
9546 77821349
29341 31430141
30150 31897817
40931 55326651
19169 25353962
30690 35863298
26532 32515479
1572 66971664
5045 52266699
30991 94049850
8844 17863065
3870 19808397
6361 49367130
2211 33059679
11375 61603990
8031 18470142
12558 93616561
23714 51642510
33819 80401204
26770 86220669
11152 34965821
29299 40492605
30306 26963566
40520 16258770
5731 38300081
2524 97373835
33385 40025542
1532 39625183
28286 84358741
8452 86457350
5376 57015051
10279 90420775
37766 59860480
2294 28662344
6075 54065151
32010 98533204
2006 89483333
38822 14061328
33832 51522783
17360 709869
16033 93145071
38049 98502363
18235 67782288
30815 80112342
27235 15845112
27833 3136465
39662 76529889
242 28524480
13756 88136877
14192 76652055
23555 72069838
29015 88782057
6904 19243772
41784 30516422
20403 33163485
21950 13105772
20681 34342699
35550 64511874
7019 2252033
27088 59298721
5026 63710260
16562 43473660
34685 8508778
21508 29146872
11295 81701317
26014 43880388
31599 38533242
2062 67840678
22259 88022184
20890 81059922
2384 34616096
20750 52526929
10277 58290181
3632 23600135
22058 66695723
35461 78639359
35337 97850394
13423 75678838
18523 51660216
25901 8037532
12283 15657341
6319 39649041
40551 37096718
24036 17000301
36138 10879525
4864 51337275
37463 44742269
3238 66970769
23566 25935712
6688 63574664
29545 78502465
6315 28070124
1609 21876099
34297 35228384
38580 13607376
41905 6897849
11506 216541
2183 88488004
40515 59069315
30349 67464866
28887 56064881
14568 20477165
2479 75182698
21528 56355953
16632 83051544
13320 98782551
20061 19693697
10453 42939573
39374 88150693
33757 67622463
4341 26466578
36255 36055490
23278 26099908
25645 16512731
22400 35064503
5625 7634415
32858 55296090
17030 96969239
29956 20592219
11078 36629904
16470 30804865
34417 17714125
1775 19814186
42111 44584710
23227 91338008
18496 62239300
8663 44276543
35370 44487706
627 27870988
37385 8062026
8356 97494386
15966 11613932
12901 48840725
18203 88301970
21250 66941067
23051 25593060
37590 65377033
15902 53277199
35945 56477236
22166 45672450
41318 15101787
36436 70652535
37065 58722892
15528 82271133
24168 81173383
10416 54562075
3361 63578656
15390 36490951
9074 27275530
34984 34368679
4525 54757499
17740 96995234
14897 8301629
31178 10358455
41351 53167046
25497 17626813
35658 16459007
32042 80163516
25087 8452295
9807 66808483
7920 57800513
31476 73326152
38560 92579270
3409 86314904
14065 39642728
27654 19104102
3867 85678026
2357 19567463
28732 71404473
27347 11274872
28531 90989527
17930 45356705
6125 69697387
28259 87663137
4979 92987576
30163 72808064
16031 33391235
47 77199963
7897 60984024
9663 50858009
33805 89231154
24463 47543332
32408 43610503
6132 68888836
2007 2069418
38661 92102848
19930 61581747
36378 5540184
14001 68012479
6963 14461520
18185 52707646
15790 16820849
40417 85920153
30459 17102090
11249 62568384
11928 47530931
27135 42954915
32423 26708719
12908 19734115
20076 54096747
5641 80793969
37408 19895184
30810 88691853
1323 31203906
3601 23671394
5443 75253444
29324 85451362
39913 67510626
29026 91127809
25493 18275694
17931 57605521
811 5495732
23509 18429944
38216 39642207
13441 85351063
35242 65000298
32511 44971254
28564 66069804
3569 62847202
7525 95400144
22085 95455488
12867 15413990
26156 67760585
28587 4794719
22544 72570037
10939 65100940
41199 46426094
19147 83252347
20850 60350179
518 8052802
31137 69149861
37284 16878979
7803 10464934
18317 52816927
3173 32738846
2453 64863438
22720 23903363
26363 61617538
9751 68234748
11496 55585047
16469 94515374
14421 76013048
10051 96315363
21768 58313858
6414 87192654
14889 7399489
41957 91936113
592 75496335
33504 59743605
2783 80745889
28661 29046686
19677 20676786
4466 30919459
7694 49646702
8428 1222933
38467 44991697
25536 30950440
32261 89196127
36153 85302845
16185 88964050
17967 66392999
21769 81354367
40989 73158360
1031 13246512
25180 85163965
18608 77900769
1006 92118080
4614 72193406
25976 85904584
11645 74708099
15409 27071858
8998 87898529
2393 93220894
10139 37804454
28896 24604642
30809 3535591
7095 28164747
6180 1843106
16591 94257013
30015 39257777
2981 61598372
37264 98664334
36604 20768806
1416 29270344
38098 45214201
38637 98833611
4825 76194591
28059 82824709
30546 63826797
3506 52971930
14218 4946723
5698 31945433
28546 46430184
27140 86950931
2999 1394509
28560 25140879
5171 95883607
36138 69225686
7096 47179306
3748 75842155
34525 54990825
32307 69712270
39717 61407907
4311 5633606
6001 78198847
29098 66182495
17998 20145762
33489 68773394
30584 84432819
33333 59779495
17176 34449385
31519 1336562
27110 13758292
13819 46985405
12648 74090982
21051 58363810
17694 97503327
36221 12783576
21162 33129413
35111 36662290
32259 34571775
39339 99506535
6442 6005418
12284 73809835
40894 29036958
20306 81298270
6903 76058760
30114 46335688
26920 58229785
17916 55787356
11196 21181358
28393 13918927
42022 94743599
27952 82628623
12583 50152390
32000 44233977
34710 27168403
10583 91958054
1300 69569498
19830 76128410
10136 4389923
7701 67125504
41658 92577866
748 22782088
23399 11814991
15583 35644771
7328 45236963
5137 56713739
16028 28782554
11927 20369927
3591 11149628
23151 16175461
14658 65893472
21105 24008204
40511 26417756
7848 86585779
30768 10079647
17382 16289067
37275 72205180
14227 58497869
36795 70156952
36922 69532873
7394 96222691
35125 7890829
24845 18105326
1730 56456542
32631 97897364
8389 72605689
8311 33281871
12944 51770159
20126 1783212
6907 43023659
28297 44583574
30758 19553077
162 50900234
25640 53325278
16448 24709938
22732 88967453
4013 54137467
39219 98454228
38515 77635391
41205 59046804
7482 80059126
17828 91839944
20740 33299091
14313 25556978
1260 34482394
33412 51977866
3251 32926068
36782 887427
16594 2098241
24281 57399840
24376 34619912
6580 257162
38476 43225575
6944 66032876
28400 58654864
13316 96393722
5181 61764878
1373 57087693
11612 84360122
8439 35178976
28861 56258012
34385 50424837
13459 11204138
19436 25526734
32981 10557673
12791 92626911
24336 29293867
1229 86451316
6822 49144519
4982 93380409
6019 30080225
4711 51546079
33352 83040502
12987 39425424
5680 48827499
7532 38759493
12974 14277595
16351 46785944
12477 45529299
14228 91300464
21156 7755605
10253 53780910
30301 81844153
7697 9568915
11611 45232772
5951 91304409
6842 50272512
4696 72190805
8702 9033316
26809 5746343
39110 91253334
40880 15462678
17910 38722871
28214 83529014
34669 87077653
17498 92855496
11112 11273206
710 31882730
31189 39384985
20187 76622385
4996 1950027
36295 64963459
28757 15809986
1728 90568258
16417 53803197
1538 82704117
12574 93336789
7004 3103812
7086 12931770
2524 16311832
19311 66495009
5018 47359033
31683 8320086
13488 28434631
6090 78242465
5064 84839181
1465 25500162
14879 84931384
32048 91989608
9333 18669802
2885 24330595
11429 43365689
37200 52057067
29855 2243397
37561 90651384
27693 17514612
28266 32755261
36992 39947313
22350 49148112
30259 93813124
33851 25955313
31482 60099422
18334 33487650
15235 97798328
12665 78079504
6284 23786416
19350 22874754
14921 72593836
12012 18654312
228 92437010
10761 98425167
21928 18968442
10330 79857971
6413 24772128
16837 32330403
18862 61429365
5602 2270262
35702 14773896
38358 24108650
15970 66267874
17157 86589410
8225 57114606
23878 9722749
34708 36912337
1528 9578380
35161 37682757
12554 44333673
1012 39183975
23447 20599658
13306 10746784
19963 40090412
40669 63732130
24164 98737641
33412 83151290
26701 96110954
12938 77550799
21332 91989808
13971 44680881
28220 16890200
22753 82605970
33311 63458918
33993 86988479
22440 81972631
26491 89533292
18296 95161262
27823 8018703
13617 77488930
13521 30128701
36211 2773212
41955 4105567
3752 67731861
40376 34100884
17707 21354476
3902 66466930
18508 60374984
25372 69745960
26220 74394331
39336 89175551
36021 35423245
36199 11455604
13062 31505272
15 18352535
23861 43741493
6112 90253477
10166 66793932
22376 45398873
2352 81048115
30958 99280166
32581 10797874
15683 93163619
11211 67336348
2301 39466
7857 19644018
35788 3130346
14902 20440212
39847 38168124
27356 86576610
38554 65972390
11140 10034599
18727 29349161
170 3101265
27179 16387029
11293 59280495
14537 39068324
8480 33930644
36615 93767581
20971 47657875
41033 48030377
22204 88054768
14357 74885509
5941 18263026
40937 12956817
9549 74606996
34211 87674091
23550 87671427
25905 19019184
1478 44287639
10153 79954777
26705 56106113
40556 26162857
4606 3771396
30742 96336455
23524 71286541
38315 23763869
21820 48043907
24486 20352641
14314 16735716
10755 23662921
10093 64755018
20418 81017012
39555 33392970
7059 48231842
6846 87958762
37715 86281448
33857 52242424
10387 86617985
28665 89923799
5691 59959444
28388 79837624
39569 73068001
38330 34889043
19621 94188465
36916 79246453
18159 95483824
16994 34221104
30348 1460621
26553 76537033
39235 50327387
4316 82911786
16646 61077022
28445 54085845
26333 43684382
17859 83165800
8692 57736337
17682 39883491
30062 90884957
19753 76741334
8048 31429998
13666 7957513
11115 52505611
6437 55931011
36907 14825395
36612 56175047
16085 1996543
18270 6794323
28797 26757395
9460 15801277
3218 57406165
20761 26601956
7173 61970503
9867 50979546
36106 46290686
28570 95477938
35986 83708667
12013 9667211
22593 50646773
38261 95213214
35350 55615322
35034 83141304
15193 95507798
41907 25718135
7457 3332147
40772 45223323
20339 40486490
14540 28397168
7413 43343430
6399 12861509
37938 59613946
29324 72387506
34946 64291252
12372 84569596
1439 52685644
16432 32926546
32943 36203776
3707 18429184
12209 58519829
33778 6493120
38634 90699435
22297 22590290
1261 76058074
28136 38675623
37110 35396876
28058 14068325
19200 64909285
40319 43366139
6157 21026901
11079 49171266
10762 12751250
2128 34529863
28674 3198367
33493 33182952
35360 2139070
2201 23570174
6999 43908867
24314 76540784
37200 54696978
35058 44401150
28637 71786244
6491 90137380
35980 44925307
1377 70928770
6939 13955607
7476 92181105
31922 7230554
11102 28178235
41608 32186368
872 24663470
11258 53553612
8096 79680296
11481 51943164
10427 69945773
34558 23953840
30429 1766700
16038 72816398
18470 37468318
33427 77923952
1594 88726617
32303 33529829
15808 71102768
36798 60135043
16170 3705657
5112 13158542
20553 79163201
12071 81635476
26583 16690986
10757 67580930
21930 92735135
24147 53500034
7902 92307559
38977 38922268
33856 49090842
3961 90689317
28253 61242131
20385 71241534
34097 17495882
4578 36658606
767 28730692
17005 54603371
18017 21562007
33881 71770095
36539 22333839
23262 77406104
31604 83402148
10221 14603514
29247 9738922
15575 58001936
29040 70372002
5990 1679928
31667 25426753
34960 16475384
33254 9330743
23468 21673231
33140 7983842
5038 50988032
11201 17548153
3194 20315194
25208 14625506
5601 59983671
15518 81143788
3756 26253714
6672 80629319
23350 54745179
22778 85463256
34656 35131806
39625 81862921
27646 11361701
8548 9773884
22382 34287803
41284 14344238
282 99819928
7991 13066668
7662 76807087
13843 17856421
39708 30752532
21041 16410647
31867 42399272
4447 46294601
13122 48041287
26208 6085911
23322 47680571
16788 39812987
11935 84175201
9520 97109908
8675 67344598
3390 61287897
10726 43346537
4388 39816000
2322 7079443
23606 9460735
39548 9188983
27146 47354574
22058 75427701
34070 1249059
470 30439736
32655 11674786
41594 47800156
32501 42195283
24475 1074645
37544 55471066
34476 3275689
34062 40616473
2011 43629880
5241 19292203
40593 90621247
38320 88541299
23192 59657024
16735 3914837
38711 34577752
30126 63586418
26567 12498868
20714 48170500
19662 79265329
21083 44790733
36888 82187327
18939 53791921
6998 69537115
15959 37117947
25059 79873572
5299 63876319
42003 90195792
10971 75337753
8477 45862547
9837 42486598
28209 84416487
1851 50490492
18228 33850572
22329 9730731
17432 41543127
31724 45972228
9477 7299617
25076 14226175
3058 99205248
17441 90003728
19977 12786976
1206 7122695
8010 11330370
26568 10384640
23794 61713038
13372 90149569
34110 58944254
14216 95561233
29744 91817405
31880 58427080
29655 12329782
888 14640043
13660 56679809
5304 96466131
24741 85243044
2576 92512933
29395 92866260
6090 53529140
7915 82096076
3589 13905900
18760 16785019
33409 94971345
24139 97211883
38815 73556804
25822 857247
451 27422526
33691 88899544
2047 32816428
19259 75961492
21811 6497115
14007 20785124
30369 11750909
12080 51162029
22459 70364366
10769 34226534
35615 82099925
34964 40842089
16005 31773532
16041 25152904
12379 32115965
32952 42346925
38992 39197181
6125 6633765
29478 29342175
32301 6328874
19080 96316145
9283 87365692
31361 93281734
19514 78379808
33314 24302179
29564 432719
1463 16134248
3131 41022430
23024 84361485
21985 10787173
2688 92185487
40188 81048646
29019 84380567
32416 60945334
13348 75310372
1133 2078386
10417 46904558
23528 84726276
23736 80488151
37250 8865097
23022 80745130
25372 68741491
30735 55605329
33910 49819863
39631 28455609
38858 13993320
18270 13741134
33696 57056468
24752 35240729
5178 16877149
30221 37792363
20225 87210323
16729 8399613
24067 29915918
36492 40075387
39166 98710799
35569 53111536
33697 70216248
479 29732565
19455 53716383
30939 85675852
32126 31345622
36751 15268022
38150 2571393
31326 58920245
7041 66092557
7382 38404077
9622 33925883
20715 77755831
6227 40724158
2444 7655521
24160 91168087
17369 59403601
3709 74516626
32901 86453152
41868 99840692
31173 975416
4397 24062343
39208 72104756
28820 71784894
35573 46082278
39518 27737611
12823 96213035
8717 88839101
32526 83054351
32397 44316436
36202 74030922
14634 56509633
21851 1901563
13070 27603393
41507 16808324
17985 60483720
36370 11146751
31951 86543531
14626 63696152
3246 66792861
4069 1238580
591 51813842
33556 13743022
34341 23936833
117 22732555
444 40023598
30733 8770497
39587 82714352
25376 85108547
6729 51543128
15034 42794534
38955 19700613
39051 49089263
18330 89709145
39115 69605274
19359 27596550
14038 56065183
9773 20811822
13169 72579687
13069 19121931
18290 18034629
41562 92075720
20547 60711466
999 89993538
33199 90140522
20244 253237
24397 6079866
41289 39392694
29498 78714347
24564 72987249
22847 90636550
19236 71679827
5525 32510543
26131 21542642
14775 89756657
23937 52918826
2409 52326456
23739 87112764
3781 77333675
18576 11374287
16377 71159321
26865 52925607
31625 84097727
3615 84924669
27166 26452845
37175 16164399
21799 11012070
36595 21340184
27071 85368580
37974 53645549
9363 83547400
24607 87949227
26802 56591625
26684 1428130
14736 4684646
9216 53915851
17686 76946295
13538 5599506
3628 4192463
17872 76372449
3074 952447
30503 5283759
10850 32897427
1894 8003483
37261 69506770
29464 98423949
9217 73246111
8093 41444379
1810 13951520
8254 68795742
13643 8191279
31569 46996485
29417 34585755
30336 98697949
20003 95636520
13535 74456231
10693 20123598
31861 61069836
10529 58880286
9162 76319738
31364 35755056
1852 86473930
34349 13633216
18252 96387961
28632 75823523
2402 98737255
19842 92928000
23300 74185081
36821 3362437
32000 18808325
9282 469780
21552 48104276
39269 25520899
25430 78647108
36864 30763784
5026 65304593
14869 29710534
8202 33069065
733 84729537
861 23444839
36871 47157081
13291 49600566
29190 72948540
13409 20115188
31878 49185029
14182 80342638
40640 37220774
10833 75280892
30799 42653730
29100 52175562
20551 8894847
1071 44969060
32959 74291382
34335 39498187
27683 60011503
4708 24606683
22370 90157826
20659 99770017
30455 50509249
8919 44450047
37218 63841422
10931 54381792
487 58272303
14900 21352925
41937 36107037
6388 26859900
35867 48557698
39560 41156321
642 2383437
36124 86902704
16529 96113887
34530 22079876
482 38232990
32110 1894431
38953 46767802
708 40952870
13827 76169867
11162 69220477
17314 30030051
3342 35368204
27804 69134594
21132 16171676
1099 86573417
23845 45574078
42024 37982506
22022 56384499
8239 96502522
39103 72884459
11134 5346973
31614 23477752
19680 26156073
33696 67756704
35917 64797989
5563 89284463
20618 80066937
3829 13481481
2546 39397123
3441 71926528
27304 86981155
5387 19960099
2739 2493741
27274 11576407
25614 59841677
11655 86248128
36984 11756108
36532 69819778
25288 79189206
5654 92754474
22525 79586368
5783 38815237
12077 59207956
25171 13887541
26529 81949876
10224 29608324
5596 3314676
22555 46411045
26931 30945725
3223 57321032
23644 94964670
38990 55976053
7845 58327744
24730 49665664
10929 20921369
35990 81504147
33556 29491779
18248 65193747
1082 77648806
1908 92337519
21729 17411710
23097 33562419
27743 76546970
19570 31567507
10963 42993621
14657 98280097
29627 84974052
36887 49711774
36607 85084685
12257 33335099
41697 94313929
30687 11546497
31671 40191334
20279 65021796
34006 55821533
2017 29955176
34319 31821510
24711 98992333
28507 96007411
16129 68377527
16771 71964731
7684 29475676
26085 73430127
33567 5273284
5581 31081241
17666 69553572
35722 5963982
21924 1717232
30894 10356665
7584 16511809
14086 29131048
20028 44444145
34715 62500932
1815 21837391
22627 73996318
2085 2542080
32641 9388895
35493 7932537
4037 63721559
20811 98882892
14276 51814205
40808 72714323
20436 54569237
32873 56449855
12373 46203288
23669 83620453
42014 71945002
8471 88803246
22043 24017429
5130 97986983
20185 5888260
41810 49007501
8940 85063172
10946 3128882
3496 22662212
14551 96103883
3841 75480942
17466 37287308
25529 48282466
25304 47492434
32449 19215181
6012 22336442
108 64210189
16371 30638822
24769 74296678
24563 43790422
12627 81671221
39433 47978446
35024 54770666
34545 68035476
15742 5635455
40203 56942000
11893 37990270
35816 63682929
7402 92999177
25020 85791195
17531 47320954
29796 8407245
29426 71783679
31745 4791466
9321 20188225
40801 31298000
14030 93896163
1257 73626543
30005 35416478
37271 78616061
26549 10834083
6982 27201035
323 82303722
17515 40129794
11356 7092031
5317 40033609
7174 39081332
38481 18460480
22932 92519627
40491 61978072
25927 24350186
3898 19600003
18660 77585222
4494 19429532
24867 87404918
36065 6569986
34722 86120006
23465 52096058
35542 77171337
511 48759332
17122 23179547
33526 91192705
24852 42266501
10592 78158594
7411 32905132
29734 52526684
39813 85929091
31037 28018021
22697 70385938
14577 76516014
26993 98009498
32586 61062561
9171 69373374
4198 10102289
38683 10417176
41307 35840784
36707 52687268
29797 48373954
3973 36686676
16780 82256249
41168 19185567
36679 31879831
21797 11942325
12679 21145323
2640 59861757
25664 45151823
27594 85780043
41044 47033464
21739 71889355
23130 59247185
33862 68513727
15619 15903255
38663 22121460
39565 68671116
27456 43326110
3717 33432648
2252 90743003
14785 20142687
41719 30243036
10195 37529943
38630 96498405
15643 492401
1547 41412502
10426 42464569
1322 9694323
17315 48124741
39645 49316077
13190 51925398
20002 33337911
28381 87794729
8492 76556584
31566 44208403
6101 91572561
26749 75017619
15466 10671805
41875 64436744
14454 262032
35802 41965010
21643 17487715
23199 7492743
21436 91174039
7845 10422792
23145 72161834
4567 69476709
15441 87977409
6089 87196470
14743 83531519
26633 84349932
25657 48272316
18361 49436031
31977 24431465
2656 18630684
25192 83834624
4084 18884383
26337 2574330
19496 33537081
17494 34510963
16291 39271189
32286 11340768
41528 69721598
3503 18535688
13312 16368522
18878 40839294
23001 29687641
34978 12602357
35354 5604788
992 45512799
12778 66760023
26164 89863870
22716 35702467
36101 17054237
7712 38702922
11205 65715774
1672 15787054
28772 39238362
24825 81407424
32469 94943073
26387 12357611
19733 51010753
3320 82443034
32402 26201628
21058 58195989
18336 64799646
9275 53578202
34609 15633123
4439 52134422
15854 11036570
23698 89285265
20066 21327808
4157 58841591
10222 43097323
30810 23372926
16815 90541315
1475 78855469
5977 82808493
40955 62714235
27380 49346326
21470 33240900
29455 50898942
31867 26358545
4387 81132476
34168 4252130
40414 21846664
23166 73954094
24888 3642418
24800 8773347
6001 78077406
27497 37296490
4154 72909514
9060 67719845
17678 29966815
40467 17244480
11420 3860658
32425 51008169
34334 42337187
4333 73808017
16081 8376034
614 68155061
38018 76630246
24412 78429875
800 79937545
13498 79528758
38429 24382200
21573 31666376
11619 38009912
2412 5526074
30345 29820303
24051 4838924
38422 78288639
32338 40956913
20160 85730160
10870 49128193
24868 97857782
34388 76845245
19175 64425113
41275 7277045
7406 47511047
10688 54893962
29375 8663755
30070 69184961
12591 38462913
28032 72199450
17012 2514294
34399 54480529
42165 85401820
35628 6461463
10845 15235076
6004 70270879
7679 77905614
6036 87580887
6631 7423949
38785 91726090
1477 34180087
1523 26828243
31431 85696744
21542 94550214
5727 75756944
2441 97475577
35263 96304391
27871 11590523
11014 52426252
12976 57870895
17435 78674346
15313 33270539
1025 80290604
1664 3943392
10312 20742062
5603 95165902
39619 42289535
34596 50282343
14585 70523702
30555 9694992
5104 64098574
35008 77068237
19533 11643027
33277 94625528
17725 59227099
2103 84246960
41100 85670902
1925 99514110
22676 43401629
41736 6192412
27950 99126985
36733 71582192
30330 75868811
38012 26951856
26860 71729797
14925 97705865
955 43817418
30073 1264040
12204 15949215
34946 72046077
8997 53418695
6741 18110465
4161 26326888
41918 5051104
4211 21082078
17568 38904912
30385 12601830
41382 66658287
25023 37384343
5023 39895860
13139 30256992
41590 49975215
19577 12375827
18493 82051207
34406 99645175
3362 8534062
40184 62906673
35151 44669821
10724 96785454
20879 63994782
17856 13480794
31007 43109299
34400 18419502
8349 19585970
25006 3377730
18744 17434338
25276 49599907
1936 12741836
31390 71165161
18286 95333482
23564 1406680
8592 76390560
23706 83028423
15530 6063267
28250 23297658
33276 55230466
16508 30506800
35999 67893781
1851 60623704
9724 4730149
7416 99477934
6654 2668861
38499 94606745
27242 63569928
12929 10203742
35077 41614948
16872 62770954
7678 28440128
37109 44098593
8614 83162311
1270 62110502
10857 56691056
13612 36732542
10338 41543605
40900 64580940
26231 66390386
6271 25987298
30705 65653068
25386 84469945
22096 91398654
10912 88126407
24505 11316814
8280 56051814
10013 1729443
39303 31809394
10140 20063011
10215 75800883
8047 39053551
17550 6371608
15155 14922376
38447 31903615
6160 87527775
23969 2888362
31140 31001308
36464 82403839
37367 39581051
9803 55413565
16812 26460312
1494 95687511
5124 64132139
37408 18114213
31066 73933154
20172 65981921
13101 11481225
15240 98616566
37825 48338782
19340 60232716
32012 40927446
22501 41563752
101 55512090
23827 94328717
13779 52046894
6779 98507358
1409 66240367
7112 11729665
41025 26724479
13753 19600361
41840 76275326
18641 18677043
13299 62968516
40940 19192857
29220 330142
2546 99690207
11026 47579356
31822 13186343
33709 22770606
32506 50700939
38975 62290047
27775 5841058
31468 48435871
30828 63935625
37150 99930953
1717 80850688
28203 74150972
41369 68995535
3936 21854045
64 943138
7767 20130318
36040 68474480
11568 46920008
13831 70801121
22904 94208588
203 97024467
27274 23226710
1656 90061754
12563 72952601
30628 51855636
26762 42566069
28095 1606186
2400 89783112
38119 53836530
16952 11306466
31448 38854050
24703 7929366
19378 51662811
34743 94022058
31246 29572693
21198 48998698
26963 49761985
9124 81979039
40820 48920694
10801 51370174
13051 80331547
11231 38515358
34180 10653285
18049 57572159
11923 44968333
17919 71785835
1372 52831762
10252 96183617
28590 39597280
37870 31991210
10079 83469025
40982 48283486
6932 58248021
15359 30603806
13445 90226870
26638 12977749
13419 75910224
25384 10045207
1197 84824282
35380 3569676
28131 89012344
6188 18647702
3359 12619769
34164 51371384
11132 57553347
41482 26419727
38540 69385207
15996 79286088
31962 9998443
663 87318295
7211 44380227
29645 28332786
6822 56821855
25971 59370313
40114 5995361
13094 23955105
14043 95844558
31354 41884516
27679 9950480
33261 65714081
10777 81651198
9719 66075256
22385 19353373
2227 83702337
40980 7767591
7192 87126185
14102 76349380
26563 77470974
25473 53836966
28943 27333726
5232 57330334
33224 59872736
11016 98924343
20587 14155571
37534 47529504
27203 81411355
27984 77036164
5066 37766164
4289 45364308
4110 30774058
28308 45005486
8943 10312421
40095 85875568
21075 7042455
29691 77141036
38592 52061213
33706 38181364
3895 40162614
35786 66207554
25069 98496883
11937 91736894
21024 466817
30846 79911202
39988 17678948
17294 59701484
38145 83440113
5096 18869603
37708 26061837
32290 34052282
18196 49490409
8193 19996825
4342 98181040
19951 66001923
28273 47800250
16629 50210896
28451 50979240
5007 78721724
18185 10720848
25262 89679039
28729 88941140
1663 29369156
29809 54087494
21400 66133787
35861 10532986
25692 18286328
15064 16412092
2193 14091369
17435 96461343
11553 57969491
19533 64819122
40703 95591431
40660 2644529
4897 67244419
31260 37978785
24455 46797879
6321 58820334
87 51817530
16787 81954850
3039 98089864
16830 23170091
14143 5027583
4267 54659345
997 6691669
30435 51728596
1017 414986
24643 77874252
5390 84862432
37127 75352276
39630 51433215
16311 14063015
35813 92767338
23809 31947185
413 90823882
41299 67568890
682 58906223
16093 5289938
39719 82837517
23116 35569110
25973 68619028
2963 59223051
10958 8878129
18407 17556784
347 75165140
10546 50880118
23313 11272826
3455 29862154
33400 42859186
36678 53657737
17557 75711375
21176 75113166
1284 16998313
25020 3584109
41540 97901444
23371 94397721
1081 78967279
36154 88070839
37851 95750779
12297 34102322
1442 3569389
27871 2546979
33611 7474629
25533 71398732
242 94218474
8261 89049588
5367 46283097
27994 62096504
8358 49598563
31565 15633593
34758 57350186
8758 66536832
30967 68684790
39833 29195577
41125 12751647
22498 40384192
24670 53313044
8974 31163252
31392 27856658
32729 16154194
4155 27618454
41389 97037685
12079 21882889
8129 42215666
13745 77331156
11986 24014164
10113 72913277
34038 23515159
15352 97675020
17336 11066340
41484 68524988
40696 79264056
39901 46898057
23827 35142059
25828 65505644
2320 49346199
39197 9016387
31461 24574707
4439 58034426
13364 7413434
20935 82188689
16384 70046924
38049 27011299
13781 1732738
31731 51305524
9271 35112986
12603 16765963
38761 94184897
33243 29837054
23190 90935087
18536 33139561
30706 93499502
10870 39181523
8402 78087930
1149 89897286
17404 32581532
39072 69445314
37043 79704294
25863 1223244
37961 73659284
31638 94236110
38247 72359280
38851 28182017
4183 27182446
38989 903838
38603 5878123
36793 10915172
14651 81232053
38913 69968186
4623 47312645
2562 97337699
3797 84467800
39727 35038985
26193 68272331
41361 98125478
30621 41307349
18824 55736590
32723 55880014
37224 85243512
37206 41937680
13975 6212699
33130 77739806
10296 99709780
40082 19740919
20532 70808194
22877 82059790
339 99464093
6379 92477963
17212 83216036
13093 75798012
4164 55198261
39010 26219455
3930 88321047
22314 47369812
16076 22710986
16759 64744614
508 42155999
22470 98567909
39323 53972632
35879 64060097
40863 37878744
16555 97959424
35128 17680182
30965 76878619
5203 3704033
10305 87270437
29425 74814697
16266 74869850
28485 622065
16161 41733008
13584 69096210
16263 52256737
24461 1478394
8807 5634340
34891 21649826
23031 32748205
10881 20847029
24395 1904111
20262 26177720
40000 44456133
6856 36492066
18743 93816751
41272 97732814
11288 79475212
31332 48475320
13711 74204284
2020 80202194
659 81340092
10359 82318372
39962 37131615
3850 61701574
20397 68529473
10017 58136505
2391 26108518
7590 54249019
39655 66712330
34347 54807574
34638 54564201
845 34248387
2510 55927973
15026 7763985
26789 295239
38150 9109630
35483 22163120
20826 21126116
35411 52945257
37832 34207259
23317 70408998
8038 96941018
27825 29174341
17795 19598521
22029 94447476
25270 8932104
27154 31979188
10030 88083795
7989 78420552
37840 70555770
26013 36330312
11924 12867474
15847 76126107
2120 70304519
7122 21853986
6458 3062446
37498 1888246
5843 88780501
22079 3709855
40240 79465610
17431 87817822
8213 52201712
41322 36610910
15900 60220524
35255 88649640
33787 46263605
21078 15474399
30202 88506088
20112 98157375
29834 73188223
13926 68355089
7369 64790697
485 81286839
24184 6338626
28805 66982925
16369 88186729
29326 79234654
32473 79630462
34782 33190301
27398 83393379
1506 75659984
30698 51852597
6288 93820769
9205 35251243
34873 4201996
3330 17022209
25027 89722840
7660 47833124
15866 40416809
40032 61039077
37919 45008690
32558 19749538
30680 42130600
37287 45121613
20842 91747338
34892 49677194
25262 63204682
36887 11058059
33927 94404828
41860 54036299
34827 7265120
16992 23680261
39799 57904118
35063 20513992
40407 78201487
41987 63269719
30888 83295228
2705 99969873
4755 34915610
26423 53263081
4069 78639184
5686 99102975
128 56986418
2532 51385669
38361 8986688
2248 2514422
31233 81513180
40479 65756122
27802 50224420
26089 95287282
41984 20339536
37883 4152436
42014 46608963
25789 34093297
22232 54246501
30107 13220225
20965 90296654
5329 74729551
28062 27516939
39059 98674319
36164 36569892
4789 5271789
36412 79899777
3608 15049426
12158 62330729
31816 58550105
39425 26442766
26407 91337735
9679 71857556
1431 7092654
11846 12787411
15954 58989742
17027 37668785
37814 2883491
13054 17383569
10904 54205704
17572 7779256
32098 29585589
2612 35538108
25636 17803232
15099 60004428
10564 33055456
26543 96604935
1141 12015276
38864 49824223
17830 47082900
18020 44453515
33217 18212053
38977 44824639
21787 99824376
13083 27686058
16732 21194373
40339 71056630
34336 23144349
34232 47931330
41632 56979929
16816 74849974
3248 46899305
30819 66944928
21232 92433753
33131 30538865
19785 84413490
22542 98105648
35895 9631032
23425 28753791
29033 10171200
40070 68518193
8815 44421517
2032 34661888
22753 98685915
2515 13546151
19201 95561681
15974 50733933
4341 64883739
2704 1375568
15868 39480716
6287 49350499
36682 59423165
38351 31552454
40045 95419139
37697 83542310
5722 21778800
14235 41988618
23354 44151679
7384 86282535
28396 64276429
17931 3536142
13140 93257515
11698 2299096
30395 24465288
26965 20491452
7978 40621802
31613 92872916
19822 22330802
24675 74131869
31133 89764320
28337 28372986
5317 62251035
35303 77743437
8535 99528462
24475 6789365
36497 16371010
34225 76159353
34053 69628287
16815 72802485
18066 87165819
10103 63072284
34773 15652240
12355 85381645
11073 32886923
13855 8249336
33008 69704046
20713 34194364
34461 12016630
16693 43390500
40356 80996478
21579 27866336
33271 13021724
41973 12028718
9164 87516844
31164 81776291
10006 30641492
37184 7502988
24635 53310128
41027 89309479
20176 4914501
19565 61364646
4512 39213842
41206 6573629
3733 12529516
23622 15291917
40719 52660346
28379 43409834
8443 52216648
40706 848434
28534 45302460
36793 66932507
12529 79989652
24971 79786741
22909 19836481
22568 19496831
28318 71687740
3708 51885882
32109 28936840
5410 14648406
2206 60939992
21582 40025054
23930 78131282
16307 31798760
11661 43906146
33890 75114126
36320 67788271
20387 70185263
1794 21514832
35710 33594056
18794 24100929
9440 71135000
42063 38985070
13548 59206603
41973 33996745
9406 14420971
31901 56311686
20710 61053427
22601 90397266
29855 69823602
9512 78015734
24154 28544723
41866 92017065
2118 98614634
39595 53734695
10015 59915915
37758 42848634
39107 26140646
24559 6588150
11127 54788319
21311 11718612
10103 88037985
35432 28688019
16481 54989618
17526 41943601
41991 10937754
17519 74783652
14521 23312397
18123 43245168
2438 32848966
38378 59168426
7455 79848192
31909 76332150
13090 88883469
6656 43852441
22392 76021548
28661 17913782
30875 76117703
13004 13150947
29563 23236143
35344 60953245
41478 32602939
37092 26172727
11641 55053966
14289 30358720
12326 18914111
18488 33184166
28195 44060559
16041 57267494
14302 44952969
7154 81648520
8405 9207340
10840 37550403
7345 51196807
28288 68948716
38284 10828602
7855 8606849
23932 18155210
35153 99346879
7599 56713824
33564 61112109
9547 71749098
23618 79422942
17932 56328944
12635 53786389
20097 90326724
2535 27289134
39515 87513563
9433 37375460
29175 68057240
25420 65659673
745 88742490
4355 22317385
35963 14078803
1903 80106877
38647 3886215
5139 51453266
37215 40547966
27589 43961322
18112 20082997
20988 3191527
1664 85698972
8362 14976491
36898 47836551
29691 16955610
39427 11192480
32925 94779635
38082 9398158
6502 6832672
26484 43793988
16999 99302292
27782 33191240
12719 75831869
34806 81631766
19537 23132468
22183 22573607
6610 17157190
21789 61837360
6678 34001467
24724 37001984
24153 25567704
41176 86088712
3716 645788
36009 94993415
10436 23996535
2533 99450713
35062 38983958
33484 26570737
2750 11413863
37785 39641723
28647 14949972
12508 18419382
25467 70487909
42185 69273547
34635 89930655
18210 60479157
30453 6986348
15258 93394754
38036 47087444
36343 20143300
21198 79691924
17558 46899159
18888 57268671
3434 86008062
18726 86705105
35880 8261570
8625 40381467
32326 38794943
32381 59454048
15933 20391457
32768 66860373
25197 69915766
35180 79954836
4828 33995210
33374 4215041
21080 50642613
21698 26248877
2179 55099199
23287 76044373
11920 57232787
38788 71789750
31037 21953611
37839 44691663
23156 75556946
37268 21333396
36629 6046766
14883 29335369
40695 67073196
1673 91789404
22671 41365191
20300 7723269
31270 32427762
24040 94582280
32281 70006047
31018 33666927
39037 90925188
33653 97765896
24656 17627895
40876 26143706
6891 51635974
36597 41649596
5313 40703577
