998 44 8 18465522
464811 207475319
773431 895916309
694507 931153987
366169 27567211
359988 220879724
967130 125642850
680049 593569992
56749 821103196
675099 221003751
157477 870139075
637088 60166303
756286 903374728
451067 886095784
64296 907302138
109430 778356150
59858 351238774
298488 928736853
104740 15601566
903051 866162852
167582 538563372
896911 917427031
555119 635331134
601770 501673793
875573 501554254
850994 821067571
834519 286154608
165517 20640230
955203 189838517
266810 77377731
446650 395243521
568086 160627172
489260 546598051
878577 993637380
398464 801771218
873021 162917446
583676 799359162
239652 709573514
885902 296374203
20227 743640978
387854 638957553
333535 22138138
898197 3491475
352187 819674199
654416 802030733
411909 290470648
264684 310334863
146469 943756551
116132 392978197
886725 124165234
615015 354743218
619421 387600357
799356 72459858
876381 293825378
700610 13453881
985744 166762519
37391 307207608
849732 282556296
357226 84195376
327999 504029076
90479 851798778
651602 83500365
989351 98113896
647888 871582907
362011 522199901
158973 538357859
564036 987863521
445280 883561850
906914 728164789
318329 429157442
487832 67369936
234998 99062805
162361 637336969
730259 390309328
556213 336365948
800676 460274805
337061 393870829
540635 55331070
519912 128581139
970789 688109518
992698 627694820
128512 380240510
447050 857458295
189805 528398073
165016 146222290
231165 32274456
81769 258508179
447518 145718821
89789 70505412
33165 322410195
774930 282882904
831473 300068788
555682 178976522
707965 21254810
560862 134830187
227081 810855051
616857 788348057
379973 83116050
198833 159930623
687433 936462138
347359 126618691
286144 224777840
654210 657622905
212037 133488369
450334 906524810
928780 134999679
617823 91099916
606818 718677798
132707 642984676
518662 430150450
532547 301813288
786025 97888921
640116 137133765
213542 441000399
5338 350068146
741577 455733652
89137 51231833
51272 861813707
30945 903524503
756793 289499406
47291 8749692
975992 704489729
715503 564600254
108181 222442396
167271 15616488
80675 690432495
911366 598631049
849339 112623822
302260 674359088
659993 32829203
233419 636119459
929627 353630422
968185 874107047
335350 101238731
782987 915778907
749858 145229916
316725 667753573
495507 876894557
578337 977919874
150002 292455110
499980 456962501
714875 15998839
366824 476241722
232506 791358365
896657 239795932
515461 880060746
832964 870299474
991412 268299384
695549 301651650
69957 79587125
957800 760276252
578377 846991857
84674 927053037
576317 512900005
947020 675739720
947400 603541975
226443 493275421
128024 40812123
765498 305712525
70577 825150656
791808 213907107
331241 126456549
300688 791418923
695599 681129455
918979 616810398
744335 15533833
124266 838049971
690314 510149178
666159 291444807
410731 375108622
262512 533437000
329857 952403099
828747 155740462
621001 701262267
87858 530418411
526078 859477794
547063 936657027
774001 681048451
718867 85722977
113550 378695577
774050 975410837
53750 784652727
450160 961787801
376704 283596520
280258 22883791
999061 72933488
953793 342388441
301173 140582265
56361 723584511
646463 812098241
152647 73290157
562664 703361143
568754 362543081
816909 295572187
345274 599103853
195145 855832134
57907 921013525
17871 93008202
262407 640319469
893834 988550287
720790 740342566
354882 777073102
760822 791853065
996132 285892612
117124 612016250
500181 474473201
354145 622083242
238928 400286293
938405 414760291
480084 137925083
986412 370126246
672567 145927886
462904 339274781
821834 26457450
623793 320573512
537423 347830212
147688 781524215
558175 848679786
817808 895075033
264588 941331208
466580 85079605
743482 44914043
366510 298671456
13187 396821871
307810 141058817
858157 432328592
437948 233536874
877435 507357535
490725 669708918
895610 404922257
953948 106371775
997995 756231209
594900 730172134
818373 313789622
649486 444516096
155981 984854803
386626 375957942
206354 941791248
151436 180001883
596945 93093847
982145 578392776
23030 537278464
255504 956195269
590507 384741306
869297 136000036
399641 173735669
188827 394932383
733223 130267802
223483 239910575
4777 455384387
904120 551694606
258598 919055073
60337 27557088
582776 307314648
953826 51975795
940351 381136022
635055 630863636
625741 294814572
133408 668083186
175683 917995794
971927 174252143
364960 46455035
242523 874214692
752707 399321745
919342 473296612
608423 503584640
187690 999978024
653218 657676468
601421 136002389
729132 235094085
415946 70432313
491563 375895805
902426 387160944
480455 140871206
603114 55298956
577434 711843705
500909 855631164
544136 798735626
579472 787537928
478886 401520176
323890 905279855
861286 990858460
223893 32777232
298386 785309345
20175 171075097
650124 61790505
236010 341666239
26017 795319710
797886 960913037
443833 636587665
970721 552606968
784383 98279444
233224 959246462
484625 843116691
164373 947588793
581073 565167983
589715 2258035
269291 315675581
226540 909594074
908370 56331239
864643 826421058
221617 174692933
239192 113357105
508652 749430831
562218 611236260
976973 942998488
512646 439482569
274247 424597713
359554 790809354
97462 850546124
261278 217383973
281637 148815848
659789 676773253
934049 959709975
657385 417992707
941156 372069201
939923 691712010
161690 265017414
679855 369291128
755088 731855609
431053 105499445
44689 996886968
32542 421164732
497797 796227397
347257 394231787
185470 655404935
812573 767520330
459644 536290469
556815 121228564
897586 883177264
775121 217074361
5905 488667738
271193 654524951
433169 566371838
376717 473166100
732015 709376169
459328 825597897
290365 123647560
95756 980264171
153414 163769417
383536 271681180
320996 691144420
75439 328427836
207481 336011447
713227 428468036
116017 693910373
213486 179467878
203738 259361470
828183 641295965
705174 562841610
364059 123960757
282233 545643961
483456 830997269
854037 901353984
360875 441682830
561005 890790102
615782 736814104
479415 605081873
201535 366918464
592924 219931043
61525 12798383
403340 145961598
369643 801452228
298470 878775441
782766 231056377
672289 262242961
979728 566351182
509107 862124839
66015 329694796
581290 61126246
640157 533634927
979413 337257988
563190 91399922
486055 40723675
684618 735949532
948934 106221237
326815 27012485
559933 793530527
498248 657505904
163847 123729259
131610 966439371
966733 948612117
329552 46375495
113531 782655357
377993 279248483
91905 147447918
376011 353247002
812984 935848794
799708 132078469
242821 755481661
916913 89743538
769363 469292268
352371 966402085
479080 945220736
187930 787645115
670527 217502973
748510 307438568
969657 139391393
652110 681884749
743077 729884354
47571 470861055
317816 479049344
445194 919587229
901563 121271333
968734 96503309
268237 772210052
144480 590972245
937716 303002870
367127 209357818
616918 886315021
59954 169689955
682708 456120122
194384 974965786
425421 683458936
5230 75107316
146160 323016470
273043 848224613
15163 222592780
403003 69480305
502034 671993894
869336 73133459
796393 204746812
807987 243255318
780115 926512735
420583 755973290
269065 154648771
954042 621678454
827780 107824469
873700 911313108
533814 106011129
691263 909659396
470511 384905147
682731 936126113
221438 230728556
941179 803878390
727034 876622733
493860 51959098
363340 98666605
796546 589119228
746524 600343903
79499 543039800
236560 975788465
236925 218277918
720861 613878846
587104 579929041
259118 116011452
473544 706466624
781568 952505150
754082 960930876
511572 353231858
995926 938472507
44900 199370169
570374 163740488
61311 138162372
90590 28248816
853611 802984937
362318 346015300
473077 441039571
154742 567419039
979316 546400595
987508 479841094
828440 194485571
237625 868361347
886890 681416809
882576 35257129
956530 151650544
176077 117019611
907298 669193942
948449 501573837
382934 886136166
315338 250895291
478576 806143970
326947 172927209
546347 13720161
684486 154618312
31761 592727030
303106 927565504
133392 525799826
739771 786719673
71332 330251779
957638 94381655
39975 648222789
568186 832923036
149728 197194065
454777 977289397
825238 569352228
38770 624967687
986551 530127980
525030 475196093
386185 390757496
597571 809001598
151188 969306511
278263 770697129
980188 237526657
843641 554839325
909944 231909957
348945 49680760
204671 418171296
436087 50065830
972662 922133371
156509 698695595
199873 960572616
371391 572014500
830328 974074530
988886 592097789
644833 382057699
903907 200832904
756697 842699191
350049 698986901
469766 233979538
58084 648004286
264647 460596258
868524 198538592
132387 285321544
93165 494132917
465037 980992349
172626 256489567
714286 221524497
120898 137298265
979219 580747362
30805 412947405
965803 835528142
420303 19201974
386444 437826694
998396 610969534
502937 677047803
774816 990212077
271735 661691569
237017 16411617
217629 142387793
509287 859500730
118637 260922098
617024 917461460
495379 797010715
916432 530561973
117268 341704830
368327 193079491
420844 262322389
344582 707976657
97877 782986691
202394 224471666
207799 430436365
368513 450194907
159559 108467114
883657 891657398
743824 682183759
329302 374235051
344421 719664777
234279 278068804
223143 904005287
853292 746949922
636843 457172857
692930 275459441
549143 4827230
403871 272160680
188831 154898642
517281 100364767
122369 416348790
876165 529979292
299551 722198898
928449 775670812
422444 877827521
175399 52521218
742971 146635076
876112 819200494
829836 991737150
575973 148866832
490032 63728882
793930 873437955
845310 260278723
225090 561402733
342960 347263683
700219 512374
167060 917359874
747257 288428380
336551 509677408
48881 896457782
203134 66521408
795308 690029931
903290 132085374
451114 968829548
939834 632929893
738815 130281584
834885 394539005
8052 617731237
269555 1834528
253345 69995094
244961 693417821
347291 112710686
799510 158548185
417412 102852821
39932 170270960
433952 908246874
959905 653322305
997284 7497902
439690 665056282
135446 614262904
745048 946540182
617733 994644952
945901 600780380
799137 848413266
128374 644026512
97534 804229469
544941 546464879
593469 653254731
808821 23111923
19522 78271358
746622 312967207
899932 135207951
952182 289827740
108847 456729892
615291 971549654
310406 105386551
657333 520569986
479281 111685376
823371 417440395
88368 576481625
869795 436056054
133308 103943944
900059 2683953
28864 392566698
7220 70855279
365976 924211459
40640 309872640
268711 55144699
432801 907157964
923589 259617105
160630 287900088
677994 649313808
701029 170067860
690760 782336792
974588 278646878
284487 354007865
503809 592045865
798128 402256566
414019 920183184
651758 473042044
414158 118177672
713861 79893650
283872 161705616
986400 732783393
629577 351945640
34328 800087551
952326 209920505
147065 300832155
408491 915433246
716764 820012972
155847 294503717
766471 613815758
688494 484488997
333086 333795751
930486 515928290
793201 100743347
272141 56607651
338337 619705324
28644 20708047
811466 287176849
504404 49921918
987208 865015766
366342 241698462
649094 492347140
510992 101533221
696807 56244535
636673 338897301
595942 987619221
566887 391165318
697243 933091180
452767 128252770
381027 98748621
536516 919504225
819702 255690039
44332 923459015
492828 17898660
15972 482647640
544361 85739708
153318 901278699
426595 733994162
828877 890446961
869928 103881560
125691 165331691
60394 905246911
933793 117948455
728846 168623319
517644 577205321
381031 136094348
829352 985825886
888767 141954520
370911 934651276
961201 735182187
131309 895283958
769197 846677719
238027 251525095
218385 504407280
858090 75943280
802016 76349021
823746 404822322
945806 502804681
620164 524966726
413777 621488353
784755 791316290
730863 303914296
534436 1883440
757355 391459781
270903 310754698
561677 58866334
763127 652596565
225620 855117665
65676 191248637
337621 898610067
71213 672846486
907662 360983239
2279 809071372
191508 452955937
67245 387732271
568477 288726498
208320 537059693
5118 661223440
919201 743542312
917550 327994200
20038 884357891
131211 965368367
79778 144920938
323214 293592468
339616 885043680
69336 455877843
70036 19677976
844568 488075327
638809 533165353
502869 15303799
180256 720508255
96949 804978886
370917 749187442
400779 649027432
133987 371401901
288563 104575816
67233 216398517
475970 645230601
46053 742946568
561799 550005381
998799 983541956
335278 38396767
147028 675260657
949261 831969282
485485 25052409
761339 834356335
523707 3819730
593097 855644964
229803 958053901
992968 950769628
581768 334210381
787148 290248296
701421 977805979
334793 764444705
601196 726818318
941255 53775498
797174 172849663
207840 566096559
725942 176193410
268934 909052682
609462 950371624
416063 946806484
158124 235260592
836019 412231228
541932 12156549
21164 227802997
110864 123379002
311596 602008529
610324 306046542
98654 674453880
812428 533419673
350526 448257837
586005 525434344
823368 554379657
984915 117452940
62384 902873573
392138 59357710
266556 874532270
295834 209680560
476968 192965497
931793 354797056
231029 125753089
845224 938819788
393837 579361041
458462 94214855
206078 130247543
71295 687077001
150170 186420215
384418 297892478
508142 619171800
604735 909264913
233388 335686334
857085 76758135
86029 968273626
871968 202014805
990801 65824854
599908 287040318
385428 34987922
34017 919339562
170358 175759140
541203 425712936
32932 346221647
202488 589544764
539247 30333985
695420 978474436
956354 155299011
156810 24067512
566590 561394675
228582 406236652
436376 944813391
754395 395940126
173988 17579670
188016 202216189
799666 761356902
338796 224465606
253292 840142871
885239 95639077
761946 615484831
8106 424039082
674748 425137434
618144 147840954
542575 142769221
359855 923938141
327743 830283162
300678 86348549
958434 790942602
730191 638251150
678938 870301819
230733 566122565
679021 814539442
256969 273807466
988308 440766714
487985 546079534
230166 759663084
321124 554586714
7843 225148487
75027 617753315
253117 579368834
198477 924597954
562098 724382602
883760 37264902
93122 50784229
191963 28880178
71168 221016092
789559 405261122
261673 385590915
951950 395270550
458299 901031482
269913 587641877
474920 911468702
862828 550527787
799753 549688960
302628 357051248
180963 415005261
633847 243742492
539039 997628406
533155 359745769
670567 661556146
673668 969498684
417262 983628691
761372 770644124
48765 758861097
467810 900609937
422934 107264761
464977 25619849
328876 482996757
919396 860383353
74001 596945090
181730 14259863
531355 204116505
267472 3854566
141525 244042449
702670 102673898
795193 604742633
553944 788170835
378575 4481442
430284 810107282
298316 577245986
203852 275751470
905265 51485387
157999 260793262
804861 730035307
632332 272200563
107761 43643919
403274 43963451
437866 249495482
709626 154538037
740821 116451053
391600 251652878
58312 34417220
18146 162081362
799754 303671375
133675 802241201
615971 387938566
88883 270460810
814468 84396692
25054 531455149
863056 357463390
767753 846445098
10344 795148839
879381 206416784
111336 643259266
297049 390698605
540312 470683108
657733 185936706
173087 534691548
574292 396515340
393756 25239414
340474 571796635
853606 981781913
800526 557634634
215018 78544220
557080 585643306
752414 745261847
587786 542147619
765423 27529655
480416 437571360
864515 962035576
267810 135531942
5009 175654150
542347 642851713
601537 522003067
420385 401224972
632832 943156295
543914 812936812
728996 520311754
424189 696149516
439583 312177582
560984 739896284
575665 271430279
493650 450366467
154947 883124659
756741 674781557
21093 421240494
963184 982911621
950209 836814848
473531 159756693
161179 517646739
355380 611093098
193670 239035974
550012 90773945
513297 647117709
405576 63236404
225033 773748986
414439 16734722
654224 937692943
411348 49171901
151717 60071718
367528 371010540
462202 239299659
737577 78206858
105921 832201847
503166 139965125
643919 651461567
599891 515684322
27403 27604486
299150 502361621
663000 98414431
763027 486533837
940733 368730714
958179 622375383
624450 675402449
673691 832273962
807179 248017094
487757 69302731
641494 262239366
682023 268463962
975337 237989492
553294 149322502
582630 864520011
726408 779948602
841984 976497793
150848 271879394
999732 700424599
393247 652108342
630235 966714491
805100 80611673
990516 946031011
569747 82623810
59020 968686490
67421 533881210
552401 151952481
986708 177883422
742860 63290611
416672 279393034
962751 697245450
935638 524967821
438201 46684561
310064 601171819
808587 260293149
648075 668780824
593632 380280238
963070 426673633
470977 514794485
651520 225392058
859883 513740334
769291 566923183
7280 266651142
479033 55634790
565679 924528881
