5000 100 10 17584251
986 78908221
1393 94153201
379 29676543
1236 15249533
1383 33780929
1062 84911721
618 36347539
1721 20226388
1646 455368
293 90047055
1924 79520037
962 18809408
268 2275583
623 61680990
781 30709248
1479 66206488
791 98122447
1642 59093274
1149 89646080
1081 10635250
792 8628423
934 44509263
693 85025900
1270 47005847
1753 61035639
1666 94177755
574 73641489
814 38221861
713 58174924
1022 89959747
777 84200796
1226 51017993
329 21558629
749 67671290
1721 89486778
1003 39664423
1938 26369865
1887 48123868
567 53942042
991 54426090
695 84698970
1971 55533358
1261 14107361
75 39290235
1214 51207126
1433 13682809
1562 90448922
1571 70247519
529 27328421
1380 75728612
125 68741702
737 67446753
1313 4599426
1688 11540037
1757 68249393
175 73519149
339 67086324
1686 16321527
952 80356782
1539 53475971
1841 37378097
1151 66971832
633 31859583
297 92350922
1016 27654512
1377 81035909
34 88505274
1170 44024134
713 69085988
221 51646168
539 74046650
1915 42800096
1525 59250529
1461 22326661
364 19766090
619 71171220
974 95477765
611 90003910
1484 80395107
780 44074410
549 55467070
1606 56962187
1263 26109333
1931 89593396
636 14099549
421 85047054
513 71437586
65 34311878
1911 92001478
490 22811778
1519 37473876
1473 73944459
889 37158755
1093 65321694
1974 98819553
1866 25603483
1022 34506423
99 55808024
1251 41101047
236 8327430
157 91673689
55 48379500
958 78770692
672 46315742
1601 91846270
1166 87572443
282 15626872
1587 14788139
1716 77981624
1509 70339490
1545 42022290
1216 88636857
832 36057699
1799 42177175
337 42362655
1934 37392047
657 1428146
100 97147620
74 68462926
506 56003713
918 17623587
769 42145694
285 10125762
336 38552439
1011 42076371
694 69941268
1195 62383959
80 18176432
1189 55539359
84 80633109
907 15890916
1975 31938359
1001 56313056
172 2550605
1830 77582045
1733 37601530
1286 7163178
941 80972444
1805 41713762
565 57912679
1087 33449517
1348 25437851
1133 38948425
284 99307838
1318 56484242
841 44906151
1370 50482457
1753 47243278
865 10963193
438 84087848
568 13380906
1464 36267223
1620 6469307
419 90349377
1647 41797255
1244 37005906
208 76116004
991 76112952
41 58574393
1628 14584918
1599 7878091
1548 44982851
1259 88851931
1314 17672413
1201 94536364
1812 40876714
870 75965992
1589 80977707
684 99416310
917 83134720
956 19589141
68 21493042
1746 35100736
470 68318631
299 78059489
1110 61250118
541 42394618
841 96814480
1934 50975450
916 83578025
1872 68763507
879 58461789
1008 6631382
1252 27164798
1468 15799284
1016 99777609
1323 82956497
1553 36126276
1079 23909350
1849 11732363
1113 39864809
269 40422772
1592 84248154
446 71055033
258 4240498
1618 85768123
1084 31604150
892 70249857
1958 88702112
776 96799576
288 60230526
1825 92406174
1812 22880541
701 13760609
404 90526414
245 1275083
1485 3508158
164 70199706
1579 31451459
1560 28012621
956 95887798
960 13728668
1695 15559712
106 70760185
1961 33909533
92 13795924
1611 69169651
853 94876139
298 92283605
299 91356436
79 86646073
1203 65717594
41 34329374
1634 35459599
1932 29688392
450 6505496
1374 82285668
902 58100843
1228 4212689
1725 7139908
1845 48937141
1413 89811339
1698 32170636
1881 10156986
1784 45840579
664 59780613
689 46661294
420 27673587
1198 66448212
315 51804206
1222 31638111
1021 74229147
140 78543866
668 16801864
1914 13707370
532 25911483
184 49910309
227 33267657
185 5443004
1843 11567891
264 49970769
1843 36286587
1366 1879415
1638 30139084
1310 32126065
1716 16980585
682 92769345
131 30204307
1653 76056075
155 6586119
184 75980648
339 4924309
596 53253128
1233 13004607
1658 86649313
1733 9979716
586 48437354
839 85768498
1814 15259182
537 71160749
404 2883577
1632 63665775
1983 31867419
1864 66966133
573 93392606
216 97686939
671 58566207
108 296916
1123 45835919
13 75548173
1409 90390373
1649 69105316
1296 36826897
940 94177200
940 75814101
1238 51987679
1695 5995636
395 74350600
1625 62039890
1298 45786549
1271 67385338
1938 29838455
1053 51117442
201 95319938
1351 48469598
931 29438594
942 8912352
730 30204050
1042 58450429
1370 50341682
1111 42235552
1291 65478560
480 17982816
1486 38610596
1956 33662245
1296 87971555
1292 32903339
171 84548186
236 52978085
1513 33490494
1559 3252587
321 40307654
26 66505703
1732 10420541
1703 52442010
43 11737014
1684 63091585
623 95425104
12 69561086
1262 13613460
1887 70949198
1169 9303620
748 24427729
526 40389670
1667 78752634
1553 31369849
1475 41841958
1701 99202864
936 99738263
533 85820146
520 22901981
1428 99374188
892 74772735
1361 72100672
1154 33867697
1855 73505
137 92331851
1222 13702137
1357 8261635
851 99198098
1797 80488324
1252 74052194
299 7278154
747 83194296
372 35394817
1838 59196690
839 19087954
89 96806717
1339 5886523
600 90710863
1020 7137873
536 97087468
1455 57710550
7 73778360
1470 17397764
1811 58019159
1273 8577109
523 25249075
1 57842764
771 22871680
1532 29974165
1220 4050732
879 93155601
77 95439161
1696 22281190
685 91312697
125 81967097
1839 86437843
943 51706122
367 10682536
1687 85709013
1654 72022680
1215 5805753
507 62657737
1457 58231479
1544 9402451
1853 72630491
363 37267764
48 14310632
1942 17344570
99 23889654
1453 71043589
1812 2090137
1759 50567102
1159 17697635
170 75416498
278 34984038
1781 2725474
21 97227286
675 4438309
560 3428980
1413 96180761
958 79810295
147 94361916
1198 71188156
760 83229101
1662 25396458
1477 53450914
508 64270474
259 33799206
1337 70300359
488 90407461
217 61687587
1073 46074189
578 63548850
652 66889990
1932 16869610
497 48070005
1852 1551982
888 95833536
1669 59171112
322 20334300
1826 38368031
835 17086869
38 82835935
994 37122966
1477 65134485
1972 58420692
744 73179714
1886 38253298
768 60040084
425 8739098
624 20730392
1564 78622304
1521 51757378
1500 47538864
1047 6034830
552 48012413
1632 46691083
210 47041367
1464 68501710
37 35179665
1669 64211113
610 12974620
58 3127943
1700 79152096
1055 8887558
1491 45110427
1011 44700299
129 4416677
464 98188572
1743 59902519
1462 24861411
1376 48626265
674 25530567
739 6112217
1774 84864670
1054 85217529
1769 92441295
1831 91499316
1152 1936419
617 63769971
658 11058959
1850 92958280
120 32613129
222 57249639
601 54363204
1077 87541457
234 30099795
1132 55809813
1032 36868058
39 54695344
613 8246616
234 23324865
721 90621374
1155 1289855
598 37991945
55 8414474
1845 26456576
1907 9842867
877 3780417
1531 94904111
68 36761018
533 42400940
1035 71129642
193 75007528
484 65165488
1866 82246782
307 74648449
1443 79132720
1157 20395828
1883 10343968
1362 3031457
975 59955030
1808 72647549
1146 93590443
986 89406757
137 87087939
1259 23456475
339 98061292
1272 80215985
1355 7616522
1736 7804396
1835 23826281
324 467655
63 239020
878 40930633
1201 31767609
831 81857783
1422 25966476
61 14036889
1298 83449651
1220 13084178
1085 34644125
70 52542822
749 36159474
939 10806942
1109 83172984
327 91188357
693 53580536
207 67507323
97 65035848
1639 16918897
1290 4916400
1438 93558801
112 5798365
238 55472500
1530 16072041
1828 12301958
1902 10130035
1031 88454288
1251 2636291
1747 47614562
620 70388922
260 97841245
690 82975285
33 82821719
1507 26302877
49 97330943
164 51033649
466 19651210
952 51001786
669 51112734
1145 48713092
99 22822698
416 33292177
1719 10165340
1065 63054569
973 74254096
543 1615527
962 14962006
1655 42476614
1003 32601945
1650 50040694
1934 57547825
505 25855336
1073 62939062
97 4839097
1949 48963654
1232 29982842
1281 64911668
170 35579691
262 4236192
451 37889615
1902 89626808
434 55618334
1210 76612306
1824 2372539
254 71907144
1231 44179844
291 6003930
562 59170356
1203 99408656
1070 35511141
1855 70077994
202 72675015
1916 33801707
1139 15099374
1562 11921670
1378 69044540
1567 97526836
313 6137292
894 27790527
1983 35869747
613 13439418
1300 34185344
970 2601124
232 40902692
1504 9881505
1299 55414795
1570 94424169
1498 14949161
1828 88860868
1638 18780128
248 88070230
1856 54847369
1821 17520247
1585 12252561
1298 74527197
855 97524798
1785 80688252
1798 59926315
1010 77582195
1921 90331861
1298 82275546
875 67423200
1714 26352818
1356 9958296
14 17453602
1934 68512576
1985 69079444
42 96153602
1934 36860959
506 84426819
1169 56528472
146 51871124
1481 18694464
712 78055157
1940 17659151
7 36256713
855 19166378
136 29150765
1221 43601331
95 13249234
1432 20363837
1451 71611469
822 57638108
1209 28559325
1084 28687588
990 58403575
69 47454114
1228 27465489
1046 74588491
1034 67457942
1565 26424016
254 44698692
1879 12427273
1936 43625942
818 65474870
309 22116242
1053 43669690
670 27798340
1218 66525487
605 839569
587 74376514
1548 32945488
697 22034196
1189 40495559
691 18447975
1721 46419386
1230 64184509
1624 42978737
1301 70000239
1211 37673090
594 1028911
1361 26346520
272 58549748
1487 98522752
903 15535230
785 72804663
681 63638170
1129 64258725
66 18677480
1085 87327758
516 17740490
1951 34513798
1727 29897926
875 63569485
147 69129918
1121 40405978
598 66064612
1372 67373782
1506 73413711
1343 54722299
972 70291560
1910 83893390
1408 85793465
995 72118449
360 57939104
196 41596400
1878 98226056
1605 62637297
724 58635437
1635 33054852
541 32482062
1614 2956888
241 40213329
992 28193738
847 88743557
1149 60125038
1410 62959352
1437 97997552
83 97203248
1285 53223763
1505 34594913
302 35854651
621 75963066
973 65977657
1379 29731435
227 14880211
1339 25009692
1024 13276523
801 40684122
320 83882766
326 76902651
1433 93495501
503 93058937
1547 41131172
305 14125407
12 50437242
1306 94207803
1169 39090346
1203 89816547
1282 57285724
725 56616865
477 81761480
1315 42519387
1609 99365931
510 89024617
758 65147541
1363 84805558
537 58305623
1035 2652448
417 73159385
937 46308083
1116 70530880
1716 14921225
1162 63203107
401 67205582
459 24285755
947 45171119
1156 10481708
402 6117942
399 70894015
1687 50645394
1702 13586179
1312 94684600
1908 65831800
345 23844950
1653 66631256
1738 15104164
1490 10668919
1028 51816066
358 87279514
99 46877209
1538 95360447
736 22645208
301 79738834
1480 68206148
1032 76422062
794 86674407
1219 6818846
1966 66932748
428 83728759
1427 64158183
540 60930731
1842 92554855
1622 14320442
656 50504380
1292 15908922
762 65681578
1756 94462622
527 69627878
1618 17089937
722 77350659
1148 61718272
340 88552946
614 50416777
1468 46220469
1564 46263393
116 89538256
1063 94673704
108 83826479
1821 31496737
640 63110455
1475 89261505
1918 63707734
1882 69635171
291 10441937
426 76202342
1106 85269813
1511 56850366
1905 64006788
1717 81824805
160 46445383
1271 73122262
388 40315027
1218 23109455
994 81822817
1262 16021421
137 7044556
1000 26241657
970 89007055
474 56604254
1338 87634641
1256 39757940
1456 28276266
1855 4276269
1885 56391801
1736 2510312
884 66705625
1304 43853528
345 95944893
752 88711214
1536 79118231
938 75217334
1743 62531915
1692 9431430
1767 54884875
1939 56020666
1076 3874985
552 20456675
965 44903264
1867 76950659
981 63350372
869 9164953
641 7609898
1103 42109354
1688 25014168
290 86355205
861 88069556
871 42811540
1130 20580586
1291 54656793
749 70795007
1005 70501330
1428 58972417
331 11853949
1928 20723655
1217 57687098
804 20781931
749 19162728
234 24903237
396 36979324
1671 44609003
1121 6566158
1868 42456124
1110 35796383
1548 1620668
898 38502172
634 53646988
97 52118373
452 4994212
429 69011439
1609 52776930
1263 14824598
1697 98583293
1823 6983395
1829 47775761
846 25920289
1887 72329953
17 30096028
953 81864145
1755 30339140
1494 13894643
773 13449545
1548 82877518
1183 85193741
1300 82056592
354 18622302
1223 85936421
1297 13425088
623 19950580
871 13038950
341 16887554
1927 65143810
678 76478390
1957 4003585
65 66164953
106 46860052
1368 8216741
679 117580
1751 78393868
891 83998694
1439 92032853
916 47800335
1845 41100602
1602 67521693
335 34150258
1913 81293875
165 24552586
1886 40255320
787 94193875
1410 11889863
568 83634334
375 92934777
1379 24092218
826 35461687
881 83396382
1137 15452899
927 74597730
1974 58431213
1259 29511362
1261 29265866
1052 64062606
235 67215786
998 9513779
25 42162521
967 9279068
1574 69099187
1934 70351357
417 89797182
969 60119025
1399 1962365
925 97235602
145 23977346
1582 33184852
1616 92564369
698 65910523
409 31390539
35 37422682
931 71104674
1748 11110136
784 3160468
356 24868637
224 65818958
1300 86809972
1578 42179921
866 33391361
94 95477109
1488 14073903
1607 7493001
1340 6895720
1885 14987674
85 74403958
780 55295724
1921 50017243
1109 11279454
632 44700299
368 81516583
1243 86699578
1243 69821634
1187 7984386
787 25471253
1772 61176545
1809 24519063
1074 92919170
1332 27541908
624 84585787
427 77653837
514 93940500
1803 23332738
884 64382665
1106 5085122
1797 1568466
1487 36200956
30 91486302
1558 66810300
1525 70540497
1234 40846436
219 65746267
1560 12000195
444 49893916
1673 63513032
1112 34588038
760 45985800
300 31665488
1053 77518985
1449 8963434
1683 10163821
579 74238516
1289 56349002
902 4903719
808 65195507
195 67957207
726 64710314
1060 76440147
645 97401616
181 16252614
1554 13330118
1410 59630575
883 36918247
852 86183513
859 39860568
1041 49557692
550 10711552
714 1421870
1211 42037379
1679 42736208
17 39318861
35 70823886
253 1945946
22 80739685
1581 26114448
208 65294915
1450 5382008
1425 56309541
1294 68737905
243 56737487
1571 42672705
1688 11139214
914 35124092
953 72961164
1983 23919377
118 89427062
481 31423492
708 67267414
231 60031334
615 85233353
888 2548455
923 83139405
406 27970111
646 50230718
1617 34458352
1818 5306490
1156 18296089
1331 83031668
1882 34039493
170 83098004
1909 24206557
1840 21197109
1415 37808720
116 41515840
1243 41504326
1423 41534893
1509 29793814
445 4499596
1686 16639597
562 6988293
1935 19247576
1495 33261712
1860 33773192
165 43480198
1084 24802564
1592 78287907
1596 4135973
385 57155524
936 92982243
632 97333804
1187 77936910
1304 83572055
422 16059348
1558 18011001
1776 47834670
1386 88829600
1492 42326782
1806 4625911
1681 90901044
1078 48945363
270 79717016
761 17229082
86 79234639
852 83346739
1603 25572323
195 59219804
1550 72065592
1461 16272661
194 83379864
54 73340239
141 64315660
684 98296781
1314 89293855
959 40291472
435 8577858
764 95898507
1700 68986458
537 77180567
636 40028548
773 20437979
1856 93724201
1004 74142808
1449 74965996
1352 6431087
1458 77215483
606 42076746
1829 46973869
224 53206290
773 845276
124 68978975
212 35250950
1868 50234360
377 30521424
1663 4974857
787 40458586
1217 88667196
397 10103325
1051 52488933
660 5741826
482 48447885
1773 91207698
709 29521158
388 35930863
731 79481995
80 28741563
334 98715625
1697 65854805
169 20746274
582 28881264
1052 19442554
1261 3650321
1976 56038990
1483 75952460
496 51339319
386 19964296
1254 17167948
1048 95344539
1782 1869914
1879 34449259
562 73084245
360 82329232
217 79699688
45 73266207
1124 44560266
183 31199799
1950 76520026
1438 24628924
1066 1120118
1909 46119644
1040 34792022
1523 57279345
474 77255934
1250 56198133
1972 36415639
744 12994110
92 6354567
1395 33816107
154 96023731
1667 91532922
31 14262490
447 57103170
286 10099193
1881 28374237
781 87346182
1897 68711452
1087 40577821
136 31647232
1965 31131034
1783 1992308
490 31009110
457 29562909
1596 15342464
845 23417932
1257 22977683
993 4466545
1355 90199928
262 80539042
1290 48334514
958 64034785
1908 35923513
885 15367957
1231 11253387
531 46851443
371 87376907
147 62447446
816 16346522
426 8266046
1438 55389372
137 43055182
777 51667537
976 68123581
535 61607794
720 42166588
1345 62608607
1861 3172061
1480 91463963
1251 75033456
1731 70587912
911 97618124
71 75761354
1946 81383540
1616 4592279
291 76313215
1609 73849916
1724 43381411
542 71922828
1464 67384920
930 65200319
867 1021987
1828 20785585
531 78857400
1448 27766770
1022 19999604
510 80808459
283 8835853
1973 30199651
450 1194042
1549 32385331
628 47289934
1125 1908358
1518 31752702
54 54692689
708 12394512
169 13721834
251 218287
277 70126899
1280 4306024
528 37999247
1896 48764704
1228 46956061
602 27893872
1356 336303
775 64463995
1749 11627875
1065 38956883
747 54941626
1487 92400123
567 74879911
767 82043675
1735 23243839
1670 28141868
1755 66370354
1702 43780760
255 61786225
1286 75693660
1752 2662375
1630 85897999
906 85191798
1015 40753017
1772 67148627
1503 15388610
1655 55452189
312 36757272
187 17616073
1942 23966549
1080 6095614
881 86747002
1565 89589015
120 29351923
1183 28105932
249 12633879
1260 61149468
28 38799689
259 53926576
1813 48193644
116 64295311
1543 95681808
290 76403692
987 55112305
945 3756379
1336 87396029
1543 36219977
1852 87350667
1792 62219850
902 29700584
1343 26780877
1885 26126793
995 93382693
1761 39304316
922 49511894
1295 20900824
874 56112918
1792 38587410
1686 54054416
578 31569079
710 25294923
630 72695494
151 98140844
1336 39840244
428 81781455
892 55719181
1354 64391644
1367 96492678
666 99288809
1613 57599959
1705 28327658
636 15124261
1721 52632472
1708 21989891
210 99927739
22 17014036
1192 25040431
167 86737562
126 54788395
1250 88574673
1706 48634987
291 45132183
1913 78656181
412 23317320
761 82454559
1159 79262046
909 16967119
1021 255497
198 614330
1040 28802831
990 75804359
312 78281084
1669 93075454
1490 29058769
964 96629157
314 36950052
1875 66960001
734 10807127
1200 28739800
1369 28593876
164 20074431
1420 27009280
298 7274933
696 59157493
127 49510166
905 13464038
762 38809897
291 78675667
678 9280121
1219 32265553
496 82916935
1306 3689775
1075 3814193
144 525822
178 53654055
1228 96264705
16 89491973
1416 63286389
1064 50538764
810 9688874
1812 15436911
1290 77879808
1915 14898035
8 91164864
1327 69322616
211 35120139
1697 92646023
1187 54632839
1521 58339522
1067 81530563
808 36794711
1024 38238415
1936 1069254
120 75569943
1499 81517743
166 4173301
1629 60928082
889 56234167
1003 91124936
1094 5036977
1107 23345800
1146 65203455
786 31483384
578 17484745
610 27511307
1971 6849187
932 29326928
1225 95625407
392 51645111
826 87036905
286 61486872
1224 35150212
1431 25779667
416 50757423
1020 43816114
1757 82384860
1798 48467869
905 40702795
192 72457314
1884 74806863
120 62235552
230 69307345
834 79260005
868 74475015
1783 41160807
1129 21617026
1668 57754831
1949 77578985
1458 53184322
536 5471807
867 36647160
1552 69195055
1170 40477687
252 70098987
933 20601742
174 17936328
1965 31594605
1042 26916127
842 57209129
1018 99308782
1568 15419415
1687 53533967
1492 30209399
321 9225098
1975 11965712
1403 80394157
143 55069924
1482 38760607
1386 12003415
1658 60998966
816 58798149
1337 67958804
201 23728023
582 6280069
264 96266074
661 31823441
740 79031012
71 89892440
940 21503065
1157 45150484
232 18847147
1732 34598002
1489 27650207
1642 21981036
1894 87250908
197 24775132
1107 19464352
1465 41474516
1878 87608868
1334 76645879
640 58376142
966 53109488
1290 98859433
1578 51680270
1384 47152171
148 6347627
252 74891748
1945 92432742
50 19336943
591 94711930
1844 54942836
628 5153261
287 17253703
1252 17599563
1133 99415067
1299 93770218
1528 55231115
100 231068
1268 94914339
1070 26969398
388 48742092
1261 60582180
1063 31811712
345 78692148
1750 72461405
1022 10252859
1680 97923845
1548 1811430
1754 14550249
107 72556472
343 66172789
634 24272878
1636 18239101
710 28010805
1395 76415284
559 7736302
963 45846285
387 1307570
1000 73849758
1103 81323005
1624 58436501
1348 26231757
768 6981984
1245 76570598
1671 99970534
1383 88013902
1741 20486466
877 40063579
716 89307079
1284 4395360
1332 28087292
1859 43396093
655 32966497
1267 4107927
1962 29736085
1398 5643771
470 29523148
874 49565636
645 12435068
1724 63070069
464 27779658
304 31065277
1099 68403457
1556 39508043
733 44235945
919 23432900
1675 8551418
1307 51289519
1046 16565360
978 53366875
1938 93344730
1550 39506736
1143 95918878
1657 64405714
563 15208608
78 25792253
1491 31076107
1196 43770742
1517 33019092
1397 9706453
1613 79698541
291 2094627
1116 5001051
1593 34800578
193 61297944
126 72900561
1940 99694451
1532 82543256
120 53996023
1863 56483629
1572 26941105
1665 69741953
1305 91649765
609 62529481
1634 49307832
75 54440247
1316 57891640
1493 74805388
947 14951724
568 89491806
660 50289772
1236 35925046
1352 79832370
685 50630258
959 17933624
1091 60582080
463 94422473
551 60440998
620 43836728
1582 15773800
159 47722766
458 79699990
1978 31781625
899 73539801
1058 16627697
1012 75499369
1097 77940328
1310 21934398
1036 34925421
1885 96633795
1535 84711247
500 2766479
1707 87539908
758 17722311
1194 38694309
556 82070252
944 8742863
839 97064186
1948 21308325
1822 39774190
152 86151948
698 57369844
84 31730679
691 26897678
995 56901602
1079 72031498
1527 33263700
1520 20746570
1613 90521807
1536 9729300
592 76997697
1153 68149544
1071 58602499
434 78781402
1694 88334071
9 17846846
93 38861856
88 43610999
1697 12069989
1252 89764989
1319 46556502
224 10584441
903 89110817
66 58172866
1986 27348949
1298 61365092
687 12218070
89 95119911
1435 47244720
751 50731393
1762 97489610
1968 62581162
1421 1343987
1986 11976706
1817 29217190
1784 82385568
572 68570887
986 13142950
1716 81850077
1956 42347032
1636 39217982
264 18578377
708 38259465
55 74772974
1849 40115954
1294 73599328
1520 99115311
1440 78989734
1293 94889003
43 66389627
1667 97740840
1249 4912589
1799 99294261
1679 29026135
279 89371355
1247 42859717
874 32634348
213 32541742
848 75136383
1737 8914351
1029 37851787
1311 5374253
1249 71210522
447 94975453
1180 80363132
1673 42722071
282 15172980
1061 49448404
1132 18206552
1617 95611580
1378 54880411
1291 88683597
351 52425744
827 10924925
1728 33572759
888 95330816
551 54869307
1281 65940701
925 42618113
1335 97212059
1202 74797587
927 53601570
1905 92601494
1576 56954161
703 34040867
1440 70902306
43 96069743
308 81468742
1229 85843946
1547 28573967
1664 17265647
716 95873955
609 29642557
1980 3247488
719 75247164
1603 47758268
308 97942733
397 45048023
494 4409813
252 53868626
1142 59600629
1243 32404663
1417 36873187
1533 4165861
650 11299776
1623 47166542
517 61677316
504 53216729
1329 9887858
624 16096896
1774 61956468
1933 40212478
733 17731355
270 2959781
279 92295389
388 65624553
1198 86632043
570 7566391
174 16935325
263 98738715
1157 2021137
1103 9316876
1217 41462106
1737 7534679
66 76546879
1587 41517691
609 40003092
869 3435253
854 72023374
533 84908320
645 15739793
518 16214782
1535 53594793
1450 78393418
1155 93062482
499 3797923
591 28070094
932 58782072
202 33197460
329 25914869
1051 42464680
1044 764039
1412 1679082
967 45234924
46 10594326
391 38021220
1404 85708821
1516 33738659
979 83049880
624 67382788
653 46813266
1392 23712333
1707 89328214
44 49448264
1014 1327509
141 32270014
1273 95312047
1689 83809018
92 37233345
1943 23209938
131 64219890
1801 31710846
1207 20499865
1467 94265029
267 35130638
294 84694811
206 85344880
1146 9343616
30 95934254
815 49715120
546 86671366
1073 46086657
1125 20051891
478 31490895
1393 11455969
1309 62661963
729 68448344
52 78120922
411 64855018
96 50047011
603 86550120
1552 81929560
86 48181671
1705 51600798
880 2581409
97 93894041
470 40850109
1210 76268893
1898 74909077
776 23219941
84 14976973
790 14557257
151 32771066
714 77406232
1343 17580482
1194 97611741
1201 14711418
720 81058306
1464 23330830
341 7009015
1938 39007726
1735 20197718
591 45916458
1967 93276188
609 56742751
1755 12223285
802 2378033
489 7661395
379 71975073
497 85291536
997 65037222
1633 51235213
1429 14960930
432 95158083
1770 17468975
1212 69236703
194 8102859
1119 88850889
1867 90933737
1239 79877557
832 98623206
162 71912566
541 71397737
552 41183043
1809 17157940
1624 37961070
1723 61894208
979 66976507
612 74006155
30 67663251
1167 69334393
122 468184
164 31367081
1128 36489273
1320 23962503
482 22493659
1335 60984025
734 28619654
1249 26496538
760 80787276
1318 48793629
1839 83398697
1616 60460982
179 40059328
1222 17542499
632 30974971
1406 49655239
742 16830496
1949 73278582
547 8355842
212 22202952
379 24859499
655 77772079
370 20601443
409 28314555
1956 52955800
1479 72653418
1762 92828725
1616 91762406
1345 25130593
114 45643338
229 48698149
1667 40065072
36 81353601
1823 71364766
870 15617444
595 73075297
1547 34303751
1344 98988801
1166 7632347
39 8810266
1446 56927892
1919 1975349
1607 72127140
1123 87677375
403 8075364
903 5879649
722 33651994
585 74818510
1188 11804728
324 4715039
1436 97300051
1272 72931820
181 81154065
874 39025349
1317 51740329
1461 54407264
1415 34332003
1945 10941190
1918 7669424
1948 8749580
279 36971983
918 72518301
1441 60573951
742 85629573
904 98552791
662 4833556
968 73167653
1298 79972997
526 2202349
1478 95624483
79 71866665
580 15127251
304 63963416
490 17690515
595 29719712
1535 87377628
291 41069324
858 89832025
949 12265444
335 79054660
1648 18322563
1186 59187430
897 66686297
758 98328287
632 10675125
1230 27864029
132 49017221
169 41256810
1327 74092426
1640 37129829
89 37903772
1778 75536538
1603 41952442
76 85649076
1228 40830162
1398 17552473
345 6141009
496 55675646
1043 20933034
629 46748656
437 473055
1368 66666301
661 22636670
1978 67503617
1178 71903140
902 5573939
1797 86689959
583 93812713
319 98995392
1927 35376639
1025 49198230
399 4010985
1883 87218072
577 80682897
113 18723269
576 39759266
58 7076943
103 73719305
474 66865031
672 78959061
702 3405425
1856 1091436
229 70676181
1874 23770490
91 26882291
61 62013481
138 17108946
1469 83936112
1309 30743801
922 12478126
244 44566914
1927 73696099
436 63695664
976 81357470
1104 93671030
527 21845220
168 2398588
1252 92204544
844 70357158
901 95262696
1929 27638515
62 78352674
1376 80849699
62 1590833
1541 26907795
1099 66093275
494 71339055
52 75634919
1031 39721130
822 18111768
640 22341625
1906 35501320
1744 67926348
188 2847688
1286 43680898
1533 40555659
1033 12935617
1256 68583227
72 33713471
96 57895168
1285 41792075
1363 84612328
197 16294169
1691 53198555
1425 69755988
356 46956516
856 16300015
1855 74386884
422 62680052
1162 27542574
1143 80377660
897 30196715
265 39522919
560 39614945
1435 26503059
1905 86374009
789 26531261
1492 33942618
703 83749936
1196 56389786
1672 10967848
1185 3152594
1778 85804138
1102 16526930
1104 7290402
854 59877844
1951 64684090
399 33497691
1868 93887206
518 29959751
1570 75655454
1027 41201753
1711 39836449
337 50044849
705 14801896
516 34641366
1050 62297289
879 58070311
761 67849791
1003 1618321
265 71183098
88 15324608
601 4087077
1425 92590549
382 79483992
776 23397253
1358 91400413
1304 62358865
296 92259729
1457 12372304
1140 71354702
1343 37864073
1684 37323982
993 86786123
224 23047978
286 32830319
1819 49900610
717 82614616
815 54526282
864 56994674
1078 2788169
142 41666072
1407 97507286
508 30458149
35 68945004
1688 54377697
931 94876827
1329 78984401
1274 40692507
1035 89890935
1266 6691321
971 10487913
631 28425237
1479 63095970
1794 20824046
1626 69478146
1948 52998924
1283 70317150
161 67685508
1034 45305931
748 1154808
1325 34479274
1727 44441751
269 80748797
952 84266904
475 1391096
1562 98393690
1277 66508
1098 10014243
632 9770446
1074 35769474
721 59483210
972 42909163
363 44307314
1805 88124716
1284 4774239
1065 41813225
1179 37827512
1239 57749892
1768 23905588
716 41732393
383 38007725
1653 94724750
1464 66945010
1408 53753063
1618 40609988
328 60996753
508 30807289
1335 34926262
398 72049643
1204 69760552
1667 12330503
1285 21110099
63 2861458
1286 21250676
689 25909492
1067 57096435
255 55625504
696 54507803
1446 9076531
1779 4318674
1579 50299756
1377 49779717
1372 26770399
1894 61254352
854 60273310
445 80676628
1387 95105034
1342 27794532
228 33163071
275 77249891
606 12028277
971 28022484
37 38683863
545 42740647
764 90791154
1540 97446914
1424 69923805
1377 74714308
1650 36965316
1558 546951
400 19499917
1001 74875144
726 35526659
1202 12571443
946 51714885
854 32794997
1802 76684012
378 36429648
1457 43347769
315 15644623
239 83778673
539 27746186
1766 17867225
433 2913036
189 43461858
1895 57103872
988 37199919
341 30083078
1214 87165044
1651 46449013
13 37508560
705 7655796
306 45094197
646 34593153
988 28288443
977 27613594
782 68362017
855 18285948
1396 62852978
1938 46094488
272 29691675
1157 74309316
714 40210080
1957 44650878
33 52079620
1081 71287758
1116 75376606
843 8813458
1851 28061702
178 61429122
416 46160739
1058 73449967
635 49435200
1710 5784703
194 17967603
1580 23635718
1466 60110256
709 19583577
1227 7370133
83 32728166
304 12883403
1261 1554286
914 87992183
807 61247165
1559 53774355
606 77436735
1122 16751707
1137 19490555
570 95138969
734 30991437
1497 82187154
213 65798555
54 57604894
147 47650452
1598 7165644
507 24424780
377 36910894
1287 60825408
865 88863163
31 93473315
1090 49781564
373 47605317
1284 74313105
916 85236530
1349 97403835
629 87591351
958 75887827
813 74404752
1764 43804742
258 50984100
172 54950174
1239 23535785
1516 6420651
1795 16764146
641 63982823
1798 90437686
1445 33663864
891 85330363
674 10171580
605 82461747
450 91827565
1862 39682756
1059 28475708
1403 53724465
627 88659065
1142 28283541
437 37666502
1303 87986661
927 41213225
308 91887320
1916 67504621
247 71476788
252 25400714
1094 14178158
1927 79890398
913 43147709
1915 71725708
778 91949708
453 49434326
754 77514571
1853 55415443
1835 86735336
1269 10133792
217 89685450
221 84505508
1729 9059417
596 16414129
1473 58211318
1078 89859710
1728 77387137
286 26578438
386 41468071
419 55881664
132 3538266
338 31608305
890 958438
746 39367303
455 32622045
1837 67448475
1204 53364464
1151 56396618
1188 56480465
1856 95476439
559 14625591
1249 92113964
942 55086257
1921 65063927
683 69512900
457 35004812
159 83810638
1656 6620357
950 58669569
766 24979203
1410 48005107
41 18631814
682 96898014
1522 63793452
1922 355532
1524 73102968
342 97122393
743 59510205
282 36425687
577 53795684
978 98036076
1736 31506106
1783 60446318
197 19132142
797 36630475
112 15440206
1532 41571728
1814 38521505
328 14133156
59 96880926
744 14101202
705 29469813
1348 87717179
336 15948598
1104 66070502
560 82597805
1902 63577483
1231 50985996
1709 4746727
1375 95656040
1328 19262188
1706 78529137
1595 50200970
77 51820011
887 24398305
147 78822816
701 71201184
683 2239454
265 2305351
1643 35577581
1886 92965039
444 37515136
1492 84795650
1458 33082675
1068 11135623
1682 83435933
1312 97384018
259 91231728
1911 84048417
1822 64435468
426 96785381
405 99462581
786 56583617
1140 79421280
1043 24922793
1402 79781173
1979 85690599
702 26946707
514 58313794
657 12544980
1985 46317154
1943 52363581
1702 62978687
1207 43802514
502 91679753
1414 7990179
973 4012618
1037 8968051
1843 61671149
1792 24517907
1952 8420896
818 56998126
1015 26628094
1388 69630450
672 1523272
1076 6907657
1331 83189047
1974 44057951
1195 7899253
1648 98227543
1213 48614799
1607 40560493
856 18703188
937 18256356
1813 95466932
588 19484631
879 99589696
710 3032028
890 65460295
417 63676030
117 59870612
239 67340345
1459 82371278
1473 41743746
1369 4291466
326 94882242
1187 98705364
742 58050035
552 42520335
717 50299241
1354 71597007
1133 94391448
676 51299334
1121 49920845
1905 22602307
121 88775900
1967 36696915
1435 78048931
539 72547246
1083 66887781
1033 64796670
1437 82261331
288 49729110
1255 85943291
1823 21650462
1170 82753065
1243 58542757
413 16950525
121 74567989
478 31634424
64 32984598
995 84675920
1933 29042922
460 46298763
1314 40066584
354 83461585
916 74956567
1559 20881641
963 11066987
9 21967826
761 95583818
1937 78481271
1447 81865404
916 69001371
877 14819520
1558 11152746
1948 26078824
1956 22518336
959 63586221
1355 61744618
1924 82003643
640 61032412
1465 63445472
19 86678591
987 93771690
1188 59746261
1162 65883661
745 48514788
1451 33659329
1169 9215163
1020 23184658
262 48799320
1256 21229280
1852 56901580
609 92651107
1480 40984659
891 16368755
1347 84131312
293 36447477
1777 54326687
378 79456320
21 72091028
76 52300480
1142 45605399
1364 90638327
847 39471363
1985 80221176
1327 68119172
274 12104691
458 86265959
370 96183303
1380 31926900
32 81784042
611 44882638
115 86868115
588 53483390
310 65798625
1987 16697121
1330 51212938
1867 61607971
1415 22155787
1053 60706955
1789 41866370
1644 3827420
561 58879583
1929 63759564
15 74893054
158 72647649
67 64261029
327 79941319
1121 69255964
1601 22486285
506 16548184
1772 10702751
702 54002279
506 62128740
1357 25906409
520 31051381
1904 56694526
211 26776546
240 82521237
1361 75669700
452 38738927
257 66607739
1270 18363989
656 6645454
481 37522824
1788 80223599
1820 73347849
788 21832130
212 63237073
1632 56024546
1790 64345621
689 9432614
290 26987434
1161 41646961
33 79261623
740 19439315
1034 70666715
1977 73516859
1535 85112465
1689 34199715
864 66843108
968 76706297
49 5349665
210 20057438
1015 40048354
1785 62762924
1959 68190617
1501 30466827
368 60921051
744 57203074
1159 94463153
1859 10699577
1418 62689444
1491 59193278
453 69411454
1962 75469902
641 7816307
994 28961872
661 55747330
906 86785414
39 25101296
455 5222364
1141 74260230
221 40986316
592 60319331
1864 27880308
415 27348132
938 72428705
1543 75312673
1779 95388541
1583 77531328
1278 86011394
656 75550994
1896 3546312
469 63992577
1975 32126713
497 44912770
470 87418490
1378 25554620
1111 6870633
1611 31626901
715 40656435
683 73330826
852 6561665
56 97223476
197 50916683
357 72808649
1873 65135145
1757 4417696
295 84690671
1574 11529536
698 62536851
1693 6682813
1673 28131658
842 83392852
45 70627736
1734 69753233
1472 79027490
1395 29402017
1635 49276616
929 87539361
82 6413002
1317 89637729
265 13740357
1698 92745957
1275 14982050
1813 15248413
1318 65750504
1152 32506947
1581 59201364
1750 81400806
422 35952256
1368 46145976
1875 99270804
192 5601605
1206 7206191
1363 1257071
372 58521680
1207 37683693
1730 89982929
180 70693065
1180 87221495
1971 87516585
1474 12905409
1465 51886866
1092 40956035
1673 6968577
684 36958064
400 49437093
1778 81178899
1072 42325344
1668 48179664
1264 7036988
1091 39509920
1660 31479733
379 27666683
1800 86974182
1797 40630629
1050 72892882
1898 99547004
1329 83191867
1705 10583772
479 22444035
28 95791351
922 88803409
1426 26919827
1783 70388045
405 79743874
1154 86833540
1493 74662066
291 48746644
628 73002424
1396 22249631
865 15244298
1672 24718148
936 72438613
756 7810693
1978 50586813
1976 83080575
1096 54652209
1778 28381118
1885 8045442
1636 14220583
593 81226900
778 59559463
607 71883749
1923 15766771
153 49059638
1626 63551931
1740 85675268
774 79095238
1301 48696448
1291 46168972
1747 69677012
243 98177777
1167 6166235
1340 10933961
584 30360763
345 54517346
769 78725020
1229 25025686
157 74899269
1549 48011294
456 31325212
1283 40779195
503 99833306
1864 80147067
1551 59296716
1058 329367
406 8081938
125 5819301
314 30098743
1618 33492555
1434 94424159
41 29596226
1052 7119415
1544 76274300
396 47930721
456 58493943
1270 88365172
40 1289119
788 71663923
1542 41760936
1033 12784929
639 64967072
1866 93113799
5 92664096
1212 92572340
71 88704753
579 66682906
1841 65178382
364 25439243
805 8337358
463 70770981
595 5142251
1982 71137144
499 52367336
1522 92900260
111 78794411
1634 88734928
1959 84101112
1468 19580562
682 62610326
580 2921860
328 4182106
820 22132411
755 95923440
1530 15845875
928 20941620
1803 76124803
719 50785713
1141 37547945
1557 95095719
252 2314026
1194 41166098
1400 22684318
1360 77930385
1092 2032418
551 6934135
761 44372144
795 79591749
41 32993081
1748 14076210
102 84808691
557 40488516
1192 66134405
692 13228146
1477 99459983
1989 39163259
909 87246700
608 45339315
321 10629271
1152 4712251
1976 16326765
1049 22648673
1564 22762627
1310 27203464
387 35304668
169 62143721
1709 81330209
1377 86079558
985 98939171
1255 56179669
1311 12664274
1184 173164
1430 80704990
504 62358345
1726 21298533
1128 9028656
351 78716982
1441 50840559
1985 38950455
513 14784373
1784 24356402
872 46884835
345 32076684
425 5667579
1310 37304802
1757 81931362
899 62222881
1834 49880051
708 32649711
54 39294838
14 31825344
1138 44089894
305 85033527
1262 17054639
1305 78007180
683 50755458
1395 61283459
1585 60566547
1768 88153742
1035 29408703
1655 33114078
1720 75427622
735 45960944
1875 90781184
1912 42578774
870 85075251
57 30915868
255 89979149
1580 29128302
1635 92449729
239 43905505
977 14531770
1837 98394536
1339 3581812
547 93848795
1685 12006824
168 96846933
1749 27332537
1961 17774823
1329 73934885
1528 706095
755 92306772
183 93207986
930 52604062
1464 94352413
1641 34504475
1875 93291683
1302 995940
1154 76650914
1301 83267203
17 42600972
897 2495287
1394 87741177
1042 87288486
1273 457898
195 23418654
546 25266212
1380 37818661
1915 50527699
1474 45843190
1868 40509219
85 40687087
1707 34416615
422 30519827
1020 51293484
538 86599943
1702 61577409
158 38375065
101 71439407
437 59867290
564 39403275
197 78094002
565 99011370
821 88176389
1851 63884443
862 99451886
413 71916301
1447 90710917
1316 34338353
1929 69916799
584 40050478
319 84558997
1912 50644677
386 55979177
1678 48597613
380 99014093
437 99132412
345 57703079
118 50569815
1448 52715556
454 32415400
691 18847920
250 97339120
1925 63180970
1971 88338638
1867 22342014
351 94647216
1835 82533356
674 82351425
1268 72408681
36 54359002
1586 71466279
190 53563573
1430 9184253
90 27565179
1261 71103998
191 19099956
1366 16828632
65 4543461
989 632901
157 70656428
566 21271216
45 82392278
1753 15628241
1614 94833459
63 48209094
645 64492400
1106 60232931
1545 53877435
126 27222066
417 83833347
143 46455897
332 93310688
1049 71888732
1793 48326837
1415 43252600
869 529253
1441 89319614
1375 73361094
615 181587
1173 45501130
1632 74936070
291 73098758
1635 85598560
277 4586186
463 13451512
1159 63663044
284 91352837
1099 28224643
870 7344233
1335 88279554
817 48051098
242 20153354
110 24246691
410 94834919
581 66741705
385 77851663
393 55362284
926 76846777
1495 35475670
782 6297823
879 22368849
1548 61350944
1397 31967303
1478 81995959
495 18643420
1500 94941074
1038 64117025
518 9097934
1323 13641581
856 17824698
1493 49301607
93 74577414
1873 4175838
1878 50657439
1205 37889858
329 41095043
1549 31948834
240 79013097
498 44537926
1188 60776730
1524 36317274
271 34908568
404 23328585
1676 93830719
1717 455708
1597 69869804
1738 12364482
1070 59453910
719 48387761
1982 8708180
1583 19582964
1001 51569031
1181 4765562
1081 20480641
1941 96623889
1655 17517539
1950 89491528
985 38408166
1697 1465314
1074 54822983
149 48927006
608 56711041
381 21656358
501 30348160
601 26276301
17 61354443
1787 88859564
1337 2423768
269 1054660
1639 47961320
661 56678133
633 35652417
1195 22937671
1958 16538830
1225 63848525
291 31356712
706 1087304
254 74067020
1560 9265409
152 97820486
231 43471521
1338 86433680
1188 29647460
960 30988917
1067 64278210
615 80897022
851 96945448
1332 24675060
1802 95642726
1931 49318810
1324 17608407
421 24783135
115 26292332
1082 46472078
1386 55781687
1801 23615804
386 8500197
1600 36616999
816 3939637
1969 21366130
162 99072505
603 46723246
1796 71328943
52 68417425
227 17644900
1627 31495625
180 55960814
1546 6465370
688 7645267
1925 17810888
855 49746364
684 67712868
1867 9025233
780 1426924
1836 24452135
540 86215421
1307 77572559
4 72058945
1043 56853325
685 20905876
1022 63245310
1804 62267884
335 61196614
1452 1459271
981 74187055
1062 84785189
1087 18245908
24 39729038
1022 9344276
593 45268716
1518 16465368
1849 62353755
240 16939157
1903 47972134
892 27405423
1536 48290708
1893 73795864
1081 62373210
1693 31808200
197 56350713
1884 40651697
1457 34961379
1987 46150311
1899 91201451
250 68362731
1842 46840054
1589 20470658
567 36415083
1519 43606509
105 63718650
61 58297932
1318 66695371
1973 27600656
1128 72118979
952 50450119
326 70436815
1567 22121946
809 55032125
1229 32604964
548 81315900
1174 87736449
239 43344852
1037 89866115
1585 50649626
269 69179857
989 9517262
323 31410340
1266 12087937
727 10313918
1937 70936204
711 65192961
490 4382205
21 51803918
835 13136221
1972 58164260
1711 42925635
1737 75124428
866 59140520
1738 71063126
333 3495873
115 29191127
1319 67720772
622 41742120
698 24645167
953 69048331
992 12820076
1891 41987095
1953 74072552
746 29132964
154 30716248
1163 34177248
1838 38230637
1779 12428722
1649 79324924
157 12194008
527 76251184
1269 48350284
664 59535659
406 28813371
1204 42148443
991 32278550
1035 84619346
671 24687152
1787 20573010
1751 50933377
1127 93633693
753 77447494
1789 99445005
672 34268192
1052 78400770
376 66623431
1056 45396392
1391 3656615
528 5066120
75 89112877
1167 35364392
921 7215786
1959 48173424
147 83708342
1019 38239408
643 25068398
1804 24785048
1085 68770136
921 97424813
1015 8032687
551 54533233
1517 35510242
29 42146187
319 57378028
726 76669548
1272 99459575
1461 20398685
1042 37050383
1795 91094652
1150 42351249
1097 7916796
934 66239866
182 22451891
1497 61964602
769 43081035
1041 53251344
1868 49686112
1909 2576598
1487 32961148
1438 91560959
634 58961885
80 26697340
1896 50212247
1490 52965384
1293 89539153
1462 70640960
408 15252632
1266 35190498
390 24407181
1648 62613933
1249 19668742
444 70135189
1268 9659568
1036 61187154
1575 32666415
1960 4767764
186 48801351
278 23505222
1127 52761884
1748 40320498
1401 24303592
1757 92273340
608 52874989
1382 82293453
1806 77135291
123 49803091
722 65805367
1175 66158887
1903 45166420
1737 18085651
1677 37643210
1661 74493839
1712 11867576
1910 37974512
700 26986021
215 59446850
852 94289173
903 95878542
1015 84216733
424 29479037
1290 75595733
1851 58156057
96 4253113
23 16866036
240 9210042
1452 79768721
460 15354159
1745 85814166
10 4777974
1957 44367548
1298 7116392
776 88086313
1137 8050941
1576 1086081
1928 67169555
948 6136050
1529 62363599
234 36682741
1800 46156107
1589 68552597
1000 46049522
1921 54735754
1112 7616583
1597 41141769
289 69371302
1786 49191257
1702 94356419
1702 30409612
215 26275129
1984 99707738
1298 14577164
365 88726325
688 22652247
427 48590179
1828 36506900
502 29207208
1032 23013151
264 96476456
1047 29525586
1230 95540643
1390 28160246
1905 80417287
581 87042174
934 77440378
916 47355297
1923 59278340
807 35508257
1016 43905928
1869 30962788
1948 32001563
452 67187939
510 2542463
1821 97668086
575 73347176
600 41669848
224 31123265
1814 66136072
1057 44863111
739 27400156
1203 19011903
883 51967958
1835 89204266
416 31327613
1151 98153071
315 83155357
1956 82276441
506 91363407
215 93060739
1205 88870527
197 21257870
606 35295735
1760 5403173
515 68954392
1808 7126407
1800 25086126
874 71110001
1139 56944905
348 64530299
1581 98457165
832 3079271
1545 45354358
627 84472171
1230 27723673
353 30781962
615 96457177
1233 52167280
1944 9453673
1605 38217425
812 60353091
1677 74762614
1427 23998494
1269 62493302
263 11219587
142 21732270
63 94739676
1704 43805627
710 67716310
1624 81844503
166 10843412
349 64550537
537 69699003
1956 91569854
549 26804623
914 57560741
1005 75131111
965 25113284
1118 83228675
2 32589357
1817 19662891
1190 56641366
55 84165872
1453 7012954
228 33757495
1687 47322167
1074 54000276
1129 51901497
1583 81106873
1039 55368307
1648 25774983
486 101915
519 97768756
1061 5068404
1651 65338137
11 75445693
1161 44495740
1322 4436301
1087 37566757
964 80543795
854 5339417
645 68441512
1681 44771370
1504 88071676
833 68847064
399 38822445
470 56369032
1110 560846
302 64139560
1609 87651571
226 95803363
1395 19511430
831 52733379
1586 21477067
495 40429691
1198 14140741
205 87435881
1242 57625154
610 60474318
1124 10601848
1263 89136814
918 81492486
1392 88348653
1705 4676338
1191 40198934
639 86998615
955 60457877
1786 81334104
1743 82974129
1670 56007745
1898 62381090
1552 21689280
1704 10279795
935 34540576
1514 77527617
1723 5108199
575 47083069
1502 17202981
1661 21170369
1625 40436288
1525 19239932
1261 54920656
272 86461300
241 97921769
1376 96614988
228 97871953
754 81627056
1351 61329402
1520 51392020
1719 15177316
1338 46045106
1785 616772
1085 11918905
827 81076250
480 44731776
600 99491282
691 53980145
1477 1218573
1855 95699403
1961 14909579
1594 58102561
1508 3826822
916 37375470
781 84152821
1120 66058907
473 70203480
945 24648358
345 57748541
1521 93672710
1769 74689242
617 12853681
998 7408899
205 33625168
1253 12307975
1186 12800520
293 26671667
1379 45031791
1103 15665403
1607 48171065
1724 23691104
1377 4181067
187 78850338
1449 22263894
1344 70429392
687 27940022
945 6857443
485 24331864
1594 12660233
438 80442872
714 92314307
1064 57218467
380 69179177
773 2000815
1731 89690223
360 89695510
109 16918205
655 64824969
33 27738706
1800 37400126
1048 3025467
1483 48319437
783 58650203
1946 81698310
622 35641037
227 48794997
956 7900926
1325 51974023
1699 13296426
829 66957388
1470 56663072
869 68884329
1908 55562179
857 74382525
621 73314513
311 39018040
1119 29639152
655 91255596
1726 65021483
1272 12116144
961 87611440
1648 86166921
755 71957309
245 77625173
74 44632136
1858 40756736
1246 58784516
1088 27392837
1244 95866716
1070 2680285
1595 18590718
482 98037563
121 34068507
1610 89035577
731 14763417
169 4785214
356 14579214
1573 2919927
1782 81609433
1529 24306610
857 82676718
347 27536777
1116 27220765
1231 60840635
372 14254033
1173 44785063
628 57735598
1675 86107325
1774 37148489
1578 43410447
1123 28810976
172 59319467
556 91664149
554 34959418
1528 333551
1141 52031503
472 24329375
462 29504208
933 92046951
896 79670326
1959 6382116
266 44178439
716 19794368
329 60954523
182 10461370
1988 13887468
647 57593335
1767 87695241
1871 40479034
1507 27563771
425 86953391
1759 28855558
157 64196259
450 67865611
907 48704610
1378 15060546
407 24507679
1429 24237144
1549 94557453
1624 6277608
658 94589341
1047 96807522
775 98404716
1492 53956514
1155 64706478
30 84729039
649 13631912
442 15458989
30 24460716
879 86587734
1221 83376890
1769 33284757
894 13403618
762 4702968
976 47746273
1167 65496248
1000 83662005
1923 47034644
30 51839238
396 25983175
1416 87544147
730 68205586
225 29329515
1854 31520584
28 19505528
1148 31988263
1982 72272951
842 63283339
1117 80343978
1294 46153994
982 31483235
1692 75458571
1667 26470364
1722 2244665
42 81033429
846 94855319
1527 43972758
516 22269988
1684 99241833
1963 32125210
105 76931595
926 26662483
12 86935549
1910 87397468
364 10448481
1186 402484
667 97718056
1293 62109661
478 55903326
5 55014375
136 97614871
961 58030683
392 17963304
409 19922607
839 39123948
1753 40985202
1457 73710346
1968 65260090
1440 62626211
562 32958128
94 91241725
143 67522760
1573 14254371
1059 18180906
1444 99019452
583 59610804
897 28097680
236 43254656
986 50458511
1330 68298825
9 20257785
734 5638003
765 81964416
1917 59646732
1582 28588356
1003 70181671
1174 30998176
1419 13822566
1565 72369557
819 72959300
534 10231459
1581 68023332
911 2727943
1657 89422828
1445 79487957
714 47801619
54 72038385
1903 98746578
1142 81886772
18 51109781
284 8547226
374 35337913
1149 64028588
226 89830653
245 33680304
725 7787155
1430 392761
1147 87273607
1117 92121181
1230 61339864
1765 39450792
37 76387584
1403 67613809
603 18008331
764 38560177
1244 65008413
1596 95442268
1489 39169158
404 49506806
462 48385355
1742 96822469
411 32131578
487 89532054
1487 52852288
1354 1134324
186 58295077
682 28366339
1930 52074294
1147 62333177
604 3029786
1119 44233441
1941 517110
459 68384526
1482 4179270
147 73718785
1466 6111146
124 66286192
18 20272837
427 62680613
1197 42504186
1215 92349981
1892 4400054
590 40514629
928 74245525
341 84106029
640 8773865
1345 45313510
1168 73047883
1986 1493596
1603 36622072
569 34824483
1015 50786340
967 33492295
1259 61961626
504 49217007
1140 59987846
832 10297779
1581 19832365
840 78411304
1123 58692919
1034 23869553
605 43373155
319 29274112
1130 87913804
1416 98680897
1430 11012794
1824 19785447
643 87132408
1444 85374663
160 1967004
1350 6076198
659 28675011
1326 31375455
1569 72219090
1742 95101618
293 24820445
430 3411498
112 93186938
1654 37130991
1018 68486023
1987 10669323
1030 21833621
1841 93814303
586 36248865
1539 10576415
235 66296989
12 52687072
1047 90575646
1099 95995728
1468 93849286
311 98739451
1591 15101221
1641 39379684
427 39869264
957 94421606
351 64838916
1859 40370456
739 40578403
1019 671270
1987 65890077
36 67559490
1422 32933002
1080 79675418
368 4309089
88 91336089
22 24317548
589 21860811
77 97259194
310 52739633
1501 42783875
933 98000097
185 57284872
225 99328032
522 77588016
213 27206896
1767 16279691
1723 28181512
252 67529301
1633 77754045
1975 41077133
421 75029471
84 64198379
603 57329803
1206 15679834
1639 51102383
1162 9747027
1551 18602852
366 45022089
235 17411526
985 22962890
1361 66088199
1671 44417514
1915 40971626
1861 7159345
508 36301558
271 40332158
1808 66147512
1895 13254016
1490 65988111
317 86063103
810 39913911
1675 23742031
791 67874733
111 81480351
893 91374226
457 34937386
840 96202174
340 56764840
26 91301716
1306 8415823
22 12160664
1418 43967008
916 53278520
1233 54301843
1416 91187578
1509 41389830
994 88691428
561 94650956
1199 86412335
1793 94368773
751 85607252
1338 40281691
1371 13693764
1340 24015930
1843 13487069
1886 37631458
1216 81179735
687 8988614
648 43852194
512 58757591
463 56171756
265 18657613
1179 70311987
234 53945698
481 94472580
1462 39543588
1271 82653335
789 66921962
452 81904514
14 53858931
749 23369646
1153 73555670
1224 25605208
72 44040341
754 98351094
1901 57013527
570 7978057
685 99386036
1974 41496062
102 40047071
911 54162558
1653 68564827
339 64448642
1817 85679344
545 78941034
1052 94261093
723 31028664
1224 11892765
1038 2877399
1784 78607627
864 63763742
1020 55751345
853 63808646
130 2548197
1560 13501819
239 93789703
1752 27218632
1646 9512974
308 2874023
847 90536783
1268 34730593
1130 36642089
1097 5130991
1903 27425834
643 9500665
920 61753237
384 46687319
906 50038912
1609 77674667
38 68317026
251 215081
643 63873568
134 82010315
69 71617340
755 21095213
278 19215748
780 51984704
1007 79134120
1727 9425397
1004 70156790
627 17626120
870 97223174
1828 54447313
212 27325758
776 4881899
591 28331171
1501 15298570
995 32530694
1534 23140337
1060 34709576
1935 18818510
1306 5094061
1683 62299515
1584 32951613
1244 95820840
783 95683678
1505 87534783
1819 30276753
1393 45201643
1773 79136781
1264 10794351
1161 55180524
1608 4705395
1393 23401807
1185 44375605
1407 24597635
738 64553060
837 39030033
1046 18952582
1852 3610191
1030 27606402
1108 80736735
1280 44717075
870 62155987
978 26165055
817 92518613
1027 1277073
10 15568680
109 87926708
1753 38860905
803 2114575
1407 48012780
1893 98182941
955 98552915
686 11540811
186 36941650
445 53973328
225 59321104
241 33724578
1345 93641826
731 15286211
1426 49365392
115 38892281
369 80094809
1776 8937264
1519 59121302
284 87446959
1113 30235827
174 99209599
1090 7798128
850 83468200
541 2413976
1552 14934516
986 93680988
844 35728523
977 13581431
1486 78515958
1299 25127075
1804 32913601
1825 44227228
782 76693951
1162 5419057
1274 68031668
1207 7319867
318 16959978
1290 77991677
566 64890478
1446 95418763
562 47173438
904 33516792
1756 28938918
946 38949401
258 15077752
1835 24863115
905 21814713
646 42358570
989 29987929
717 20198630
1030 35948863
703 65260864
1214 47669198
526 10886076
771 28690900
890 97417375
379 47920943
1722 63799004
667 83065095
379 84314738
1906 71857586
1971 51166904
877 35817253
473 49730019
1371 46335806
1122 63824780
107 2479851
1759 92742567
765 77370891
93 15225078
233 14966187
880 86958833
1760 48609324
1730 92263344
1245 11055299
1317 34849971
1316 43304993
1936 34134240
1879 84575055
33 44927429
592 58825613
654 70744587
1917 42870559
1002 63970866
1646 72148502
1211 31335945
1060 44354749
1473 55034524
668 74085320
1222 77154845
1287 76392303
1038 73086209
830 50538045
770 51335895
386 43601061
1934 71056665
1913 10048238
659 63732139
977 57804760
542 30709303
1738 11931653
1494 22100656
1810 85372731
1593 54283179
155 24433048
1384 49631375
1375 95959194
19 25555352
399 29938035
888 34126691
1546 78187276
746 28482123
414 46984609
301 98703368
1031 24949971
34 39775336
562 43974272
1543 45684378
1487 39011172
1842 41321406
1972 31405582
1048 69302276
651 66186719
1526 26378367
838 76781580
818 74696554
1257 18204767
1818 48237075
1953 47909291
1072 75011450
928 76353114
756 62257238
1616 29179130
854 2190741
438 7909174
1738 36667226
925 86981282
1731 71712237
846 58376188
1608 1809107
1691 63628367
44 42642977
984 79684339
1612 52055214
1946 90336847
923 5485597
1755 46886154
1356 92050052
1943 75684452
1478 49288290
1899 37752941
765 27941086
1005 49474076
374 30418576
1773 55292984
1501 95524384
1401 8733345
1416 53270837
1371 34080117
324 73560370
1687 84909068
222 43623278
892 46788803
845 12893211
1753 82430475
219 58583233
541 5686074
460 49950344
1491 43726699
1363 15526766
781 65112956
713 17941034
1401 1734864
542 19813041
1132 76537922
1092 60231946
1096 72419379
292 98274917
858 97077610
1816 41681437
452 25865981
1266 4724207
11 44338046
505 39228558
525 87559824
1713 39600780
706 65806476
480 31551786
1548 81270037
1871 55872674
1843 44738240
1519 76804006
253 77508901
902 88882154
1931 86247051
714 6610950
727 35860966
324 96181440
699 18526060
205 73296461
661 42681676
1512 11275018
1336 22955407
466 28545844
979 46707984
566 67066107
303 5555844
1735 13636548
1862 71465388
649 57651257
357 85598645
161 74858176
336 28113716
1777 6691327
1268 58965967
1195 5242014
1864 92885029
288 62652147
674 64376540
1087 25098584
84 80649215
449 7563453
731 88551157
898 21786156
1814 23718703
1389 70245337
1893 96215973
202 83293312
0 68659482
211 23485819
953 69972428
190 34305797
1106 50277569
1 83730598
1233 45704992
1397 30771338
1724 53510227
686 65075618
5 12051145
51 7110634
124 18815541
936 50119902
1926 27492189
1193 44393908
109 75914206
187 81326177
776 1640264
1843 66293149
1827 17622622
1627 19088295
1915 11369282
351 94714526
845 93227129
1097 64489950
1604 99168272
1605 46080828
552 53989260
692 90564383
672 34646648
1397 82665825
282 55354371
1798 13996546
897 32140328
1923 61428821
488 82829794
1759 18123270
558 35409454
73 64111290
140 25144293
217 86431210
1300 52718177
419 99845434
338 86261824
305 93221591
1007 77884462
1745 36502032
1250 92395771
312 95266173
197 35820977
1863 31848107
1759 42244815
1099 17882552
735 67841877
713 6290853
1325 15627787
584 74847792
717 30266806
452 27569754
1097 17619397
29 42469807
1441 1711466
1358 33775396
1292 34503121
1830 23676042
1869 90769269
184 94007574
328 58011878
947 63184706
421 51433025
1893 23872630
1573 67230326
1364 87923129
473 73413650
1309 19058467
584 41316933
1639 91569610
1076 93016466
1709 37135637
641 6902928
849 2876390
246 21368532
122 35718986
282 66323146
1592 10266870
740 20895603
459 37333337
1936 85376275
1595 38139414
633 93265702
1945 54855676
216 71242507
235 77611034
1584 24286645
1625 96811265
487 80591055
710 33894475
501 54120675
1261 86372702
1902 21033505
468 90716345
322 83295425
930 82571389
715 53306149
643 79977978
1404 82941388
1548 33670838
202 33775293
878 23475573
720 78544896
1004 41767863
1970 77523549
1894 66128244
1528 50308503
1218 4604398
1983 1656871
58 65787468
578 75886778
539 58656700
1478 74102365
1624 80797482
1780 25984685
478 16260354
929 78266544
1733 70338268
1823 17571822
821 20980097
1443 45317526
249 26739596
1846 44641991
1404 19484390
100 31697441
1091 88800214
415 86147068
1926 41809850
1794 86091593
750 69809540
706 42108356
1531 24352608
548 30838525
277 82219046
1975 11829712
150 43505719
807 95340188
1391 5289619
1821 59138365
466 91313746
1250 15078572
1582 50936378
180 27570875
551 66507778
70 72902617
1523 30771451
1512 27419916
422 87902226
302 7363992
406 59185141
1752 25836767
697 81373646
956 30485231
1186 66191839
1877 16469979
1691 32975755
1175 42652249
767 85290544
812 34207417
1294 88918298
1601 40631993
641 22121008
1846 32362865
1148 78826703
1717 32660859
1418 11436914
121 45735409
13 84707286
1197 31990179
1818 70876941
816 13437414
1203 32525062
1786 92797533
1311 78829140
280 22130280
1445 34114985
425 44986244
969 35846887
142 71291932
1413 69592319
664 57718139
331 67483121
1939 26356147
798 37223246
1497 8122236
240 59322836
1128 64469236
279 30165666
1378 62179856
1487 36788072
170 34291301
1505 99588762
21 32171755
1849 9143006
566 55141944
1005 12449182
124 12280912
1969 21346336
1634 84639063
202 2016089
385 19186122
448 19353654
1840 5703176
402 93438479
1254 63546831
852 4709521
796 6162314
1001 77115677
1823 44766637
1953 46830461
143 17510361
1583 17801369
1287 91728299
1313 20944684
303 2749992
84 21645015
939 36816051
1139 58107824
195 43034342
1973 15434963
1395 86805559
1855 56935657
184 29475473
972 36334647
1728 72826369
371 79183396
887 94961103
103 72644356
1481 41165174
98 15573118
1913 69066166
437 18367632
668 30733154
588 917796
110 85570816
1295 85381373
1360 89013597
1660 70376953
1010 28884716
498 45247532
560 42393060
583 44564169
787 26448397
614 76559918
66 63313918
1045 16561442
1867 81867521
1778 90778654
1023 16437235
391 91400876
902 60565563
602 26900779
812 24131984
1771 20584582
1886 56505684
1506 7244139
130 47812099
886 41285611
740 26565889
178 46906772
1195 9978566
1768 74776245
1641 50913642
599 56963116
914 62284054
789 74391633
642 30178946
1071 77461481
645 51086496
222 59843984
1085 21427234
953 11523628
809 76445487
96 96016181
1304 70654769
1338 45407536
1451 6391169
563 24995776
1654 90771385
759 29688392
1135 87871940
359 80937761
1922 57888789
177 24878170
246 61478010
1074 21600169
1109 56842981
510 4660929
812 90965741
1432 88816196
1853 96116416
1607 47286550
878 6923866
381 64845100
325 11790274
1075 3267043
654 51129870
230 70229454
1846 95120398
100 23026649
1779 84862482
415 44536356
1165 82783320
781 80026635
513 2390748
1086 87885924
1976 55582916
1645 58563806
838 12487505
389 12718386
1131 22975103
1606 23939994
908 5222937
1308 35639986
207 94309776
1838 61974448
1565 55809806
849 25910425
1142 55708090
1700 64858540
836 79812596
42 14155059
1455 92949643
1688 50418647
706 48644123
449 82231279
534 36671519
1587 50756905
883 52857074
1143 94754145
323 50096230
69 31371813
1209 63239398
1611 49531868
1530 15735651
27 34595383
82 72167577
182 83460112
739 73985659
1795 23070720
1911 2048497
1247 99281714
319 16505977
1852 33130826
731 41468214
1274 21562607
1950 37129916
1925 2503185
1243 10216659
513 24349508
831 71458166
143 74016910
1582 60211686
415 61259315
1177 43872134
713 61859832
1446 94664738
536 37157000
768 63696517
931 33050120
1357 50689149
1536 49245528
495 7547147
1469 40704733
1953 56300119
1505 48748822
1504 29031836
1662 23900380
1927 85275459
365 75957220
262 74522434
1194 80100928
31 51474951
1438 85390592
92 92578459
1281 72852552
1522 25569791
731 83603027
262 78879497
748 8429802
1174 94394705
1 67970605
1865 84977060
1739 65186416
688 82063384
1898 4432816
175 31477040
623 30805695
797 6824378
1977 3156164
406 87153352
303 95186798
1077 3139500
1909 50872786
1198 8130289
546 22231318
1903 68997564
1025 30984240
176 34589261
1545 76743496
843 42346996
1768 25754816
1493 18226410
1178 61808732
1446 25273150
172 24453625
1416 93489964
1744 77665998
446 3462953
825 31164813
1313 40357725
1009 19150941
1873 48630759
1942 15846266
773 51338541
877 52389017
915 26282428
598 20025926
1058 39737048
1691 69559626
1923 99315906
330 82469405
303 18686379
1853 41951686
1701 41190540
1377 38775280
1041 31545335
1234 95936258
395 13094107
938 15912466
1665 56888640
748 58118186
482 3994373
963 80196258
114 12495122
18 13774324
1510 96285487
379 4616898
386 8895485
527 89637552
884 24717787
104 36666994
1283 91371757
814 41471920
488 96902130
810 68898513
1579 30718574
709 89478190
1840 57677163
1565 83477072
347 71946684
983 34499665
1885 46011479
616 88236742
586 90717851
378 10025694
1058 11319830
1360 24215113
803 31812293
965 59673804
1937 75587772
438 35021545
1297 55589016
579 46051997
1801 99206887
93 35954816
1691 31813170
1969 96934799
403 62087396
849 85247966
722 20594892
424 20757238
693 46999052
96 39639014
1969 15692088
1770 60042121
1819 27885136
435 2618910
1319 77112458
238 1773036
1123 83232681
1243 5021973
1362 60698686
375 97903205
1773 92161018
720 80624034
462 83457535
1267 49703336
1911 51386327
616 61784285
389 88655170
798 10874628
569 74439130
1298 5047163
1230 67197150
983 32903638
1822 97064405
123 70508387
442 92398736
924 85581878
1723 4079115
730 49832016
753 20103537
1305 70509589
1325 41394056
528 91084633
281 6636634
914 51622236
1542 67969152
703 85143704
1713 68522304
81 38112486
1923 8489307
703 28382504
703 29548817
1572 37964150
218 32686648
585 73680934
274 92364223
1599 76796402
1775 29000751
1277 16323857
446 22356649
871 21745853
377 82164550
734 78008456
1225 77453252
1599 68789915
1 29774520
1488 39346955
877 63653154
122 92951270
1337 70139975
31 1646340
562 63339081
1174 48778830
750 98840130
369 33009921
1634 90597838
1148 11522580
779 14161683
1048 75965594
661 10684684
154 30073847
924 46960632
1367 99782542
1695 51764611
907 59469941
1133 64398722
1635 36925138
1550 92075376
1026 77626691
262 8355712
1460 12112285
1617 17908738
853 24232290
464 70714958
1392 28718061
569 97469745
1788 74375199
1153 33245415
287 7560517
1590 71924258
882 59430966
96 33179444
440 21609839
1300 87092776
1911 68686678
825 62389494
1422 46918391
1954 61982884
813 64885006
1169 23864918
1554 66613837
1716 4911328
224 18281394
481 67663130
720 75683123
1659 97905073
1787 33459425
94 83986545
393 8855689
1657 54305795
1939 71560514
678 10857682
899 49509874
1612 94662292
1070 58054762
1881 13030651
1512 92378226
1940 70690340
452 61131428
211 89017883
467 82973562
1757 24444992
617 70523826
456 24018604
239 84543562
1279 56921883
1588 47536040
496 79615687
1581 45652837
1191 68989850
1882 97837893
232 85925254
654 4995186
1104 5908444
568 47485416
289 55457517
1149 34365637
1253 99408318
1862 40850398
740 36785331
815 54267673
1226 34014389
968 66519485
864 56398684
1795 45457111
1175 73428977
1101 59925389
1055 86027477
571 15969826
1844 83563541
420 39378601
1110 46430573
154 71439919
327 83666406
47 74298518
1064 90200629
1051 14158952
1229 87918962
1976 42877799
543 50399815
122 22222533
1432 84146268
117 83183024
1962 99584849
1592 14626018
1782 67640796
942 27202152
573 32781562
258 17459318
1076 15965092
1922 36899706
150 72840380
404 35413445
966 89286152
1437 57593341
1154 71658859
1237 63514760
1766 14480149
30 78495224
1025 50883338
546 2246093
627 52158567
701 37628208
1566 33123021
65 53904450
248 99361715
757 7770187
934 46895518
1732 37994142
1553 26507581
1420 28383990
750 27919709
250 6487920
1976 43629238
1246 61497561
886 83137091
810 18069414
1245 50740955
678 25268492
482 63301501
1428 37984794
1713 22493450
110 39898016
340 93971318
569 10603343
15 78512345
574 71161691
1593 83402435
273 53864617
88 67665460
1573 74060601
257 84138536
451 91130914
1906 52860342
1306 71259820
856 48088700
1082 83857764
1912 60032299
1237 45003822
27 6680642
1137 26998868
742 99627202
1779 91625042
501 80842875
907 15094014
517 13368189
1517 4343591
885 86317335
287 37418920
90 11873911
181 7855873
1320 22956058
508 35577465
1437 20502122
1505 89508327
498 41221157
1461 12375752
1346 72216812
567 81427053
1267 54523157
1418 6600727
948 90708387
524 70430775
1896 6418823
1616 68719751
1387 69044788
897 83288049
1024 25838319
941 27505557
1114 51963153
872 26039558
91 38553784
816 39065374
577 47448809
1249 16346636
823 69529846
1593 27412369
1577 86408033
1568 89780307
1911 10725545
1433 16152294
955 92624740
1979 24287532
681 23338561
1386 17319852
1341 73839678
1372 73518729
1585 34291074
833 23164059
1537 85592882
1970 88744554
724 14974410
1123 67877314
683 66516421
776 46725651
877 21190384
1866 9528651
1486 19867344
1775 84794535
1768 90641977
1927 23540323
422 97990151
515 29391470
491 62159507
1161 66537460
1395 97098928
1380 7907822
1698 71438939
1412 18488485
1168 38475461
1968 67713678
371 85641137
1841 78513674
692 68607569
1017 1230738
761 70455302
1543 76247554
1246 74346466
183 726678
398 15743609
757 89291067
1469 75062505
1876 29948579
614 25500377
1568 89489508
478 66167552
1791 28674388
383 39478220
671 9833522
1232 75528977
1499 19851688
1625 40868026
1142 66946084
1074 59287323
583 4236817
1606 39969604
1230 40389822
1442 43243125
1244 14049906
425 18775466
831 37752045
333 65775305
1707 41784412
1257 26130848
1745 18372019
1059 20231251
457 47644104
270 91872006
1530 28830121
1861 87295654
1799 26190263
1417 31627527
573 42297369
165 89434839
1908 96130507
604 12403042
1448 50702381
1335 52825338
636 88464577
536 49137432
1056 33132364
628 97576656
1272 82984313
1077 399361
1225 40607992
1907 49914078
435 14960274
83 90927397
1186 8928610
790 66121271
1765 41088894
1807 43974374
342 61735365
353 89310773
737 28272251
1325 57036539
1467 12849593
299 94697435
816 96578210
544 12681046
334 82791812
68 61533514
1751 44136729
1732 7526082
355 85339499
16 63157162
1926 9720722
1308 23252373
986 56447601
1212 74172383
514 56044056
509 98640819
464 90854822
1714 17243908
1166 40951403
1287 82168290
1656 45036430
1252 26528005
489 48679067
329 47271204
1526 12734144
1947 65479665
178 70076254
1695 46427307
890 53811537
853 11243707
446 4324964
378 31265594
135 55739133
156 87645522
1343 83467161
1784 25466455
1780 66031969
1409 75225808
4 38564900
106 6278660
1065 37958082
956 78786615
1282 13006715
1344 87074544
561 98329964
1541 81706549
1524 60719130
855 2867419
32 66514351
924 18181503
418 12843107
348 83517808
1718 95642418
1460 51135169
1459 38789684
198 90539067
612 81688506
1732 89814807
1771 94539605
41 14029826
1248 27723954
286 557202
1512 61224872
405 9934051
116 46453916
1855 82753439
1030 24279864
1715 95721155
1925 30047568
445 59162305
762 56786506
1883 50617723
780 19027055
262 33170235
1693 17321881
1876 11468933
868 485493
715 86005272
296 67967110
1888 94482292
1432 29087582
1919 31267105
1920 96023332
212 78322434
839 73844585
242 99940857
1301 39702464
941 21622457
742 90991111
1625 77328883
488 7025457
1351 58391533
665 58373008
728 21737668
1151 45368833
1328 45793848
343 45972045
47 32856567
911 4049214
1111 20582629
1889 1180092
298 13557595
1442 23598420
273 4644779
1424 42489096
594 80451580
1373 28320535
1233 9541857
957 35756271
964 65550014
552 15838
1683 8097872
541 40921168
1124 40499612
1944 57166144
1167 27896885
1553 86638433
1053 4261497
1687 29150885
182 29859088
1189 43396291
998 73670888
1657 1670134
575 10926722
1186 19524974
743 71067862
1796 40336950
598 18045048
1103 25152878
782 78744852
950 24659607
910 93181611
1379 53128923
1518 74051245
235 58865738
161 6436142
1412 66737354
979 79011560
1402 68352479
1704 58350246
1058 18931370
300 59934619
1819 61100195
1213 93042791
1603 41557032
1989 21088447
1909 83462085
58 77514679
836 64229520
338 71387169
223 60508962
1478 77873639
1659 62963046
1697 48170157
1976 99339833
1623 71709331
1822 88454864
891 30055876
787 14656322
1566 40840836
74 47402662
918 74946346
1457 76199343
273 67455756
517 9059654
1376 16040473
92 21698941
1359 49331284
314 50799312
1805 73526568
1460 9054550
326 20926701
1327 81912554
908 52097178
1286 74081244
1496 57814935
61 7383650
335 52348654
383 37738658
804 29044560
1173 16196392
1595 21399632
37 38999146
10 80106376
1985 73265063
605 44970307
1218 51385197
711 37378083
1131 16879585
1651 82382980
115 87445980
770 64961088
564 25475548
1648 30928976
1668 94663209
1802 15045223
1625 57574922
1100 1271287
336 59692124
1967 91405230
1907 87526961
768 20309504
1468 2272546
673 72209909
91 47162849
991 15145665
1493 99823508
336 81954812
1850 2449199
969 41029615
