5000 100 10 89433950
3102 18270518
6762 19044718
2723 69338342
4249 98323121
8958 11355310
2787 51334343
2443 51855487
5250 40772507
7237 82856088
1800 8593099
766 96892629
2223 45658550
1319 74472079
3136 88252914
4065 90465660
7698 52126933
1833 58281347
6130 74838594
8644 76911466
2567 60950903
2816 50728586
7973 17728488
6 75498893
3832 42778679
7824 66734099
1584 54034840
6602 99878339
5702 96482754
8538 87258069
8831 87833322
8512 19971588
5349 91492612
7594 63648259
480 58388977
1989 92009274
1470 81342855
6479 31625127
8143 97838285
2797 62605043
6358 17995355
6711 44505095
1264 97998575
855 29272641
1365 71250205
4909 84249701
2127 51803496
3330 4076487
371 34990577
8060 14660019
3767 13317177
5502 12719435
433 1923506
7311 98764079
7571 56501288
6129 92895108
6308 95740969
7450 4075894
835 86816342
7169 40737225
1355 54911950
6949 22182779
2104 34240920
63 2527907
1334 99016717
6852 15127404
3751 76373572
8418 12026630
4466 77224106
1864 83091573
2442 77192537
2570 65771093
963 18419590
5426 71705755
1982 55711875
7525 68335184
1279 42462611
1372 22371976
8410 21809933
3937 98451381
7637 94604162
3950 38193249
3274 93941977
8203 54307516
8228 13526942
1829 9924182
3639 65902124
8524 68685689
3524 98058615
4480 42073998
6676 5350777
3396 21943371
6610 53443497
443 29549624
4282 21731584
1368 48596434
747 94096143
3438 44862537
6791 37009563
6313 11720556
7288 89085495
5819 46288688
1646 2372717
4634 39309333
4898 7882174
8755 59234526
1250 44308866
8634 18595396
6024 78009598
3010 73005795
8009 28662378
2356 73625984
7775 13424616
1882 10796642
3014 70174927
742 6003389
1916 49194640
6808 14248042
6483 19782808
1362 4515042
4213 39973411
3086 45930638
7848 97443819
2427 82034642
6375 65187406
4309 80227303
4367 34191722
3270 16608307
7011 24858161
6840 50566870
7900 54954852
5906 54293510
8696 13895042
2482 60749554
4287 27131632
3165 13859184
8514 81530518
8515 51387321
3549 29348560
1391 11976810
1957 46011456
4438 88385752
6917 98573752
7571 27819517
7413 37431712
6006 70981353
2124 92505703
5259 1568761
4757 98849120
2604 92594947
690 27582912
3122 45602148
6573 71276658
5697 45636823
2709 87960489
177 47677538
7340 2334098
95 14175124
6877 46090053
1263 76856116
5734 77930084
760 28424682
2839 78145038
4256 76836533
2865 44828110
2219 8007615
7183 80918317
7311 39073509
6083 8148288
4009 57852898
5674 94840318
2563 82597075
3355 46626430
3875 50598620
2954 43799544
4652 28754601
1513 80324910
2124 92165416
5984 92205430
6500 40496811
7794 43466135
3430 14477267
8613 59663245
8863 81612131
354 90777462
3618 16436663
6164 97511818
4621 35308549
1469 48322289
3407 41887436
8187 18394610
4138 66367813
8024 32854024
8604 9705821
7196 32567884
4909 19642051
428 3739762
6571 52934823
8184 40186447
3867 83730892
2989 26528336
145 69098042
6297 4233997
2328 20694756
4288 95346465
3217 49710823
4821 85740582
7754 64976947
2722 27128219
3457 1203117
2620 29918104
1512 40762826
5809 7480838
1194 2093577
3648 80760955
2662 78631195
1651 38508377
1369 83845799
5651 57168533
6742 47815013
459 72155451
2545 18772425
970 66120826
7229 81523344
6789 63464845
8163 57977852
4630 8604333
1561 32073520
3337 44954679
4562 16268809
5895 19991567
8175 85521278
8109 47661946
6521 6275024
7793 26423984
304 9861829
6878 4132226
6162 8991821
7701 17416331
2568 68534801
681 30790682
4029 79296829
5985 30286035
4854 7996539
6424 98053799
1886 53472701
5745 24198057
5444 81578015
8709 8361057
4219 29206835
5359 94459429
8411 85880829
1925 72735623
5664 73877412
4569 90420520
721 23549482
8068 26473923
8640 13122570
2971 14216661
3506 84517025
3042 50417162
1845 35348531
4558 76983705
8220 46475223
4833 57295938
927 25162508
2541 67267076
6085 55379726
516 10948692
8645 82671006
5560 76702056
8415 27613120
3220 61583152
7812 59935937
1706 66887504
4692 93102978
2289 34959040
8088 91919885
4853 45378056
246 54836564
5352 66593520
3534 6945713
5063 96075114
1464 78895999
6947 44098930
8744 13425723
8579 72820198
6266 76493317
5370 86807238
7096 62719516
2001 85914921
6377 70999408
377 36790356
5690 37849411
7378 53830754
7546 89875110
7109 25201400
4280 11833926
830 11662615
1409 33333025
1432 57329635
415 81595235
7442 92830296
1942 17069536
6338 99550510
5467 85848628
6404 40644251
3656 58855745
2914 24800033
1116 12119372
6309 94423836
3153 4087766
3399 51331658
273 45934455
7730 11684323
6558 23788522
939 31058933
8279 4196496
8208 68505013
1324 8559467
4837 6087788
4938 53520955
4214 56288835
3600 76683000
7044 66630913
6525 12236008
6009 95829559
6902 33196338
6216 37278172
8189 15188195
6936 58398274
3239 75525509
7299 49393179
1835 18379140
7317 6020741
6658 38470069
8028 26379406
5447 11356922
3846 9400429
4950 16273462
2868 81874998
848 89602443
1284 97349597
337 77382128
4029 1929576
7024 88622968
3404 36579745
7945 54817762
7360 96386835
6341 8903822
2043 5168214
8884 67032459
8251 91881267
7892 66732214
3510 71462007
5039 29829390
922 11515146
834 83557915
6267 42230616
4258 48525217
7776 58543071
1392 9520746
7124 1296664
2013 33612093
4695 42568115
2241 52607428
6931 89889806
2388 31800301
5587 50545620
3883 88085474
8701 34054543
1054 27860985
3914 42379403
933 59467138
1137 77391648
6057 33802915
7499 45140541
5671 83573887
5891 60178522
5713 49153409
1617 64734600
6429 55515670
8183 73917077
335 41428185
1149 38364839
2998 51503029
7694 99944876
5051 70505424
4018 48331970
7368 79450650
2201 37964918
8621 14174689
4531 9093579
4455 34575369
7556 19967262
6586 77051442
3700 90522319
3300 91842621
7410 72399435
5784 46451150
2407 15300818
3988 35700009
1939 82350897
1839 10086326
602 36177996
5666 8922838
6289 7823246
5135 62281077
5184 25878808
6820 43737982
8862 85617928
7492 35580637
6552 58389240
4575 98128700
3532 65726769
8101 94069302
8247 95050381
5144 1305985
6707 35974744
1722 8084146
1770 5961992
8192 51328358
7254 45137215
7984 35734767
8495 15498586
1783 21894798
8341 5294877
1075 34805819
197 89931398
1935 94472792
5114 77514370
7747 89202106
7703 70827757
152 2482382
1928 6933107
7299 36504298
7341 80089864
4387 31713041
5422 6474797
111 1275807
254 51953261
2430 28122602
273 85678745
93 20932255
3707 95862941
7727 83784662
1168 8979846
7761 50974766
4970 68527564
8861 91642809
7866 69056380
8674 93388474
8255 21012469
2880 26889676
2037 50098379
7724 1977001
2964 56368793
8965 11816130
2763 45544377
1786 17657682
191 53186136
870 19817333
1592 31978169
8309 47006290
7571 29281952
8013 80999108
960 71828911
7248 929
905 4521801
8470 20328646
2224 60088793
8760 9188172
6478 4921604
2977 11021477
6914 6269039
1290 44389652
8829 35154209
6542 26653862
1818 92548141
6088 72670816
8626 64825604
4957 25201131
5470 33090211
4380 29495896
7912 57125370
3871 97264897
201 77162894
902 38704453
1513 79973724
5025 37583184
6722 83437795
1110 50730643
8476 3728877
6103 90757086
8082 3561010
8788 23139817
6422 69614179
2900 57557482
6082 26059360
3846 45349106
5709 41910624
735 57947949
4005 1583425
1695 6190721
69 51411038
3049 20316264
7588 30779445
2473 5957189
915 53464118
6488 30785342
897 12658530
5837 77928095
179 54782459
4789 90009803
7043 75055307
5833 21575606
5457 30489265
7768 41072154
2758 81208662
4084 13629839
1761 43553133
7697 19984885
396 10025715
5543 61357254
4324 75172702
8388 73031314
7439 51100459
3566 22620293
5014 91477690
2983 91757441
6095 505357
4940 88531632
963 45372955
1145 63067312
7749 81899367
1100 11717670
1467 15675959
4438 4817783
1019 10160982
1254 94224212
7592 10833985
1590 25681268
3997 23247639
8227 20333714
2616 13448009
1198 33774678
5604 77940555
394 97464341
4425 56942801
1314 2411480
8374 42261509
7264 69327373
5764 50864409
809 88671846
3736 40320194
6679 98875427
4335 55184288
2963 18121328
2530 77890960
8369 93157256
7978 50546198
2962 10325040
1285 54270949
5728 4316616
2974 73353738
3463 2572271
4010 78406302
1320 26069067
8008 98561152
5662 42812455
2271 2669676
3203 95068230
6190 18760930
5965 36285892
2935 51644600
8419 40507212
4032 13924139
1100 88226609
3841 11137985
132 31925191
8424 4304026
3742 52623323
8875 11429810
2338 64497392
5270 98466009
8757 1388661
5921 1514083
3251 58989650
3705 14679153
6409 69443256
3681 29751396
3131 73547256
6339 65815425
5661 64386976
165 59349795
2575 66477839
7466 35842333
6601 98880501
4010 50309905
4380 9779457
6044 23204094
2399 2427952
1702 12657713
680 97509542
445 9209497
6599 46176972
5574 34452324
4469 87669133
6593 86530798
2225 82253864
1501 53400980
6373 62050766
3747 20349218
5439 89031808
5569 29341865
8063 71951390
3088 15012088
183 29780488
5217 88313296
8276 60039372
584 99275534
7866 41516391
4736 30973276
7176 39028311
8044 86274337
3665 15901019
3305 22530231
7617 33951334
6668 43915757
5836 66054925
3007 26827112
456 78319934
4492 64902009
8963 27058057
8555 40423157
949 55770803
8719 45830125
876 78459253
6729 31505423
1389 99340180
3032 43802445
922 15004134
4197 98225689
4416 14244830
7175 24454963
5155 67915421
4283 23338774
5381 98153979
4329 6852129
7589 46488792
4662 12309466
7602 39490330
6458 52063143
3440 39975698
7556 87953501
8090 58897383
7962 59589782
2504 50604974
6656 22856987
5076 52473270
6277 97665911
4143 51110378
8473 66624046
8440 61761820
473 26992746
2291 73267815
1171 63026561
4094 2474509
3949 83224081
4472 3690974
1468 86798789
2224 55449880
1705 89006228
3641 4204044
752 23421011
2323 11691517
2605 29582358
3168 47124312
5095 17098957
485 74715284
4241 22169450
1729 40942972
1773 65773949
2146 52802067
7909 90900392
2806 72691965
4759 24114103
859 76604106
7836 91745756
3930 77499898
5848 42518168
1196 41286395
7271 9542367
5110 73339635
1551 49813192
8960 75765732
6450 1070723
5758 9695005
5616 12642538
4972 68359054
3627 76539170
8481 33758464
5438 74225569
3955 66289957
6471 96203424
7441 86170797
5164 38013975
903 15854823
4028 68384252
1406 26714019
6161 89765730
5925 42696439
4712 71704808
6414 62713829
8691 72437573
3985 40406628
2821 24640255
6284 2146368
1937 89560367
7112 69869853
177 17258885
858 29518089
5242 36014195
6881 7861907
2327 87083723
3955 75112244
2311 42088382
1230 72718610
7141 27749183
6456 98140536
8135 19021674
4755 49163499
8486 17744962
4793 47560457
6857 72262545
7936 98101825
3062 25987314
1479 49826995
5108 25509179
6680 18916309
5753 44781181
1502 94475059
6093 16869940
4191 662754
4929 7658812
222 44805880
3141 94899512
624 22858768
5121 97795599
2181 24982507
6427 40365888
2668 12095927
8016 55736951
3372 80871064
1613 19611825
6138 98871736
6265 98848630
4534 3778922
4925 18089520
5722 12854045
4951 60794024
3048 4945171
27 4145657
3376 20854362
7167 50739516
6231 24515753
4779 73953906
8662 9974959
7599 3567307
2524 63453340
7665 48182452
5682 92604843
5407 60704576
2893 62749652
4520 5858146
316 57058781
3664 85779975
6668 27378410
5114 89807891
3392 44383241
1180 46585994
6006 84169165
7626 63059731
7859 2747110
3307 42539204
4568 42322523
8150 33558232
5032 37752739
6045 36343836
494 78089609
5645 81138793
167 13886857
2253 97152343
7553 9360753
5984 42014392
3306 32540347
4224 80192045
5754 61656638
4111 15886340
7206 62395167
601 83120552
7494 1663553
7604 92161409
2439 15974296
6030 44951387
4345 23223580
5349 81728649
1114 98041654
3977 30892056
4074 23390283
8716 18695458
783 66539538
2271 77672846
4921 47171983
2203 97632630
8352 57017435
506 66801194
4185 2464670
1450 3129984
7338 92500553
2189 65019224
2811 79204257
1773 57867274
718 30661570
7145 89681022
4816 66698483
3199 62498836
8932 59780335
3163 13950550
6404 86247221
2585 69035822
800 97369066
3680 6978349
2228 99832323
6162 70789055
5241 10706058
6827 60573361
1467 87588857
3005 72188930
3454 12232670
6979 24818632
6142 70246433
8422 64685526
4753 80005503
84 89495439
6055 95251961
7966 14550085
313 99400981
2867 44971116
5881 84153121
6659 44082533
6485 4084803
4754 42318550
2216 28129234
4690 62440439
3487 28893784
8493 24325761
1978 27092892
4835 34199690
5105 20163717
3466 25867471
2141 34742743
3594 13069410
3209 66978696
8521 38409733
4595 26317050
343 3540052
8796 92180866
8136 27108217
3882 60366082
2260 65704709
1100 29324080
656 40916436
7800 31558110
7887 16031719
4962 51327607
4196 72170210
8364 39865803
4109 25246779
8804 43280147
794 63009020
7940 98665131
8135 5031755
6235 12407674
4352 16188802
5703 74204981
1143 67066327
1023 76956685
7960 64978737
1842 88131593
1858 65269327
3805 27942351
3012 30562255
2950 22679158
347 79685358
8856 71981898
5284 40589207
5805 9243451
1163 66525731
6295 30277288
2287 99457586
1233 69640748
7906 13044035
8756 79539380
5631 60144934
2869 64065933
2982 59646525
2648 62853799
4423 64849142
7668 51050518
2931 9041318
3990 39745231
952 98712151
7212 284193
7413 75672511
5709 52985120
5636 40076454
7683 46686714
3750 74256006
564 36175966
117 46413419
5975 12331554
4661 97282887
3645 1301429
3326 18267366
2958 59182882
7969 27900717
3576 29455562
2321 433147
140 44367102
4426 65333940
5013 3752108
7344 72494443
209 63563588
5740 81697621
6054 86184094
7734 5014157
7034 39203689
783 78733705
1609 16945426
2124 45373419
8444 76826107
6068 27572773
8118 4919708
2938 41054129
3702 4111578
8660 99155385
6532 16831169
3463 63335213
3704 23432981
2067 85167016
4165 78176578
7366 13165427
7774 92478218
7458 62918091
6810 93932907
8503 85551952
5253 39114702
7404 82073389
8538 93646997
1759 45837572
6811 34548292
6533 10654966
3029 21675489
5663 36806923
8305 24055717
2069 59758250
3110 12155112
5722 24645267
3162 17339162
5846 14056974
8340 53403924
8882 87063789
1998 17766355
1646 89069388
6759 97297400
2907 14204632
4852 84932622
7044 88257858
5015 3882481
3718 4232935
567 47038720
7843 35203197
801 89431215
3666 63827163
3350 4960879
6566 23075152
5913 35042120
8940 55916134
8339 31792471
2103 69254532
5018 84925188
5272 65968268
5477 60835114
1407 76465922
5153 79290908
417 97688497
5465 97206395
3950 38039814
7403 50289216
8307 45924340
2706 37300171
6100 66131251
6926 84171137
5634 30183472
2230 72065613
3441 50086184
7300 87929873
775 26848611
6608 70280579
8848 18515287
1860 89046095
3060 80933821
3103 54128183
2695 77922805
3731 25873316
6838 12183847
2480 97879342
635 88032132
4582 5395188
6723 50530440
3112 22686312
3165 86967954
7982 16671076
8768 64413877
6124 22163804
2955 94072200
3485 51649300
888 2495094
7579 46496008
2672 15227587
164 56781396
3326 40575516
8026 10759237
6603 89227570
8310 51855956
8525 98647931
7147 92890986
7412 90191158
6657 4465155
6323 54062774
4952 90050551
896 42871563
6321 75657347
603 52510040
8893 78300908
5340 99555384
1890 181766
6255 94775747
7181 21254901
2655 84644484
867 28794031
3517 169478
8449 73941005
5196 36279783
7240 49998376
8018 57551472
6377 90993884
6208 34265132
5250 50822396
6728 41320939
8165 59545503
8779 69238312
6313 81007224
5551 28217328
2575 533728
2063 27889334
8491 1186932
2483 3529128
2088 23452154
8650 6050450
8304 35184174
7098 66015810
2186 69057661
3983 97861994
248 39572466
7158 1519713
2909 32575609
7573 16394295
2128 87288437
8295 68361310
1461 9989789
8145 69666277
5043 29342162
3496 38821011
1965 70553373
5563 78761198
8945 13506087
7002 36948310
6098 97574303
4146 54960157
5352 79025942
3864 41297444
7371 32270599
6588 77700737
1166 54819715
8754 7381202
5373 47345397
7131 28502578
7659 55275588
3126 34514579
8351 17227754
1945 36599213
6929 63085490
5032 65813941
3588 60874180
4952 2839268
6060 82286672
2779 4018026
384 6861155
8509 34116308
856 85329868
7703 31523079
1793 23577693
2223 14395528
2065 32381950
4654 9714947
3143 14702236
4317 32859897
4650 72378036
3230 43480225
579 76996992
2756 78185043
6103 95488909
5648 26357288
4008 68954537
6115 69063639
8025 59520162
197 39476022
8782 13128728
1323 66983840
5848 2781657
6842 153087
7129 75529301
4641 304325
2560 36719527
148 86192258
5159 42620395
7856 25516536
1070 99096722
6854 92975720
7792 17380124
8020 22335665
3392 62626079
2239 65030845
5190 15683238
8600 26298190
7618 13746178
5607 40981494
8653 11980615
6656 42215520
7224 37586721
6982 14933014
7787 92785079
3776 70832772
8472 44839727
8488 12449414
5651 78364204
8685 44152842
1330 96596767
6796 21777795
65 46231078
3136 35777606
3916 74527263
8008 6801791
8095 70561271
7438 87724373
1599 29941442
7833 93387812
5862 95623290
7348 19641027
4291 33061780
7203 60231926
3500 19391873
4564 57448972
3417 18601160
5902 80784998
8808 32335457
270 82358550
1437 45838056
8949 98403303
6600 90694005
4983 29580023
3885 93817767
6690 911024
1030 92221123
686 34936780
4556 5158845
4368 89225241
381 4586178
7439 93055711
423 83450037
8886 45568633
6036 42919666
2086 27680918
6539 22120229
2584 10189754
4027 17244601
6917 38482385
5962 67770317
6764 53019779
2327 12461814
1417 85274344
917 88157969
517 42171378
3823 78722855
3176 73480542
1428 14100502
8030 30474738
6796 99492712
515 50810595
6731 41788934
3079 39459880
1693 58319182
7775 22612256
7259 69852027
3751 38597292
7568 21137650
5573 52450853
59 3403926
7863 59588823
3151 34882024
8128 96816025
3231 4634893
1147 58519047
2880 90479123
3493 30773251
4763 27879047
499 96334297
5673 691748
3216 64804081
2945 99611293
6175 5373969
1240 27273009
8103 35077267
3418 4963405
8707 17836420
7135 80251807
253 41344308
625 94459560
5972 94047010
6589 66742053
2220 22239445
1616 47569744
6913 33335681
98 90036648
3879 71321621
752 1541135
8109 15429588
7381 87036765
6818 64523784
8783 50205649
6473 89394656
3518 49529002
2889 67860510
6204 35635023
2200 33959951
7430 39244134
4276 49514528
5217 27289491
5441 87591723
4974 80989972
8359 64523136
8478 40641639
2272 63861604
311 35492284
6789 24711278
4746 63261946
1616 21188094
118 49877602
3433 9295863
2470 3472477
2773 40406053
2683 51971563
4526 82046841
7343 25287143
7769 54136249
2943 33584613
96 93840926
227 3644813
3885 6937360
563 91120624
4184 29867735
541 50787277
4600 19689870
2936 92620786
8587 38693857
6297 24757900
885 43842578
3987 74053196
2459 13539573
8008 53077040
252 10650158
6487 91367911
4425 13404258
795 67226320
5330 86666174
4563 57022962
1219 65245866
4418 72622443
7369 8475119
8405 66437822
7313 66369196
3920 31301592
286 25474242
6240 93650249
2894 57211480
7526 11722342
7252 38421648
1572 29901779
857 50619331
117 24683877
5329 55475043
1279 58852119
7864 42033431
3394 58172998
2156 1750495
7793 50193879
6631 73355599
6772 35880521
3276 39366612
7742 42876362
3864 81290764
3868 21988786
438 10205310
2923 24054671
438 49018665
2035 3142851
5800 35478092
3343 30247322
7090 98502236
1975 80536425
2193 18063845
7820 73405126
1611 17258480
4846 42765638
7734 91332769
5610 5719536
7987 40240705
2845 44852298
497 32115241
4272 16303361
6888 70161870
1256 90660319
7700 33957534
8404 35667837
440 61844314
4167 85228853
3803 51967271
6010 23843956
3184 20435978
4853 78367196
3575 4767947
8096 41941337
5520 16827760
5565 487371
5814 8216957
5031 35109611
1723 36236944
7442 89051493
5438 51710277
817 55170600
907 45956297
8512 98495455
7999 4066136
4676 19665672
5509 41465357
2232 93819918
123 34635954
2698 43758308
1400 75071243
765 52923067
3678 61036412
1969 14183380
6636 18835313
5850 19984187
8914 32986908
5 36616534
6205 20586945
5558 76866774
8618 9967752
5517 54187900
8868 47081667
8789 50182766
7182 36285426
3739 85697687
8854 90703106
1375 94644870
4853 31686137
8960 54045580
1859 17095829
5615 73583393
1609 54217259
6173 81542295
3243 50344620
7596 51973639
2095 59974219
6119 16778185
6441 6685710
86 41289860
6526 65934730
4258 54327805
8330 18124654
991 60893707
7055 62833631
4802 52848594
4893 41485407
5266 82528549
5142 41664618
8868 23023223
3300 27512617
5825 4837962
2655 33674754
5464 94542724
3456 41093451
4773 83331600
401 15336484
1967 16182369
3769 39148433
2044 35788282
2014 97048068
5317 34427876
2842 67585215
2513 39268846
2153 38576326
1948 53775423
4449 89805284
8928 53575781
5295 32745885
1780 16356854
5520 88983793
7838 33383869
8214 89864211
3757 90297769
1867 84191371
2938 83511061
1752 67239280
3419 24805619
7943 92444420
1682 49107033
6418 31399239
4655 49626042
507 61495842
3551 97200913
8105 56353032
3658 20597415
4514 13246221
8650 54689808
1431 61096578
8368 84639429
7313 23589980
8784 31560094
5139 43638485
6289 83202812
7241 25472883
8758 72136355
706 35192301
1131 30592997
7126 77480573
1568 95962574
2643 41351677
5460 36719488
5826 28090329
16 62741034
3122 88913225
3185 86991210
5268 73080011
3156 60881522
4304 79949721
5542 57834105
2994 76394179
1808 14811078
7843 4249210
8440 13307328
5700 25714337
1356 20596094
4338 30862596
1079 79212968
1057 1241230
6525 48139833
4031 94367171
3718 7690364
1810 58715051
5285 89198382
7345 12656220
3237 49120081
5258 29519299
3144 58185936
6064 61851587
2753 68014646
1722 85795870
2160 59664643
5478 98442674
5328 75611392
7861 85864319
5266 42354711
1693 16431325
1322 52711376
1436 18616962
4170 18843853
3013 41458597
8224 77872638
1558 31895095
1502 4746406
3082 12584542
4964 86345311
2917 13888144
5416 67555231
4917 89920271
4034 12014722
2727 71950552
8327 8532432
7388 56930861
2477 68560958
7283 55669918
6709 11853709
3159 55368746
4145 20622763
2906 30817625
1443 38559580
7981 3162926
5345 41782580
8085 75947550
8397 81898241
1636 5020786
462 46685115
1861 53315101
8784 22902272
4018 68977707
7177 38310137
3487 78868041
7176 74292492
8950 44922898
468 79049685
6073 72800778
6948 71659043
2871 95030509
1557 93014775
3185 27812138
7614 41878585
2516 73858685
3736 67353319
5971 96297600
2731 89936101
386 81718821
6868 94955637
3925 83442789
5072 52372706
5496 64163385
1335 9138916
2003 49031657
2228 12927868
6155 99272287
1409 20072930
8293 85888364
8713 64950054
6205 55547919
765 91953540
1575 22558964
7743 22153531
7958 15168583
387 69897351
8786 38873649
1363 84526117
5551 6208802
2455 40001198
5534 26979344
6981 4335330
8470 63904414
6608 58368761
6519 91392479
4176 14572532
4376 8138540
1504 3818622
6517 93448417
2464 40007993
3988 48114025
6488 12261077
2862 37208106
134 90024709
5102 42968579
5072 51173720
1826 87987678
7904 1232259
6022 84950014
7189 6717575
6439 35436187
5395 75799243
5411 32848883
2344 26788583
5250 10622722
6533 39947004
7660 29218273
7591 45724422
6451 1511628
8040 62359640
4868 23324095
7768 66944484
1769 74075114
2568 68236570
1341 80294116
463 87883973
1252 53793308
7699 11821383
1862 95817434
7696 17972195
5878 10439247
1930 65176904
3856 62643634
4190 58600251
2825 51683161
7439 61151822
1946 39525955
8939 38835383
5561 1305754
6060 77658901
1394 87058803
261 2362877
1486 29226091
3863 80010655
3582 57826931
5014 84000033
2393 60934754
3128 60440050
5569 12594615
2135 40250003
8653 97549249
5192 44317738
4911 82014484
3420 55708978
5769 42741426
2953 17436460
8633 51427106
4363 75685045
280 39016302
8021 58213074
8889 58711254
2427 17625763
109 43906397
3110 95740749
1978 54655170
3177 25811493
397 42425282
1362 94312328
2632 5798704
4885 60276356
6892 88421889
6591 35889416
157 2544857
2249 73018544
4758 72302865
2378 43437096
8883 78477430
1535 55692833
1386 96677728
3775 83917543
4443 92457039
3101 56053670
4426 32374620
4701 59322087
7323 5420008
1038 91746160
6528 54860315
896 86207245
4162 39210038
5201 3999036
4442 95490112
2698 47559727
3410 13531696
2448 1384073
3431 7202495
6240 61542323
2280 63358
3740 34541855
8356 72994696
2869 23127655
7131 71011441
1050 24772955
640 95025744
476 88309632
8618 22722342
2827 50781389
4283 92261153
6517 97212701
4311 54110029
1594 16002273
767 36414744
1194 13488410
2753 173295
4305 73948784
2480 46926911
6918 4099048
185 64466607
6927 96326460
7993 39852204
180 98760837
4107 29461113
828 33303353
6611 47883344
1661 27515115
7337 81629182
7768 15822250
194 73578338
5703 59554732
8448 29857278
3161 51952328
6287 83096308
4196 47238894
1704 84923380
1850 12087971
579 80717799
2913 92382835
3116 12907388
7628 84417531
5639 8718595
4305 15300457
5175 7966388
1210 13424407
3087 65466072
6396 60329063
2499 58999008
6120 24623891
3293 68332768
837 94690936
7018 20460844
273 35580789
2796 22660421
1387 16390260
5006 6166165
8270 48874893
1960 65256791
3751 10265242
6701 330762
7058 7284257
6426 49185141
4981 13636536
6667 32411063
3290 55312169
6996 15155917
537 11549037
4892 14331070
1741 41828108
2075 27609803
2706 72559300
1247 64058865
6830 1177080
156 90642247
1369 55055187
1120 87648324
5751 9286195
5537 82469116
2049 50050318
7411 66215863
7744 20656715
7544 60398297
5025 22021245
3643 31851931
5704 64237210
4446 27100426
1903 45754054
8490 10747055
3453 72991299
4892 63406161
1083 97395016
2354 42902282
2662 92920654
3144 34636647
5674 45284282
4603 53366163
1567 34740642
7277 3179454
1189 41010180
7911 25643945
2217 47009471
4407 94560253
7155 48936367
7406 44727363
3596 11729316
1008 2490505
7415 64220713
6065 68321896
358 75796890
368 52628691
5343 56327406
8555 44571225
6223 24792020
8054 52862640
8805 40331120
3409 23565943
8453 36283661
722 85136820
2766 80982562
2820 12180398
6005 90514060
146 54352562
8795 65096395
103 64392493
4525 30665707
7815 67007161
7046 28048744
2356 83093866
5281 64361770
6260 23675668
2980 66979444
8765 44549834
3064 70400513
3645 40999485
6720 64583542
1297 96611305
2923 20367139
2750 62348729
284 78671030
1001 78873171
4928 48795111
255 1362555
1791 62491423
1849 34717323
4048 72929280
1289 36578787
6883 58150956
4039 48204534
5120 15847980
1356 32450896
3253 47416608
1169 88045477
5700 85058772
3473 58279986
4851 82168133
5346 30615596
7843 88066194
7333 12839804
2765 21467277
5811 29927162
6395 10982823
8393 39337986
2733 52667275
5279 2717952
246 34295597
5271 48946777
7367 69263753
702 54528656
8438 92419165
1104 23085033
6727 2478152
3200 58066895
6605 38195133
4336 41101963
5293 23496530
1762 6575319
2826 42567778
7019 56129485
2718 38488531
7964 16266660
8038 46532638
1016 7012685
8779 7238397
1550 75151622
3971 26866336
1664 26761213
3658 4453636
5399 72405186
4501 60767511
8737 2311179
5461 89568978
7060 23776099
4311 59832509
4872 32404514
6508 43785727
4545 23621520
6201 18917316
6555 11147461
5357 44691898
3354 25813276
5313 37052090
157 53419074
7960 89918949
2890 84154496
870 91847761
7833 39983205
2257 384879
5644 18586200
130 48697594
8149 58538428
3482 4694592
1315 35318038
7360 65310505
1267 49767622
1554 32764583
2176 34076990
7718 33188091
8468 63838753
7889 13320325
1218 78826204
8564 86975277
668 39101178
550 87601419
8415 93896
2406 13710796
1870 28782334
5862 45824976
1149 42017297
5608 63082224
6070 73654237
5117 72398522
8582 70696186
1605 47743643
1592 81210006
1487 35044540
7358 18748407
967 31361973
6450 14412678
8891 20569667
5723 7778757
8033 30687955
2764 5202203
5331 5694167
7248 40164765
882 44037125
153 69655904
7142 26582933
4413 74538613
2390 27403381
7345 87906897
3368 68301183
3032 89500443
2860 17021241
404 23659252
951 23452401
8626 76904075
8273 73031804
3009 83169640
4408 34358484
1147 18715
3705 94702464
5842 47347608
8114 62543061
8698 48128327
1838 30151194
8933 57427068
1903 47723233
7620 3148237
7025 3356985
2092 7368087
8704 63278202
2538 85982447
2239 71411145
7185 67552329
1383 45002845
6490 89197942
4185 42278368
1514 13507060
2717 63464477
8381 99800576
6386 55219667
7840 44584400
435 56671508
7605 20203727
90 27056478
1014 44386936
547 16876680
2376 79161038
7177 99521470
3986 99090159
3472 71833468
2753 36745978
2938 29866357
5534 76482323
3583 16921129
8288 91979209
7833 38543248
3838 27600049
8194 89328950
1306 60275953
6719 32924646
6182 11752812
3950 35032272
4605 43121856
3698 42659921
8792 84110763
4645 88049174
3931 33637931
4916 76142483
7790 16279069
5432 38919505
521 70237112
8811 49854591
7111 25193861
1381 3189993
5419 60601673
8815 95165408
4471 90948670
5738 63268335
496 69784128
3245 81315246
5710 72937998
963 32300688
4577 39796303
4684 16696183
8931 59055839
5049 69366354
3511 38111146
2916 32162817
2022 10920838
8143 53807527
1501 23983802
8148 43876996
6327 84203320
626 1519350
6979 18106292
5216 65431395
865 57231721
7909 50136572
1163 58691606
3387 58136101
2840 27481148
5125 99556749
5954 99239753
6078 81413655
6890 19588728
4522 34199455
2336 89226821
5390 63537706
6687 90254487
1065 32450294
7966 408006
6485 51921422
1566 95613773
8826 7184104
7118 21407101
7376 24569177
780 45339014
5413 66996897
2594 60878196
289 7255711
5843 88664438
3453 29072159
3060 24564323
2420 3837753
3964 10183275
3543 28212294
7846 86686090
891 73263712
1027 34708062
1245 41637947
7509 50800727
3681 10036117
3174 95365755
6050 45751212
6164 77959918
4356 89227229
5702 99494795
5764 44515616
5757 15941958
7613 43910632
6222 89674121
1781 89232866
6763 52256642
3610 63692779
6942 47977100
1513 48112572
4503 76570555
8319 99950272
5314 35181704
2550 80696615
838 51224760
89 32282331
295 93255936
881 79811377
5064 82700372
4878 87839480
8755 48361288
1959 1251057
7410 44601630
8886 92615339
4977 22790915
8934 96389261
6619 98876601
2737 23814133
6304 94557369
16 52232631
6746 79467296
4709 1534389
511 18861965
2198 34437480
6714 57584129
5965 26453184
2839 4382011
4065 59079700
2598 45164430
4733 46595075
8928 44939303
2634 19833167
5603 39323869
7611 82906913
8737 53190753
1102 84696073
5810 24687211
2655 57897635
4031 20092581
4526 50144219
1033 19644779
8267 36138480
7520 56817996
3226 25526784
5414 51945924
6798 22454123
5283 67622548
1046 93217484
7434 90967296
8371 45860361
1862 16296647
8258 29332451
4388 16786896
8546 89565739
1344 84597905
1217 19588892
168 68823713
4328 80785828
5472 55978257
6911 80140488
8144 83467176
5359 57325761
6798 2430959
917 10552495
6088 31700348
3481 42589008
4340 86969290
1200 41497205
8231 64184250
6252 45668368
2949 75805607
1057 5541193
6057 73500985
8884 22787383
5569 50188689
2546 89919776
661 10555187
3744 84745591
5336 2821487
7269 58900753
3054 4227294
4952 35035182
2620 25927574
5226 47469122
5003 12628037
6004 91410332
4525 10911104
5621 85579317
1550 40827602
2242 66407684
1458 63810924
6411 24672158
7245 56089349
7657 39868610
3921 57232187
609 45949024
5807 52775477
3473 5172417
817 10032947
4856 73847580
5756 50811734
8324 63610980
7026 67242142
4520 98651280
5056 10073350
1274 51602388
6102 73902776
6711 5799442
3420 90724999
2532 41419314
451 49470119
8869 14449371
6780 20868898
263 85981352
1172 77296032
7970 6079181
1557 77603197
6315 94863309
6845 23913163
2738 57947787
3176 11089905
7519 65419844
802 90857426
8204 67501158
8729 69403690
668 82055964
8430 48805164
4542 73635759
2009 68643476
2938 575907
4476 19446044
4663 26563627
7334 33894305
3721 94410932
1943 67457877
762 96826687
5023 14425247
3502 68573167
2641 33465818
4600 39381452
8020 44994798
680 74259670
3909 70459104
6343 15990376
4579 7512541
127 90074793
3846 80770427
4193 76524178
4872 90581708
5489 24988554
8925 23293829
1039 41620071
110 36578124
5352 95518103
1825 98783916
3226 77946155
4325 8853323
978 42611381
155 101255
5180 75964065
5706 80200745
2894 87088733
8175 35193631
6311 75635905
579 87064373
5440 88847629
3630 27472404
57 53109983
5572 45693643
4571 39127175
4466 36043993
899 40772625
6256 21795508
2605 29242449
3750 94502116
251 34543263
2196 23761724
4587 88190385
4785 85244907
3548 89763399
8278 69483454
447 35183834
4572 14111432
8279 66039092
465 89438256
6646 56798986
6226 27272302
4750 75412271
448 85988322
4472 75997277
4244 62377586
2758 12742355
2421 32172536
2389 97611018
7349 17275384
7122 94759427
503 18501797
2217 88747401
2625 23269783
798 97451009
8925 64985465
8023 43222994
567 56854311
4238 93841929
258 28322689
6817 80882128
2538 80379746
5494 29355937
6025 94557225
6717 35002429
8372 66857724
5605 56140503
1539 64737821
8503 70489103
3898 4707102
7255 58264701
5849 27222811
1053 14466686
8181 25155664
5509 31952461
3105 30664173
2045 49211332
3953 58975425
8680 28628905
1000 10566929
8931 70397963
393 98425894
3826 15300527
2490 76459076
648 8720377
1760 58762446
1263 55891450
3312 73505477
8577 22578732
5685 31183104
3589 4655846
3016 19882135
3538 77923901
7726 84950799
2526 37422915
7746 75216845
3677 25458734
6125 39392049
4623 94355511
8936 31581595
581 2050008
2280 22577318
7409 28845650
5765 80815946
6190 47260288
1228 10988280
371 31395384
993 10816016
5766 62244328
8759 68388443
3024 43800896
8854 12520825
6697 22280732
8757 15051595
3724 20280352
2170 72228484
8520 89493583
7754 85304522
4595 43404950
3072 74796321
1573 35668575
695 95097725
3097 69171369
7459 28899596
4960 6713261
2734 36115644
5801 45926032
264 24806492
3172 53065696
3949 37359360
6846 39007630
306 53225465
5122 56909998
5978 51873152
7157 9683161
4158 43496539
7904 64970426
8753 17448400
4620 49540709
5443 70590196
60 96152388
6669 11800833
1817 7858662
7464 62801537
5059 28981765
990 39303111
6637 62265093
1954 49006962
7434 31058565
1606 24522744
2561 80065939
3451 43642518
8696 64162603
1597 31694513
8547 7438915
8475 74989988
6243 61506902
7100 98186076
2208 75914498
2154 35322626
6108 61148511
8277 25402012
6044 67154315
1108 47621401
3741 27805440
8199 96503662
6556 45196133
5872 57940448
3985 1237099
5174 28094753
87 44436023
4797 17300021
8924 42391914
8943 32857545
6591 76473712
3977 75719029
3345 42805909
7496 66068532
8063 28046367
8445 60689456
5870 90866783
3686 21272242
8424 49855651
4284 2970708
6132 21364004
8599 64801468
3237 39182907
7102 76775656
1897 50103939
8871 4913939
7272 30329724
6766 69232579
5233 34270361
136 35612210
8445 54023749
1706 75717591
5355 6011137
1424 38502504
7580 76202523
6319 59475890
4270 77571378
1984 68399258
4918 11411552
8773 50845460
1735 59840819
4408 40609495
1650 88908719
8728 63306178
2040 50175889
310 90528512
6549 47736407
8457 54122874
5486 63235936
2287 14647037
1168 39131295
8831 94554043
129 3432990
2050 85973311
31 60644568
967 28876386
5073 97610874
8851 63172283
2127 31844307
2710 62215025
1125 30429554
3757 38736187
8563 71505992
5156 36946210
2226 43033496
3721 31729444
5155 30748880
3384 51383816
7024 41753140
4884 54059117
7285 79208603
3374 27915800
5779 4937736
2737 15855423
4487 70082897
6627 23834943
3020 35846690
4313 31194764
2729 60462896
5764 47127315
6017 72250575
2901 38177535
2167 5140246
2035 94730381
6272 31951183
1825 1807447
1875 84241353
597 40495617
1080 73327683
1140 30993836
3334 39454193
2206 96439383
7255 69916262
7042 35169919
5092 48291474
4043 86391902
2421 13670346
7860 81090560
2334 66647141
2884 18220331
471 24610440
2294 9758111
7986 54783730
8079 3063587
778 11637473
5660 24038345
642 41402556
8544 78908902
3489 53144580
6986 94214329
8523 48892408
8796 27010808
7078 57692021
1112 33889698
1234 83922310
3597 22937486
3258 77170513
2129 22417249
3334 87982030
5889 65098361
3084 64570964
2776 3227522
4994 14647139
6177 22325043
3512 48731598
6170 21744125
7849 2178307
5032 12703112
2778 9372654
944 36725842
4693 51219192
269 6860419
4984 97391631
8299 65376653
1712 59791209
3457 90025869
2343 24644424
3075 82852046
8581 27906167
4925 12115986
2546 26749165
732 79294475
6191 35131397
1927 88797801
6461 38590398
7534 42831720
1965 37703324
2761 23232000
4755 84002512
6295 25501321
1854 24116371
5815 20672246
1564 13813285
2560 93085063
3721 61217733
2368 23389922
7685 91577513
5767 16894371
3418 94681985
8425 28762018
8644 36248519
1164 80631029
3893 26318582
8586 14079503
564 97504386
693 6631167
4763 60140718
1167 27930609
4504 83344058
129 68189808
318 78733073
3597 85045042
151 94264127
7458 2052202
6162 65180641
2552 79767551
2999 7440663
7469 27897356
5720 16777962
1119 96596691
2092 34074036
6781 93452162
951 83047623
2287 68168758
6228 47431147
8233 63469825
8441 80454648
3654 1507512
6772 8003336
1265 68697592
7126 39406638
819 74613137
5612 13896429
2595 33122898
4473 97003706
6720 49989444
7131 85463799
2525 77808849
7028 69857082
4564 87419456
1781 34852526
8907 95968803
1231 4436852
7918 95058655
277 6068733
6515 38140517
2105 17254095
3106 97355377
4727 20296853
4627 14341268
2046 12714217
8396 53411005
6901 12805023
8286 19205791
4838 29713815
3789 52466688
2251 62547233
5946 84906220
1861 98428158
6037 79424274
3178 48753827
4094 55004966
5465 35351151
4026 2191151
5533 35354971
8498 25464915
2052 85895835
7783 51279908
4420 62612127
3012 33879317
75 82143652
4981 14441340
8602 34781496
360 11674971
1396 84345140
7155 42739249
4527 13696742
883 56655945
7554 2620911
316 57212249
8114 27895867
2719 91077774
5838 14069436
8224 65008914
6701 65359734
8620 74040210
7142 85234236
3654 92194272
1133 40345463
2813 10774442
8489 1193
1655 62822274
6795 56290610
8587 67778532
5525 30841668
4041 1920107
3295 7667945
3936 25045590
918 35355564
4970 3451650
3526 41459087
8947 735037
3797 18489763
3018 4258111
5719 49314904
2012 36042181
1377 21062596
303 68046737
4284 23375378
2652 88781080
3372 13332403
53 65470934
2558 36215421
1379 47770435
5253 33087381
5648 77318988
71 81230297
5026 58788848
7327 70983334
3350 11071638
2979 78079513
333 74647040
3582 3527330
1633 29011668
4079 83551752
3253 81119755
83 13526641
8670 22917208
1847 42139918
4197 26345752
5504 26942432
6906 54806471
1045 81718765
3995 60409142
3633 76642279
6998 30549393
7260 76143656
73 6380253
2520 52922916
7812 59090048
543 5701023
3154 38391527
8924 91833197
1347 21486078
5530 37029083
8898 61716766
967 4012922
2187 24660598
2418 35151261
4938 95982842
2632 14099577
1768 71548036
4845 84245022
864 69914221
7073 65836563
6594 78675310
8845 21730424
873 95797954
5229 83408277
5145 53088
2316 70148567
7372 89441581
4529 83325796
8823 17442233
4846 4204623
7551 82786949
5827 92473664
6474 61063787
264 84779626
1694 66402976
5118 12498629
4057 27186480
7141 67177827
2889 52825379
1703 45301172
8707 76056170
7655 19681026
7304 94643933
2243 32116282
4709 74000231
1044 78027595
3671 59657810
1709 63638517
1199 99736297
6587 4215957
3862 4067037
5734 63733911
5798 8492696
1955 59270657
7297 86530547
2299 19229246
2230 25054272
8688 80600820
7716 94433446
5791 84300725
1676 54070712
4816 30253561
2810 85345931
1070 34450120
3051 94826574
6903 3737853
3018 60413368
412 35179833
2116 50899854
3082 82740491
577 51538671
5548 52533471
4440 45912714
6894 48807502
5297 98367746
4712 13812542
5099 47952899
6872 18683333
5159 90474534
1024 23413762
4703 96832234
6150 36711071
695 47139731
2115 78668018
3481 18857747
1329 40502691
3209 68410951
1419 99505715
6691 78686807
8909 7186177
6577 33937796
8065 34525716
3281 70097527
8691 20222229
8457 58858854
7676 98389521
3220 23303958
1011 65453043
519 12024201
1279 73515978
6402 58045923
6138 6311072
4037 12087537
2838 40780539
1448 59162708
2846 72861601
1973 73998140
8807 80023903
2452 60596366
8246 57184080
3817 96398475
7725 27662661
6354 48223249
5505 95178826
2888 37236765
8952 96162104
3944 87746178
4479 74255914
8225 60806315
7813 43124411
1117 68035874
3278 65585879
7148 75889682
6423 91162385
6187 98372266
4165 60973973
7196 61469122
6145 19505878
2678 34268690
6002 22456174
7538 35895860
3961 71820848
6649 73607806
8567 75992106
1336 66145920
6600 59415848
3643 87618883
3621 81248512
2093 75644213
4047 5027318
1318 25790066
7388 73819924
5680 7154278
7643 49467912
5314 60526858
3029 17961129
5203 95575069
4465 72581110
1008 93407796
3331 8629701
6017 20206086
2875 46251863
8914 98079981
582 23849887
5645 52427625
4866 52773378
7394 47394849
1056 23025936
2392 72435457
7011 48488449
7922 49450639
690 34417738
2608 13780611
5108 66724935
7292 60604769
4039 19258477
7474 95916538
3101 41152177
6042 45527068
4000 20237065
6391 98911973
7755 81205090
4776 52120098
6991 53372303
6614 29241227
3980 15066926
647 25859386
2343 76233926
4377 61516217
4950 99344757
1468 70829850
5110 55448194
8535 36629927
5461 60742907
998 19151491
6394 32628041
7431 6506768
1306 16886639
6616 23096862
8481 88215125
7877 77152398
7896 36062659
2709 5283068
884 47684486
8717 7771798
7860 41436624
7454 18148830
8233 97864388
6759 98517893
7170 89452104
3286 44619972
726 88249201
2396 88429629
3055 14786310
4881 80427487
7821 16380932
6049 11316190
1413 65624374
8010 17256528
1423 35914897
761 12854455
1595 8662679
4306 79269044
809 90814746
3653 17650715
4401 47972674
1675 2346997
3234 18430131
1711 46390419
4110 2303118
3404 41250580
8455 89430496
4254 23643994
264 74198734
1269 20880082
3673 70961553
5523 92497856
4798 69770527
4201 38667653
1024 2070190
8140 93368476
371 23621760
5105 91297443
8438 91524804
7974 32817389
2513 69538473
4611 17544676
2884 31667444
6414 66540191
1259 34605545
6440 68496161
7792 73671162
4753 37707683
1922 32760918
3776 9059667
2387 37726409
2925 89906676
7309 3176321
4443 60949116
3951 23924686
8427 93561751
5847 72867179
3011 4948480
7481 4811450
985 10400802
6213 11425296
2776 97500445
4967 92407333
3200 33570852
2063 69132521
7914 65032064
4471 2607718
5287 25756155
7974 93691916
7658 5517868
4199 32988129
7494 16112465
2201 10186047
7883 62906284
62 45065968
7526 59447196
5397 57236753
5859 94104075
3411 97188474
6358 79845043
1613 75338150
4476 78212630
1716 57364904
1521 36246260
5072 43190410
5271 73706127
7317 93360100
4897 87066552
3402 63395890
2857 23576348
7226 28312626
4291 69985827
816 92487537
8566 40226170
4787 96797533
4253 61029712
2274 69981025
1589 55114256
7598 95727480
6310 30919102
6842 38157348
3994 20129134
4478 99476527
7333 40096299
1801 62201226
448 76366980
6152 99212543
7229 28579583
3994 62959062
5748 38925149
7323 88876967
4286 36924983
7835 91713555
6218 38720274
3538 88432459
1182 31391630
714 79297310
1143 10623608
6698 63749154
7624 94162607
719 19425259
3105 16464232
7364 69398747
2944 15370588
6259 66365922
5717 49663462
7797 6766950
3309 66617234
1458 83660389
4144 90954245
7634 80009588
955 51199008
3133 78899344
4567 90597088
1601 17575229
3908 21115231
5842 7805635
1822 60670995
2925 35139632
4694 67111248
2562 35370024
8344 9264795
545 55879508
8045 45650184
6759 38768593
5078 64149097
6620 16499361
2872 83117785
8131 82203427
5162 90563557
8734 10990921
4684 89295496
1662 54290956
2464 1033642
5825 31040779
8324 43452494
6674 37435953
4325 13580482
4926 86148375
7301 85371710
8216 53384152
761 96211503
464 17385266
4719 70314923
5624 5560513
7432 51883701
4529 77589973
5539 40380694
4201 96178393
5331 73827870
740 62075580
2069 98662681
6927 27546710
3738 97859699
7869 29022886
3670 91128407
22 85268569
7525 4806903
8065 19185550
1711 59791584
7703 88516659
4652 93813850
6838 57887187
4002 50503914
3774 28125233
4721 86317457
3118 46644852
6481 94745051
7738 2256006
7478 40403001
1388 28352511
2849 66202282
4683 71387670
8948 73823972
2749 98647364
3042 67835635
5381 97807194
2815 58303360
3464 876734
6915 62276314
5255 38171762
2779 76751837
4006 86090262
3998 11524530
8583 16617990
7481 72141512
8202 83458939
5933 11107934
835 61869331
2238 97936181
5670 71063816
8588 5229776
7526 84970358
6928 77081744
7326 24856763
3807 19881763
2084 40468181
6533 361492
4950 20646840
6938 67421063
7585 16329905
5556 34751684
4880 82939073
5277 7151805
6500 35824229
3851 10357805
1899 75892507
3353 80791760
3974 31637069
546 99226309
728 97231562
485 24555062
5492 20774377
1533 16774539
6654 41835281
6028 83718752
3022 28790882
6631 10470383
6730 16846406
8170 9054712
8527 75226527
5532 64591385
1065 87516450
3508 64498251
4744 55773001
1917 80680056
2960 40381688
915 43220659
2052 35184377
4474 60126339
25 49223504
8524 40217548
2217 62315527
5501 42260694
7194 20826472
7757 36865273
7745 75760628
6278 52204737
7752 99356156
2954 34946950
8393 37976604
1624 60650073
8878 25894829
5384 97063414
3067 68898634
5215 43131568
5939 1034844
691 1169229
5499 34037048
2682 47545008
1916 99778034
5020 8465575
3858 38383293
7575 91332092
1215 82406004
4236 92868607
4505 46938754
6539 3773605
2953 62422117
6366 38945494
3834 10543124
3664 54475595
1924 65426179
3508 27444691
1573 4107452
248 11875804
5734 11916333
2254 31940500
5670 33528044
6781 88039076
5937 7100691
2071 41349361
2456 39459068
5878 31905733
6113 50992689
533 85718290
3955 52928289
5299 25630133
3104 95838709
2407 75366753
4101 80580876
6245 8864351
2475 60100289
8532 95313188
3908 69110148
4135 14595087
2934 69292651
5866 82766637
396 6100119
8878 10632906
4118 38039949
5560 71144974
2713 89061433
8504 14355411
8770 54882636
8574 89879008
4593 81997426
2837 80477073
3449 92064563
793 88242401
3286 11658877
6307 42418254
5687 63814641
6164 89703249
521 44889965
1696 32040272
1058 1720055
7264 26414505
3694 4993058
4142 80714334
8732 35524785
5467 47855558
2217 21853054
525 12136278
5252 56639245
2128 32641384
4324 8248872
337 1766003
6186 5277234
5199 47010977
7122 49354463
450 38129818
3257 87269200
6504 46888710
5535 62863295
8520 4654304
3492 50712739
7723 20942995
4344 85875198
2403 38999762
7644 38490658
7238 15845269
7519 51733489
7559 23835748
8629 14113229
4069 12210626
8758 7447031
536 19574915
3260 72433823
8071 39494842
3265 94066671
8640 86201551
7183 1691713
3493 69861556
4742 45256525
1253 82597706
8506 85535169
6408 35519417
1645 68570601
4412 99312085
3329 35234595
6156 51184227
4027 66895860
4233 89914210
2837 89739121
1660 27143154
52 78590904
7411 81101554
1346 25521957
4340 72882233
457 64857133
4054 7042017
3188 6439267
5118 92693664
4559 54432952
4213 15242755
3590 56044812
3632 84865525
6166 89702477
4008 14786708
300 9221493
4209 15763742
8599 60307272
7587 73127718
2655 52861111
1612 9124063
6624 6522595
6628 73143250
5232 58727515
225 93004435
6856 10359015
6784 2828014
3911 27190524
7168 94377204
3860 67505979
8184 48850952
5949 56126479
4513 17056221
618 66512696
1097 54779333
4158 41226595
938 42124756
6454 80069477
2648 65743757
4892 86137625
7056 51957459
1863 19511734
2324 67933172
861 28068
4956 68627964
799 76506993
8882 96777872
5664 34609964
1426 1583576
5627 9050738
4107 73012819
3311 20266305
6146 55575580
7165 82921934
7031 91649126
6219 32583881
409 70588903
4532 55941114
2961 3830577
1330 5865157
1140 23503231
6635 94970163
1507 67521975
3549 86631549
4159 35735491
3534 77984812
8065 3508677
2417 76402238
5716 3619604
8584 80403594
7217 33416435
3438 43908020
8464 70115794
4911 47560118
4389 8334669
4920 51437617
6448 88313778
8183 4635356
3985 81020611
5440 29974008
1038 44498249
5516 78020765
4925 11242641
8893 59607535
6619 66263527
8966 15163680
8886 58031308
7040 8718004
2427 11437186
8906 7126177
3771 62219750
1450 4126108
64 10004279
227 11401985
1495 57577426
1299 60297345
3746 49334813
741 2598953
7378 92741113
4890 27956052
3716 7250321
4437 63717306
8313 54707784
4635 98461435
32 81229786
6660 90949531
2049 69184111
8575 46499417
6848 8869808
4242 22729634
47 99277396
5429 21039261
1460 73861442
7017 14222368
1383 90877406
8413 30639900
2368 90330857
1358 68442060
6379 19308869
1551 16216317
5112 25007459
4767 96504544
5427 7274191
3827 78412666
7722 53421715
749 35107585
8162 89201983
667 6344025
6901 37334116
4038 82182333
8697 20293870
2488 31371953
1905 59695791
5403 8179722
4391 19233860
3800 84576020
4270 36594591
5768 43465595
7487 76600877
2103 12529134
3243 28053265
8556 35238056
3583 8816270
1158 32835026
6013 19697531
7873 26878261
6752 80355944
457 50616129
8759 10580580
6046 24089100
7367 88224594
8231 79088464
7517 42262037
1465 68687968
200 49465024
6817 48885508
972 81370173
7479 47289890
4728 30738350
619 41369534
6465 47658627
5581 42943634
4432 31530713
2005 73099010
6451 57388319
2946 24442086
7002 58369584
2059 22948451
5307 31117314
6128 19494536
1644 77886225
1581 10616980
4924 57536313
1725 54475546
3276 95580842
5971 43743248
8914 69125579
3089 76286744
3168 32762998
6668 42767586
2250 99090217
41 35764232
921 75772927
3903 63124127
3703 55381807
6288 39988931
3107 56031412
2517 45040783
2508 66061837
6787 6875092
4664 394114
4630 57398500
4440 89821574
3529 70175987
7365 35587351
6332 12735891
5389 85185950
7973 97170074
6553 12245510
7091 20365470
2037 47945568
1182 5928054
6827 15993017
7728 22577409
2493 55517871
4224 96213886
7404 85103545
6314 25431680
2151 39813983
8558 50026045
5618 13583944
4710 15111606
1394 16294763
2895 64761475
1163 77608585
256 1200295
3497 50514051
8346 34563838
8664 10613538
8764 1078274
1746 91626453
7419 74559748
7420 3420899
1126 56687823
180 53148151
8191 71152568
4704 74508508
2383 70534694
2189 3578559
8598 76892600
4369 25455819
1106 59257650
8371 90253948
243 47509642
5656 3479089
8322 19515249
7573 98396429
5658 24351893
6078 99099129
1168 45052210
5572 92786288
6608 71495727
7839 7501656
5479 63130771
8822 34875647
2486 92267360
3062 23148971
6636 41334040
7596 97862851
5072 66786759
4990 37431598
785 96447483
5740 85409709
4160 90161707
7779 59388149
3655 41788822
3791 56451399
232 24501938
8359 12864027
1790 75033271
5367 80172433
1529 60587492
7868 23858346
1915 69240677
622 43281566
8846 75579490
513 74845796
3753 21573896
7101 50375405
7176 49797047
2345 51982225
4836 14454344
1226 9903122
3345 24903032
8858 79105343
3371 23023175
3963 24785991
8233 67631886
4091 38048551
1977 22881887
6241 72899999
4877 67075986
2508 75521054
2111 13034004
2121 52901837
8146 35660014
5698 59449624
5154 18350391
7155 41586992
2087 97152600
2739 48222431
1395 32486464
4910 56302795
2190 21652760
8881 89507265
8266 80714168
570 95512376
2006 67702115
7351 41472740
1791 49446242
4432 48599874
3042 4291344
3051 87736966
6158 82434949
5801 65895158
2824 50016293
8256 4796028
4347 87126013
8399 87653812
7746 60482874
8784 58346125
33 44601046
312 94019900
6984 29924636
6158 45555633
6240 82383569
7817 16993486
4376 7237710
8505 9316648
6653 86570762
4357 74292912
2977 41845749
8248 24122517
2384 92704116
2966 95299591
5084 93970112
2746 46900384
6682 12536922
1710 55907024
5274 28929276
2572 26865140
7562 650870
6374 50504111
6836 1105430
8050 2593944
342 40065271
8544 29295951
1625 55975797
5196 15915486
4595 22743855
3243 54383256
43 69893498
376 12834181
7126 47236629
5970 29924682
4506 75236568
518 92511456
983 53164800
4136 88808722
7350 55352679
6886 46979126
1197 68289523
5564 82361674
8826 87242602
4909 25461586
4501 14524942
8680 79216776
8694 33644836
5821 71881564
5694 13308516
4824 62080075
5911 11112420
2398 21981578
6786 2639803
292 23580154
772 54709319
1960 5926785
8187 51867061
2870 52296866
3863 91598324
3514 49096121
1510 62636000
2012 95574410
6828 25396560
6154 82195005
5203 21778572
8300 32282864
5424 3899316
3587 2200916
8258 17571094
6477 17047954
163 48856702
103 52828311
1540 16295902
7416 92349779
5305 87916335
2871 66533844
3254 74791503
6123 99349523
7268 82080580
2734 91409491
8833 30852313
5638 41782848
7310 82989501
3071 93807101
2209 74797538
8254 30390065
7090 86346146
5275 29410708
435 40859906
3137 15568979
3752 15722740
1659 79328576
5443 96727430
745 90702306
5637 65255332
7235 87699867
92 10836856
1805 83375627
2229 78499184
8549 99419657
3530 40554136
4889 29467315
1765 13028098
4829 34575036
8433 80638511
2493 35180598
8527 84763191
2848 39391847
6487 98219978
3286 65331337
1624 64722303
3199 12099308
3525 87546624
145 74418221
7960 25174016
8271 71858884
2101 3647600
4162 45144788
8902 12720575
4146 23080055
6062 82380191
677 94753041
8870 25286181
8689 53666709
1670 16755394
4087 86981470
8076 77061954
5011 62069560
1395 47072065
6460 83170740
2954 10325659
2897 37974235
4495 8872175
7000 83165310
5155 20387903
7336 67468188
6890 64506019
2410 74944181
642 48882470
7722 13298360
8654 52641640
159 99631913
8200 51876960
8461 46828526
4878 98189255
4529 23711459
6256 85028890
7439 75004526
3590 2353773
4278 68010168
5716 16931554
5541 78026123
8732 2732290
4971 76262478
8156 34097547
6239 69768977
4633 94873372
1170 21475486
6120 83618717
8006 50732061
1157 50819630
4408 95355591
5540 41161919
3743 34782290
6418 33562658
3454 66257369
5214 43303518
1345 36964490
2526 49770149
3452 50166922
4587 7820510
7622 75639587
1668 94369494
7631 54476918
4001 70451790
839 17345240
4777 84685204
7124 62152645
6199 88093653
5026 21879169
4466 52243745
4882 24666876
3054 37452735
3758 94099425
7095 79891038
5366 23606932
7927 69234950
1033 42921782
7358 48877945
2962 46625360
4432 60156736
2096 93117509
7126 29187784
5105 75721768
217 4721442
6073 91454101
4190 90770180
8917 5028803
2760 82785048
1929 15445799
1937 95910927
5194 2903987
5862 90815602
8564 33783027
469 48257174
4710 64055988
905 49411692
8664 5772203
5131 17476355
6935 913617
4031 31611261
4585 36712041
568 61005049
4569 3120708
2781 93385425
5814 58982536
2898 62651942
7212 59474934
2813 60228646
2110 98193796
3906 31215405
6263 69416083
2732 24455985
7395 64259277
8826 9198609
2316 21679194
7469 10056965
1208 20740367
5981 52648432
471 19884816
1380 47460286
2584 40362913
6398 40753876
7590 16096125
2177 50644865
1598 61984695
5626 81572410
1921 67520071
2918 59105416
8851 52993440
3777 1984947
1206 14146600
3647 33063870
8388 88136631
2745 11264395
2047 36778863
4249 39405151
6482 21353262
7 29495977
8962 86174254
3903 9288364
2820 14517465
4000 32076079
6991 49405522
3162 66333237
4242 12001873
3615 77071597
3764 85392800
2415 66068144
547 880474
6590 34067230
7364 41089925
1779 67317467
1616 58664114
4522 4925278
2048 81986990
6717 45513670
7059 57590769
4163 83574696
6741 21287597
1050 61911605
3369 23258821
7457 16986999
1031 54151375
4863 87213757
4137 12904035
4174 97723891
2422 99786073
7399 21469851
5817 14371154
5643 55804908
478 45641475
3760 97895304
3208 78908327
1718 62744887
4353 83894285
2984 38518098
1985 16156048
433 68321080
445 38560241
8122 30371976
2328 29332176
7110 10490940
7353 45653578
3341 40084789
6561 10872272
3087 8899230
1474 49724627
155 12262344
3875 88264535
5658 33861583
8168 52180076
5054 31828279
2741 27884779
7722 43676251
5336 8200548
2320 75458352
8270 7176800
1518 71683678
4070 70426435
5397 12855111
2947 60174517
1327 90328807
4437 81065228
3657 43564804
1433 30114734
197 46521287
7062 49806069
5333 55663639
1765 83531629
7541 49168573
5504 78420823
3869 34297606
8396 63092570
554 38428001
4799 70266104
6754 67334065
3540 30586510
6720 45372471
4115 12770375
8920 86014205
8797 66363662
6176 30212625
5394 63401411
5793 46376933
1168 37732507
3364 91181570
3326 25205136
4103 54267305
1725 83976813
4319 26849417
8686 1527476
3374 37199891
1206 4362707
334 96282077
602 71509637
5422 65050896
3949 67348127
8915 6559384
8685 33656138
159 82715284
2724 6030879
182 92574680
8835 51892383
3352 77082779
7020 44569996
6188 42628465
7849 98115678
4537 78211459
5236 14917071
8929 72127820
3230 9306170
7868 81849065
6079 84958590
5628 12436541
8095 98893822
4747 42519725
3863 21565031
2448 41193421
7292 34452743
3389 14359314
6102 22208396
6623 25120212
4719 41848841
8584 75318812
1610 30341559
4897 48225325
3020 37141701
1125 21334731
2626 23515543
467 40715019
7092 81439449
1671 79850419
8222 23361854
7311 34010951
7998 91836393
983 89353688
5856 57874398
4655 39401568
819 22838275
6108 61521855
7357 14683365
8874 50376620
375 44854275
1529 26441709
2330 57998976
6353 90779184
1763 7940529
509 47475610
6696 44189796
5631 41633332
4098 82373180
8924 2587330
5247 50493625
6108 45003521
8870 9225632
1125 84060791
3353 68788909
3209 80766768
5577 6148762
4808 34529356
6734 79397910
2909 8618868
4764 48454496
7588 71157174
5790 90097392
6284 28670481
1885 48810230
8947 70267206
5391 25763062
2302 77668460
3877 74312456
1645 63930396
7980 48683014
5510 61777254
618 4421993
7043 71495867
7059 74131503
4955 76191046
2474 41241917
5336 15230291
2366 12655078
7257 8842586
6959 80191287
488 13285516
7864 46896872
6742 93459396
7822 57715931
8075 16827046
7794 54603308
5964 13747074
4035 27427263
1344 394261
3090 70390380
4969 76661117
4420 23933528
8381 95487959
5582 40824884
141 50570268
2998 35956691
1495 79486873
1498 12358817
6260 56579244
5730 82852414
1727 28990046
8052 57043294
3989 54030081
828 33012765
5233 38545675
736 31009650
4035 67551794
4164 59614552
1046 96564490
8184 72403004
4339 73971960
8869 16023246
2175 43729610
3176 26405103
5266 50973164
8350 26231496
4483 4262297
3788 27733034
5093 20261700
2910 12716720
3087 69181648
658 26530520
1433 3702254
5116 52289548
5594 39100861
7193 99917854
4612 85568599
4872 19048007
3034 96839516
4328 82123416
6059 59743332
4397 32808594
5684 44146056
8118 74814359
1906 78836483
1233 75731484
3779 36290155
6667 37267925
4792 93439782
7691 92775505
5213 19282730
450 98129817
2104 13667163
5717 86665892
6000 15147286
6069 63352063
8301 82176925
8179 43928952
7756 61734989
4892 95763442
404 58790744
233 41105955
6095 26273283
421 40106012
4261 72964059
1403 4770061
6654 30607580
8403 49614471
5253 25110406
6526 7297775
4296 10102376
8891 72697367
3192 19326848
6713 71118635
6447 87885984
6188 26666014
6835 90893355
139 46790331
7873 98662202
3947 41912408
1303 24810564
1738 63873051
1756 7131403
5819 4725591
866 2284238
7368 77532206
5071 87705909
3339 57182267
960 19372245
8315 45643650
1788 47699331
6889 6451309
1054 40081634
7132 60792030
5666 92654335
4717 62886450
2009 54419612
505 77915747
2175 92763375
8853 46309177
7775 99697409
2756 59950579
3637 26587308
1240 51985131
5252 97950101
4635 53217783
4189 69938446
1242 89274824
4130 65427085
3275 53796621
8559 57803996
7792 80579024
26 43442572
8885 26290976
7253 46168815
8768 83769913
8642 48957888
8004 38302247
6724 13369691
5981 74021102
4378 40432512
1069 62001930
4192 91940683
8362 25423743
8764 53859960
3696 20481893
5208 95903435
4495 28920269
8891 64588394
7435 28068307
2276 80327750
7776 9139785
4332 60591416
8776 9863538
1629 42762115
5085 90313605
7425 16156231
5600 46081938
6544 56108641
69 70497386
2204 50726046
262 26665261
832 44556550
3672 91008193
3716 63313127
2471 72418505
3914 35947424
2489 77959219
2632 34033027
4882 75532653
8074 24223751
4820 12506121
5226 70678145
1798 53509600
4512 82610094
7208 41788091
184 67502618
3232 84998326
3254 76555235
5292 26236816
7115 47599372
7515 36025592
7115 32729964
8381 85118342
3321 54323921
8560 96074485
3360 79013605
1576 23960358
3930 67168666
486 81511240
8767 1476945
4263 88147605
6191 96785387
994 86071436
8952 49152451
1994 65725337
3155 63479926
7228 85331325
1565 68252092
148 15489233
28 83617014
8911 1123686
2219 20144324
6527 17355073
8413 55070355
170 42124455
5734 27198348
8183 30559568
6482 3417992
6949 49840710
4569 33971960
2658 54354971
4030 69833328
7098 46178128
5625 15168667
3111 60661434
1533 25747431
3594 66449004
8087 91901870
927 38237451
2712 87703094
6758 8552230
3610 63150319
5951 91401530
4250 60775506
2130 24171458
1974 9324639
5647 44715705
3779 23245430
704 17243387
2044 5077547
4162 42232483
6864 44722647
1881 29233086
6981 97518269
8056 36113094
1984 348796
7245 52639158
912 36293474
6712 82583778
6226 85282928
8533 44332799
6262 90314370
3309 26281886
3530 32458689
8550 57006603
2380 73946448
7229 73393919
599 12953278
4326 7809964
1022 22613895
6379 95692912
3800 41104735
3153 86461806
3424 92372759
4427 26983542
2365 28317172
6955 77295959
7271 65397549
4246 84707696
5303 47103119
5479 40425179
2114 93469737
2506 44751366
1948 68962455
8372 16894564
4792 49000741
4056 14539041
1453 13435898
7857 20020037
6179 70046431
106 41013401
5376 70836272
2749 69511499
2903 21887205
53 39122764
1845 95933494
1467 47588948
7345 45883393
4750 858951
8883 97417997
4894 6422199
952 35373695
7846 89040566
1738 74478440
5361 12167307
8118 8580535
5566 47921179
1632 71490068
2746 20683333
6337 71651873
7293 19916655
961 91870392
1245 62021303
1838 12362270
6704 52599634
1171 85666474
6449 61231710
6127 32499425
2607 74882467
1155 64365585
4886 4019089
7988 40230483
8346 4879280
4346 69372947
5182 10130530
2995 37885063
4444 13642892
1367 2585492
6815 20025593
6237 43577153
4953 82277087
5247 84163412
7610 2800149
5828 98813778
8343 76157055
3764 64732391
1835 88641836
286 84632765
6952 21716131
6851 24116434
894 47546884
8266 19442902
8354 96789658
131 41886675
3865 42008861
8818 41956831
6407 67223808
351 20311098
2044 95299433
4365 222926
2267 87336944
222 56665337
12 74950896
8835 27048952
8667 47820166
2755 86062744
5662 18199589
4003 61589531
2707 27534041
342 84320850
8581 41456388
4494 46345203
8805 4914277
5610 31220506
3656 90813881
6815 29219255
7209 1431453
4578 59162309
2098 27182695
3290 30598433
256 89893001
3982 75402617
8092 22166824
5513 75598189
1223 92984707
6475 24276472
595 91229425
4924 95637644
8446 42310680
5827 53906468
640 63334286
3603 16308091
5258 69010317
648 46180793
7173 66714366
1777 76228578
4535 45956757
2451 69732661
8296 93656048
3557 22857151
8373 10282594
4903 73598203
4659 75304354
3946 2688425
491 1126701
7259 55772299
7994 39720617
3532 81743078
4622 52583495
4265 62473003
6197 9735803
8328 80937933
2828 95365481
8939 76332493
4322 48517797
6223 28178636
6185 3872323
1793 65345114
1083 76045390
6001 96791711
1091 24628432
6232 94149430
727 77160753
5994 78112688
8497 8849085
6248 54074814
7329 84319977
2032 26793800
1959 38199693
1412 21223339
7123 7348642
8081 50550585
7865 8727871
757 90397643
1192 36445590
5075 14461705
149 44786069
473 82972129
1201 37019996
4303 56723775
2305 6703213
4524 16970321
5257 98327688
8896 70708648
6631 99406767
2603 75761224
3522 46366666
3667 17976374
2611 47240213
5914 92384151
3814 48079724
639 2308883
2426 20489695
2918 67328968
5658 51398533
2430 55895125
6877 87367685
6702 49124936
8062 69145920
8455 74739108
6036 16798275
5052 75308096
3795 81844846
6524 23292183
5774 54174840
8288 70319920
3557 27554894
8104 153062
2670 10426167
7688 58070634
1899 96567478
5396 72442799
2651 39347558
1041 22146890
2378 46434024
2011 29562518
2607 52419034
3551 31429945
8413 50671438
5438 68381645
2643 75431167
380 12133547
2785 63846720
1287 56063356
3162 84801343
8336 41130291
8198 33132453
8390 17820338
512 35140826
1694 86006195
979 41885930
5856 49839853
8847 72955680
8066 33601549
5060 41024632
2603 33506101
7362 45717463
8455 24474565
571 62958961
1180 88869774
7822 99704615
8795 81645478
3378 96089508
3474 10349785
3220 96982100
4858 17837888
3426 64441045
5864 38205699
2174 1463893
689 13540196
7565 26306795
516 63977028
4354 45202297
7126 86621146
4292 74022219
3211 60954267
3401 63040042
4739 59080256
5795 47098266
3300 95392589
2486 18302373
2318 87981101
926 33424572
7289 20140144
7691 50510400
8413 82409694
374 33242990
1340 53874158
3480 87354668
4206 39122898
5877 73535280
17 40136427
1475 47709615
5163 95704874
2073 21163076
5389 91404599
2200 9360645
5023 22208867
1468 58088852
779 82706386
420 81062057
4545 37932800
3700 64019155
75 45266687
8904 37334966
531 17783415
2724 89499455
664 47445570
8830 9652877
573 84533303
3395 39280611
1041 22797754
2774 60356307
3274 96459178
3955 44904690
2505 79560765
7797 49314349
8696 92788146
2040 66849580
7782 69740032
4079 27477124
2329 20087497
6939 97959642
107 59218354
1451 15716215
3277 90944825
4721 77238616
4994 61187140
4934 63781905
841 8556436
6873 41844587
7817 34653342
8475 63159822
850 9525145
1889 70529027
7037 39226653
2524 19304977
1877 72531786
1464 79363570
1837 77393490
743 80534502
5840 7625668
7510 34597247
2064 95368042
4680 78975479
1464 59582100
804 49590735
906 64495355
5925 74193283
5372 47792664
1415 5802030
6413 47761165
7354 46333468
7956 47404330
8353 4559444
838 25809527
4012 45652488
3665 42867065
3091 54764356
571 31145240
6714 99708642
2981 54559902
421 37479134
5902 67082639
5644 45592110
3265 61427432
5736 54410973
103 81533852
3547 29481550
7486 31474183
3431 6252356
1126 71651293
582 95751611
4543 32154580
8600 57786169
549 36772155
1703 6543512
8410 59310541
7418 15420018
3023 60727768
2191 93784836
252 17438974
6992 31343799
6595 1456603
8415 80427361
2569 99899047
2536 95247202
8393 38584562
3040 86068698
4870 46547484
103 39071666
3558 53866031
3502 79684400
7457 94670528
6411 44602457
4113 61149252
2346 77553498
2107 39099455
8247 30077404
8 74755350
2913 26003198
3190 97184483
6273 98721090
3120 17281917
6571 59024539
6531 33677360
7962 99665393
6559 48744087
7636 5752668
2515 26970564
4626 98812913
8227 41258771
5546 19224394
5415 90296412
4614 73430637
5137 12322917
2552 44738863
7529 25716939
1962 97792798
7243 33282446
692 6828258
4313 59946247
468 7019550
5697 90876148
5019 4621302
7729 68160048
419 58482881
274 84833330
2894 94809750
8863 32041779
216 97730560
4140 72706927
7906 6388448
698 90962081
4371 41422723
3981 66031288
7295 43720686
2822 59777336
4744 39700573
1446 68545159
2310 21016549
3065 52788795
1736 51156731
6773 62239411
7106 17784572
1243 19239573
794 91162238
4642 10500909
2630 90370366
4147 54248285
2387 78223870
1170 85076774
2000 98773460
6549 77717496
7064 540299
164 35312261
6275 40516920
1207 6088983
1120 78239535
1745 42672837
222 67642288
1126 64055592
6449 53858910
4268 8871565
214 81052196
1660 81055070
2122 88432127
4913 86253326
1374 16018659
8946 30712324
8562 67782534
6916 43148510
6892 6641995
2978 52489458
1683 75114944
1817 33421989
5790 9591057
6447 54078111
3264 24550435
3371 65228299
4709 83618582
4157 69911401
5939 64931566
5507 11772648
6111 25168254
4856 2541887
167 61025911
666 53766595
5475 52476947
4176 5065788
6445 6451052
3615 70349125
3488 35965359
1079 37041132
907 44925969
8309 71151130
7560 48552801
7001 595261
7115 49743611
6391 99467296
3565 59885586
2581 72895358
5073 5248636
8870 41095755
1443 37950710
3284 37833828
8143 84649321
5702 65476575
6065 37642893
3962 86163179
5784 4787138
7141 63629766
4869 98376842
3447 71857010
3254 81625640
5341 28065023
3139 30882545
8630 67455428
2196 80138686
7864 46373118
1702 7229079
632 15007510
7151 44906251
7054 17525785
7668 83001792
5766 70150711
3419 66035978
6926 46161574
128 50521856
5850 17565978
2265 94375595
8280 78691427
1166 99107734
2720 13905674
118 7214392
8605 97335816
7310 49518442
769 11354576
1151 45343763
4281 82006542
4419 90118381
2402 68650837
8533 38454082
1704 73083532
1754 85347348
1149 73639786
4324 88796863
2053 57497435
6470 50994422
6930 19667369
935 36714606
2961 77684989
1377 34379215
2836 33174094
6106 75468982
452 60584885
6269 19854241
7467 74258076
6734 49080838
68 99800613
2304 90507471
1612 19183833
5199 30804318
6670 19725284
2991 53117083
309 45040258
5739 13944895
1276 76064738
1553 69313869
2275 80563441
334 29452173
3763 15402919
3659 75416753
6984 12647442
2454 37002604
7987 11442130
2822 90921160
5938 11847113
2369 12339937
1742 56040570
2812 75997755
3840 55288709
8848 28838779
4772 90783112
7307 45624985
112 47968204
4327 65011232
3349 76899925
6132 5548471
3959 17441929
6490 54511776
2448 22577502
7123 64542728
2911 19674766
6572 18513365
432 94856037
1256 81828868
7039 89486474
7466 86530898
2557 13853000
4438 4132492
6072 59749394
4623 30225031
5856 14604413
3411 31229391
8445 78324577
7339 65963107
4791 83690455
8383 40359399
4086 12421204
3381 31596909
4469 10932940
6868 9938339
320 76609777
5373 33205352
264 33657825
3625 57316685
7680 11514272
4862 35089243
8108 23315219
8930 63197733
3752 4576154
7577 7574580
1889 12183027
1823 44148183
2072 11839447
8571 36914176
7919 89170870
3629 75708153
6377 48354457
5669 61276128
7917 98767702
5608 27935854
1199 6134529
5738 41433364
7847 81860084
2466 36122249
7543 33791937
5720 74702847
6134 96663512
985 28128251
1851 47112475
327 36308050
1599 64411295
3588 7096696
7510 25962412
7248 99810739
2208 39481989
2180 40044793
8905 95804395
3741 80098971
4640 86109255
4956 64100717
1829 12434401
7193 23425213
7324 62687299
1748 75149928
6838 69112244
8051 51115823
583 28506885
1991 51321995
6475 31618047
3650 31715764
7675 31395681
3116 69232907
4776 5755066
963 57380908
2169 18069450
1729 69314570
253 17834246
1066 44634468
6204 96809599
5857 95354024
8416 36275078
3531 4478086
2152 9715071
2671 71767612
3866 11965521
2888 12433155
3178 80276637
4726 23077630
5492 83514292
6474 82928729
6161 6972868
6212 84603945
2703 97499434
8544 10361364
4645 54055513
4001 17779933
8440 4701589
7638 7628906
2159 83090806
4797 8266131
2209 35396247
3145 90933881
6319 7398053
2446 6737293
4586 99502754
5052 45012440
2702 94425674
6266 36315440
7647 63887503
8865 43783198
3894 52392194
1957 60789960
529 88853856
4978 76543147
5483 331738
6791 19517341
6564 10541270
7631 56433574
3385 76979085
6747 8851669
8102 5353242
7824 35473813
3194 88513200
5313 49253080
3583 70982411
8711 22860072
7175 59632115
5389 85501092
5841 4585252
8470 72946985
5720 51886222
1068 93161327
1802 55431900
1771 80366816
4355 17798473
7711 61409177
448 48115299
8839 80479687
4308 73704948
61 41545555
8461 27801751
946 73094668
5018 48055660
8918 40952541
2280 25672704
4236 10074254
3806 11396556
414 92502771
3109 57863188
5347 51755793
3334 19637128
5500 56362433
8724 15080665
1977 56897279
3174 19091240
6501 38505677
1837 15364814
3876 91875913
8334 22712458
3294 21094091
4865 51760684
7718 78460440
1939 39436631
8831 82502048
2948 48865502
7065 77994185
7368 52455516
4617 88771411
1586 23715090
5729 61354499
8634 49144229
1975 47248378
8782 63976873
6431 85478573
7750 24469098
2413 40107197
2834 90257362
6865 91903375
7368 94563553
4374 32026517
6480 66212322
2176 64448039
4134 49410024
6544 38720372
4415 3920844
5033 73480501
4634 52451399
3650 22606820
7412 12369524
1688 8150308
5385 67174410
7908 65584757
8785 19341495
7545 92158470
7075 89442613
6599 62366809
5410 39238393
4007 26839125
1147 32550650
842 66806235
2955 18150720
7715 94569272
3910 13531969
6583 39546744
1578 77777838
1167 15256467
1477 48470909
761 7416725
453 95878414
6545 34233806
2277 28792886
6661 93492314
2049 75931815
6335 14228752
1350 38407289
6837 49986663
4079 26354429
6446 79676481
601 14248380
2968 18304243
1430 19436629
7220 42011171
7763 71950991
2273 88236295
1865 54035796
1323 5666784
2092 24103420
4459 8409018
