5000 100 10 35248410
4252 51998236
1123 27550227
2338 70856952
1795 84912356
2050 29267355
3647 40468006
3139 29688688
3743 12163538
3857 94804527
1008 64418874
2953 65891647
4795 69868378
298 1408606
3417 53026229
764 54987943
4568 80220509
673 14173876
4761 34812539
1018 62291581
732 2298708
4850 39666849
1124 78941801
4449 40155664
1913 58630925
2648 63448077
4090 88256419
81 26272240
1825 10700766
3781 99644612
1902 70552021
4552 57034338
4595 14135087
4799 63575970
4643 61271747
4781 21188874
2721 22459192
3591 58853522
1522 35243965
152 45022684
4017 86485729
3960 21957394
2237 90326838
4663 37899649
3222 80943185
745 69787304
3056 44693169
4233 7300440
3159 50546210
4677 60292234
2520 1776666
3245 27904765
2991 94853185
525 78153203
2546 38283826
4355 29004745
2281 84163001
2342 4544408
2423 4224477
2416 28033795
549 32504671
3407 41695572
2293 77159095
3893 88542448
3145 72388775
3322 92039614
732 82832144
4741 50917651
1073 59219020
4642 12815183
4746 4763093
1622 27305106
2412 45298419
414 68448637
4805 74293573
3117 39723263
3596 46819885
1596 89028789
637 82931200
210 4200637
531 31438624
4480 82001768
1538 68700983
3788 44472449
2158 67022977
2637 30455554
1329 51623913
1602 65744869
2059 89610175
2411 3994286
2450 83192292
4855 75734697
4691 25136385
4573 6507509
3379 47367427
4144 68420265
953 11981101
3976 45593172
4318 88374157
2707 61118440
96 52385959
1050 79699558
4636 1851007
3969 5964909
2272 32154286
1229 60397635
4547 53676745
4604 97875107
3974 5928522
3434 91913420
2829 72639818
132 37134705
3873 63272072
3877 17819357
740 77826204
2337 59559716
796 75544496
4834 86738387
3644 37220054
4765 21373037
2854 2662492
4474 37237271
3518 22935708
540 40185072
2157 97044051
2516 34676532
4190 97464882
207 6821141
591 7055467
155 17415888
3306 8611000
4740 67610186
3484 16234879
3371 14067351
4849 47051871
1912 75345625
603 22243765
2775 63602657
3136 5244331
4252 74043704
1126 40918925
2917 71972251
3252 85564177
2248 4153466
4813 55950243
2779 82534020
2500 51061311
1091 1233091
4763 57009133
782 25783827
268 55773535
20 58808071
2916 18745053
2598 23196773
4913 78714809
214 26277766
2486 63509769
3993 15566599
3859 82076114
2219 46726296
1281 46322124
694 55103953
188 84437227
2402 69712329
82 24153839
2234 98023716
4681 49141960
3793 57944674
83 84275220
1320 44392749
911 83414629
3673 87656469
2269 73953237
2971 48514698
2775 27975837
4867 46572061
2826 29534014
1673 24197748
1181 58013060
602 55417602
1095 41922585
4185 14610626
3893 15305811
1043 11467911
2040 58729452
1610 67603765
2699 31563880
1382 89068481
3015 63516006
4932 14062821
2181 85340525
3681 18306157
4229 62310897
1856 81362133
3265 93963039
4278 7523561
4098 47770111
2773 31982875
1540 99722191
4605 67689657
1213 4344151
367 53112078
1564 95586361
2716 41425149
4905 32280090
3006 55626916
150 68639205
4731 37527858
910 21469683
2427 56306764
2882 13218784
4941 56351052
267 43513568
2641 29097521
1596 84301065
2992 6720107
3527 84596953
4326 24553249
3910 54529096
2307 91802035
2360 26499073
3573 9462505
869 73878376
725 78604732
3760 70913060
2360 68329839
3692 3774525
1292 50153443
114 13014818
3370 95556557
1246 28554494
2124 38477452
3556 62108850
2502 45851115
4931 34041804
3953 55963485
3958 90114805
2438 8195507
4698 64932706
3012 16890297
3919 26744440
3969 25010314
1541 62417379
4207 82839763
3031 6931073
970 77780785
2808 33189336
2886 1153368
2181 84321643
2700 16968837
4034 42206689
875 83937028
3047 43391016
4259 1347379
4081 83965478
105 49202193
1512 55974165
4480 46261588
3172 54408969
3511 46340094
166 12530375
546 1858315
1410 45411821
3175 46050602
2657 7565222
3340 53129615
1396 40984465
2353 34609757
1363 34231882
1056 45215556
3950 59227517
2313 33939983
4039 73662962
2350 86109580
4348 14335626
2282 94444678
4177 61603258
1325 77618416
3865 4347380
1815 41781247
4210 39204809
883 14200865
3205 37010209
3884 64564756
3684 89800463
3848 94472155
4904 9230766
766 16746015
1822 13646413
1253 63482012
1615 92854326
4521 59880744
3968 6746036
4017 13989015
4181 61168179
2026 23006019
4823 55713828
2865 33078615
4948 38533859
268 68998832
557 12456388
168 29878654
2915 96915830
4471 57097235
1656 7029321
3545 91060635
699 78505937
2899 6857583
2780 40956892
1369 48861742
1618 81649564
4220 7530765
139 61590997
942 82603781
2702 43285456
2589 80975530
2931 72622657
1359 82461702
1296 15027911
3220 32617082
4192 12654536
59 21940880
3700 79651801
3394 28928799
2512 2161414
1112 27766469
1993 2174654
3209 73690723
88 80939319
1056 16406860
4164 12929822
3655 37515675
4006 65785632
611 60123670
4679 12052667
892 55387127
4432 73967526
1434 68384029
316 58642823
1086 79260724
4625 80136074
4563 49647919
3937 94840780
2586 98592733
4560 84665851
652 5037578
1122 69931040
3489 88180856
4354 15046983
1871 69046567
569 46077982
608 56839557
1319 54278054
4573 26181187
1904 27569120
2067 31274170
495 64985458
2015 90015923
2072 56777084
2293 40639042
2079 8640954
3027 44071312
1087 40746226
4737 66805019
3254 33073046
2145 87925563
3206 65317985
264 51712889
4796 22505059
3764 37549621
4332 35852341
899 57779374
1330 2262234
1896 13180389
153 93953010
3871 5514958
970 99496052
3039 86198662
1085 86871143
1334 1068191
4450 93887972
1998 4127922
1266 33758874
1050 83834701
935 33734889
432 58854465
4481 42724467
1533 22941381
3047 69461841
1852 9058723
1454 89941202
4236 18525167
291 69192656
4483 34712236
150 10243863
4519 28524340
4330 77290533
1124 15854144
1417 41009427
4295 19829693
4593 73589521
256 49364250
1091 47834350
1358 66333393
4020 8427401
1174 33227394
2768 47514854
1735 92838561
2751 8992743
3239 25287661
903 15847576
138 75884793
3143 38980616
3466 56703869
4810 96460487
747 7250711
1356 60250425
1181 43913052
1594 81436944
421 77897319
4552 90671266
3727 93265653
2039 67909979
3017 7409982
4317 66171364
4098 96139328
2882 39025996
3091 27673402
3103 68795763
4421 10513008
1989 65943538
1218 40338963
7 79411385
826 86795091
2543 47014813
3623 3229028
1644 80849829
3283 80904903
482 35115248
1111 25662531
1425 21012528
2656 88338258
3280 98858685
4169 90561489
1173 5421636
4364 37943402
3825 71354570
1540 97559137
619 15050733
3039 64130637
1217 54079344
4092 4784329
1682 68887051
1578 88721685
1346 74004117
798 10321616
1733 41218780
915 60087873
3037 67187887
1464 12764617
3740 56756565
1207 96491049
4047 81506737
4036 31393442
1520 83437119
1663 11139368
1407 67916449
632 77478340
801 1612929
4055 93322152
2504 85616946
3721 75666395
2142 54819995
1889 71945895
3555 91436335
3224 99650109
1818 87934884
3730 28820387
3585 42707696
598 18515443
2511 60770614
1677 68693983
654 45578508
2040 18006916
2125 17405054
2404 27841187
4783 20005540
1504 34890431
4597 44294554
973 49349769
581 96579543
4317 36440142
68 97657388
2100 6472400
3483 30507064
2593 19026253
2563 7159006
3747 24997445
415 38925264
3474 4961655
4519 59366133
1005 64385023
4642 36310424
3897 6713561
4705 11144484
1293 21368572
1705 57579561
323 97271158
2525 28101949
3030 48118387
2725 33764105
2068 54919395
3728 7381228
1143 46176977
4239 27953906
519 55153163
3133 36457826
1961 71724417
1638 71329992
916 58405933
4564 87017662
4266 95231208
1655 90099572
679 52350525
4616 1278629
4024 29326886
3167 20129904
300 80998550
4545 69195826
4875 26333978
3664 83346864
2642 89502475
4523 53541680
2243 45089293
528 92181224
1372 12378853
4171 35786084
3999 76312461
2865 57661485
2643 96603530
2223 29131899
2493 99015553
430 15209402
1155 29289289
1840 64738688
2627 86587664
4061 89626760
4939 20406595
3708 42349736
4811 73072817
4177 21507467
768 13729846
690 50610788
646 35695560
2084 71221647
3673 72245092
3792 10745858
2335 54648054
2794 56307453
3032 62876840
2157 44593314
3974 21648046
3566 30587348
4869 82421219
4964 60066882
2950 7468045
4732 98494763
3962 96416957
1123 16272903
1614 62410529
2932 69444311
1350 40364449
322 10948970
3584 11178134
1011 83982551
2784 93335269
4913 28552183
4420 67828644
3342 9554309
2226 84592968
1674 10776604
151 8744597
1532 18291608
4466 63409623
3756 89790424
896 27091766
4005 12992125
4851 91941258
4733 67501423
1280 96230223
2722 82207071
3946 85092543
3460 9581512
2587 22415138
359 55687404
3976 93789717
3825 51585471
2275 80768080
3275 60212221
1848 9474296
1689 22514207
191 61753734
2594 9054982
3858 16996483
1148 61847088
3138 80556731
3037 7824904
373 54813415
4318 18570462
2167 89058590
1610 36753012
546 45754579
4107 90415325
3430 63248267
3397 75733066
885 53146545
659 61804978
3419 38786309
3722 21111623
646 99932717
85 74042203
2575 79529223
4703 98655074
3455 4306228
3514 64087544
172 96516107
634 81245829
3196 41695391
1144 73826049
991 27321405
4541 82698926
2265 322740
1754 47884581
2288 67880216
4400 52440898
4182 4471268
4323 53335085
1443 13382913
2344 70859482
4521 74248401
4355 63570311
4817 40820286
4213 18067899
3566 21509998
3508 92492040
3734 46485768
269 81815706
920 72211223
3123 90950262
138 51212844
2549 12937077
877 22390613
3715 44717308
3570 23295027
2251 53462667
785 55556520
1652 73340640
4233 66881822
2484 83925187
91 88335192
1226 42255929
1711 4124547
2461 34145820
1123 6288275
2246 21459914
778 21003594
3186 70734288
4305 5701859
3975 79167734
1829 83544738
3636 79056666
502 54696084
3250 87994416
3791 96322198
1404 62486080
594 853184
344 24511054
1729 81329996
1343 33829853
1027 36269309
1718 50152096
2219 42203112
2262 53183463
674 88854333
2070 29418209
1331 17497952
3919 64016682
3632 13388533
404 46288295
1771 76447054
3942 99400825
2042 18549088
1077 34794321
3498 35085106
4229 92530061
4811 28946647
165 81143670
3489 68601245
1225 24087434
2499 19194684
4270 82371002
1640 14496870
3267 13919376
4227 50915134
366 90112487
3084 74014751
1001 57178779
34 13425192
2734 97475629
3300 65629980
1892 72381065
4349 37720551
2811 18242738
2088 92884573
4638 16293727
4937 48352167
1054 53804597
4768 50085117
4486 43250792
630 32964350
3861 80878792
1798 22876592
2677 4575645
1973 82547025
397 89844786
44 97089668
2252 95269984
1950 68266938
1100 93648368
2936 55842894
2460 25747121
1119 66155880
2120 19560450
472 52308397
4948 69757600
4096 96174522
3620 44768200
2540 88693965
1561 60385602
4345 3911472
2424 24450699
1851 64972591
2617 88327712
3575 85749757
1674 99423745
895 49467231
2054 98304064
285 9755290
2934 84380460
3418 33192108
662 47336434
592 4774454
2276 53450448
3216 46481184
1481 22258465
3399 69099142
2016 56426502
3614 18946199
1688 72343967
4757 31762999
173 98804959
3902 1971283
2699 49369694
4006 20006241
2548 73790260
2383 40404567
3806 35081332
130 18264033
1141 43680144
2556 54884183
974 67654226
362 65164125
3842 10571411
4031 73867647
3804 93838984
331 59715794
4507 39377228
40 94785670
2255 25930003
1708 27529781
339 20506613
4421 25879662
902 18146074
294 49152429
1733 61405265
2270 80281180
2641 80536290
2105 58172924
445 87104686
4651 79055783
3792 90187569
863 26103966
3051 52975007
4374 23344424
3753 40714252
2748 31141627
2810 23841257
3271 21841514
4357 53681337
2163 56329902
4021 27546908
1436 49178797
901 39605443
816 4223603
2314 44424996
3199 60170152
4286 27083667
4472 16693715
3769 59680106
1512 11480038
1400 95945048
1680 14131575
4066 4675658
4329 14289989
4924 6967033
3383 78476301
4761 12263677
4475 95113491
997 40039524
844 31095602
3397 35132832
3252 71593438
1941 77539872
3888 47307878
4240 80841644
2100 42647041
1100 6442285
2488 49089350
1370 45268058
2459 21991291
3376 39031934
338 91781736
3298 33155396
1469 55681083
2742 38748673
243 10175793
192 30558791
1492 41130708
88 22572737
481 50351346
3419 99742855
2606 85233778
197 54809707
3521 17303085
779 2735171
2894 57345560
690 44794673
4929 45579068
4452 88538875
920 3661342
2547 93069541
1004 6201757
2263 639071
1279 84243348
1712 40803757
4283 31658895
4341 32625785
4684 99248105
4620 3732154
4908 40029610
3054 60878271
2192 750783
3672 51535171
370 36139366
2389 5139059
2989 19877947
58 11186899
313 21836934
324 78444875
2276 87554132
3352 45707681
2201 12311596
4888 88622052
1100 18285311
2761 33143596
3776 3854236
2680 13239149
2196 4727516
1959 55967574
2147 4848367
2659 38216646
1921 11831587
2964 3322372
1444 13745868
1430 92265155
4127 6048583
2916 25545731
146 21339007
884 82436233
1214 59038342
4859 2971944
2097 67150753
3596 20013949
364 33501766
695 70294207
2540 89604510
284 15592800
2477 10430751
4300 87620970
371 58231475
278 30509324
3150 22891666
4663 82640238
4834 70222839
2147 36371343
632 38205357
3676 44670112
2216 60587085
4627 29750732
498 45698290
3893 84955337
1314 61072145
137 41771601
1260 24496014
350 712220
2806 14311400
4932 47007548
2626 87276599
3088 86466443
2813 52273313
1179 44309677
1109 67213779
3778 48351134
4764 6180203
4707 21889716
2597 83179510
3334 92213997
1645 59909542
4109 20787256
546 68410873
4537 19649398
3891 5237372
3144 24958044
1768 53853788
1647 55046115
4104 86778627
663 49122124
318 40851933
1176 34309622
517 28091477
411 3943334
3352 68077095
4630 8038995
4821 35175634
2936 17424898
869 2842080
1357 38825134
4612 8763946
145 53109777
3370 27724018
2400 21261188
2223 60028036
357 21011403
142 67856571
1460 52944810
1252 16553068
2576 12251739
3221 58078181
3436 65133154
2417 1633339
4848 96840323
1515 24665053
3080 65071224
3343 4481340
3947 48563086
2623 31369597
1857 51740708
3246 40207586
1223 44793955
1352 33105841
2850 9044909
2159 7143262
4812 86805426
302 46620088
4861 58475259
3489 39529336
1039 57761550
4783 48530096
3770 50139741
4950 46046480
3708 37733146
2933 21043453
1287 21330063
4186 67258670
4601 74347901
2798 16379136
1978 55056125
1745 9722163
4172 41260194
2710 98832835
2371 57112030
2644 60083739
3841 7589265
167 42739060
4421 14141623
4197 8948185
360 71234322
1365 46381328
2178 43759030
1763 11204756
4925 19037214
1901 6532445
3354 56138995
1365 68471243
2100 25113212
461 49650994
4109 10698954
1717 49615176
4367 23381273
4430 28533578
4606 86172480
819 46946722
3428 67473402
4218 2487541
1570 12000753
1254 34372067
3180 46308894
1070 57647659
4407 57159122
1730 99847078
345 45939332
4814 69530281
2900 64265509
1273 27442859
2250 16532397
1155 30202383
2001 45974553
4460 12628033
1762 75509860
4871 29713092
3528 81324223
2465 23581285
1918 4989673
2110 30081006
4772 59864198
503 1970185
3636 84458860
3407 67474522
1914 43162276
3870 41403856
4219 3410170
2460 14915904
4603 6304401
518 67865384
697 95175863
1136 74357579
2954 14179988
3570 56649556
972 84200513
3835 38867512
2158 74207703
3499 2384595
3490 12338165
2396 12423637
455 17292850
2205 67711467
3928 82982789
3532 75120448
453 62687660
1368 23617804
2077 45597013
2980 39396314
4909 48430600
2541 31463015
1099 40325488
4263 29212178
4549 63684577
2886 78232459
3537 6488594
2311 31523184
4186 49516294
1304 2033520
1819 34378375
4316 21786274
2722 25172505
2225 59962263
3223 95895814
2468 30546520
625 437151
1683 81990232
253 37372766
2586 7812183
1380 47831887
1709 77080086
4590 29217090
1547 35650981
1174 12870626
793 11232469
1522 67354823
298 49347740
4629 30939174
1682 63296847
1565 13701284
3654 76194106
4193 13401958
1518 54901075
3922 74419453
3084 51832068
3412 1274252
4054 81604526
1451 95064481
4449 61741079
2287 54940010
651 12733164
2989 11024996
1890 67338513
1077 76423612
4339 73831862
1557 29511431
3634 4263332
2199 60726659
2834 46204466
1894 26910369
291 9913806
3348 84497745
979 11192316
2584 8773840
1259 92530038
3308 98423296
1319 91041387
464 19860460
2783 3928814
616 94047965
2986 38925321
3984 80302996
561 18989138
4410 7385765
1173 28692121
1950 68262843
4248 67513460
4612 82640611
2735 32322815
3293 56671876
937 60161006
3509 35148761
568 69576168
4267 14614999
3118 56325997
540 56298362
4660 84738713
4164 90956325
4542 30147366
55 73954160
2549 37670929
1015 49961766
4908 94977592
893 88922870
1692 29049534
505 57185965
3424 5722622
3687 97961990
624 52376651
2377 53836476
1705 21239954
2484 3953968
1276 99252549
3026 14739223
2893 50801439
4171 93272107
3889 83426739
1108 98689463
4648 80868955
341 10737443
23 38239784
4003 56678086
2465 65290839
2473 71777549
4513 67217066
668 26370139
1602 40781568
255 99468391
3636 82783456
1334 21950384
198 7933703
839 27089969
4526 63489069
1753 74797478
3950 65908117
614 59309218
1744 58491033
1256 626660
4946 70627380
1134 93965715
1217 3050938
3348 31334170
3757 55692666
3302 36382975
720 2559233
2790 77093722
2778 31104907
3808 54369730
4379 29963123
380 91468353
1492 67218481
4940 5051846
3216 19281227
1280 2007739
3761 83115419
1523 32785758
4217 21342013
1634 35031568
2310 99955194
3037 20543505
2210 34780608
1552 13007363
3292 1820919
1161 12995844
3560 54093358
3671 32687988
1337 60274472
2123 52054059
4873 95934693
386 27013362
4620 2551605
1284 17732822
4385 76435401
4482 53444649
491 76695287
1164 78905023
2215 24141734
1525 82394114
714 16838536
849 62779401
3029 4886859
3161 44760087
1999 85723575
1557 49749734
1325 3392296
3177 13224733
1457 89078569
2453 34870223
3785 83721946
207 94420918
2126 67335731
4582 76925832
2890 22787383
2486 17440119
2628 7226257
516 63074167
492 28203261
2661 29790800
1599 9681104
3198 48101457
3766 8819984
1506 76566358
2276 44800098
3703 63412524
3533 4784158
4174 93971982
4084 36192087
3835 63597354
3732 82734113
4414 51121742
2293 66289698
4655 2073488
1244 27062867
2880 60936149
2973 63921175
4569 7366428
3894 75396501
4601 23156065
3871 52918423
1100 1234995
1083 96918383
3129 82338822
1701 71137496
2208 44606292
956 84522707
4430 96348332
4189 62440296
2441 97821717
2873 35318813
2112 31279839
4037 72828177
1455 77013852
428 80128109
1772 20937629
3228 86738506
571 43265466
784 22412306
3315 21800063
3301 76573170
555 99937763
3585 14650742
144 11908282
2939 99740620
2076 19110555
1741 21004218
527 39332126
4706 46585718
1380 47089777
675 16515895
3268 59760360
4827 42716383
853 44460346
176 81146468
733 11194843
2328 85183116
372 18815515
108 59935054
2556 76924898
1903 45486501
1497 52284164
2656 51458551
3258 65355819
2809 60478620
166 24758097
1626 32989355
25 37797972
4877 92576988
3503 40834427
3848 1035079
1168 83959446
4326 15678229
4727 38568407
4627 38531463
1317 92838014
4553 16561462
240 3025036
3641 89254821
1044 18580635
775 85859157
2571 31760661
3447 85406245
1492 94554251
2277 4333304
1048 4223042
3067 92450653
4940 44102932
1360 95990154
696 88774869
4621 50680996
1385 23572286
2432 79251415
4053 40295175
2728 10882
193 23272382
3912 7247246
3509 57234904
4164 29624382
3353 23153078
2633 92210537
237 39326070
4221 20591313
1962 97822776
2515 71133045
4205 56135789
2276 20726882
2782 94089203
1051 11338102
4617 73517237
4570 45776541
4887 2251728
2609 4339016
4709 45677280
1067 16308491
884 67921084
1332 1239182
4434 98212923
134 48225213
3772 43444668
1691 35149697
1224 93688652
3634 84321237
3710 60887580
4677 74678587
1101 59524675
3204 31194438
2828 73478916
3252 73779387
256 22013204
4467 45535610
1855 51123259
2263 2214147
3990 21121641
355 97888233
1453 22313972
4607 16663118
1047 93947214
1717 3780480
596 49160046
1953 89239613
4509 51430548
1521 22977477
3608 61000209
2544 1614717
1730 39361095
3807 25464053
4250 93925120
3709 92336888
4874 83150266
3672 32129422
4913 28295757
4037 21466862
422 2293248
3355 29594118
4785 8739114
2716 12654369
3102 44300486
4301 90111831
1649 84905063
2014 40830460
1527 38876875
1998 19783217
4529 99005419
2885 365109
2409 7377932
4598 87619923
3704 33803425
952 10433012
862 39366832
3947 87549968
2252 63893566
3810 13308313
3538 40868888
4702 18527452
3825 95146692
2402 2556462
1406 30685131
4964 71858268
2744 86976138
1810 64362587
3274 57234261
145 82544111
2713 18618351
4940 79650712
3009 38036958
3058 11123835
3220 72437722
4452 15157282
3847 27852293
814 91596913
3541 98075351
1892 62055257
1451 21525760
3519 63483736
3573 58653255
1986 55372320
605 37377889
1496 59441555
834 88442610
4498 66497777
2993 58809299
4138 33442798
3292 2053760
3038 97069983
448 87317518
3680 57937743
904 35336625
2771 19186056
1297 53906526
4156 17880635
4256 68065172
4355 33480001
911 16202090
816 13955655
4924 84530175
4391 36156973
2936 10591396
2998 27102848
4790 23232555
2236 95067562
2527 65356081
3062 975648
4125 72998305
4589 10071443
4760 60380553
2930 97013668
2558 53721385
2745 86405140
806 23415226
2819 79600879
3909 33330579
1317 3801229
3409 37873976
744 56567131
2989 7593261
2305 24172958
335 57156350
2783 26158400
3837 50343014
3718 62092191
3788 16698273
316 91685646
1603 42115882
3650 45375837
458 30967933
776 78509214
2547 93250922
3849 8220487
243 18247225
4222 44747782
210 21455016
3782 51306181
3334 99102050
3808 13798726
2806 18727129
3439 12684985
1844 40029482
1808 10877765
652 34977769
3460 192824
796 86263023
3081 82760566
164 66045186
4333 15671548
392 60801375
3640 62649250
1556 34372775
1148 13384110
1658 96452716
4699 35436242
1350 55590106
3695 55637952
4532 10040914
476 77764952
4797 75285671
3899 15997089
2007 61692520
3969 93578992
3977 42255060
1381 12030118
4529 22186223
3775 37829179
114 93667503
4810 42550175
3715 30912478
3841 10332769
1550 83656701
897 34638525
1908 32486438
134 91232651
2914 47910310
1166 69320804
4849 58503748
928 89856889
1109 24666689
2064 8847949
1165 81599079
1789 8444614
4598 2923122
657 17903153
1208 86530264
4817 25370888
903 46722995
2675 68917285
4692 77445595
2154 39497895
4447 19896030
197 39991440
1094 76751200
2024 31674939
1038 84251688
1676 5819858
3763 39716369
1088 93633701
3899 70291967
3146 28991443
78 44805481
503 32041900
2546 19404449
2596 23254262
3593 13625475
2514 27238653
1906 76603560
1238 64437635
243 49594774
4005 59805355
4954 41668167
4858 4729933
1783 79889686
4748 29056731
1526 14933193
3428 12036588
4726 17443210
1389 56299854
3516 97554027
2180 38730407
1372 94822625
4018 49733711
42 85715506
3883 77297299
1155 15316625
4138 74189447
1240 2727867
3695 90885681
3811 29799367
2542 90348263
239 30506939
3348 9503938
2538 98979693
1105 37314160
1359 50390613
2032 12745926
616 47046332
4813 21672128
3943 29167335
3515 73104822
486 88588433
3845 53985106
550 26213650
3553 78966559
4851 69845904
1138 5778281
933 24216026
2692 53335697
3059 86118715
4559 77278495
4686 71727129
985 86755271
312 57536762
4763 56568003
3363 7396827
1991 36220763
4799 29483447
4378 92334265
3442 40109360
2348 16742818
2894 93131999
4823 15340813
1807 42836022
1134 45576449
3950 64359072
3120 70496770
4922 17912070
4005 59892367
3739 65679441
3326 14669282
947 51165901
4786 74094232
1220 46128618
4931 41379150
997 90245674
4395 1225948
4600 85675772
1554 5758403
636 90275975
1340 62499236
2217 79222500
2091 95753954
2400 90248048
1242 77616107
2535 24623044
2109 34036461
3721 48208139
4262 61470998
1160 27075544
2240 33091088
373 66004820
3653 5731596
4723 55916501
1447 85225091
1731 67857555
3780 53343877
3653 85753038
4923 49247330
837 57260504
1061 36961280
4569 24181530
690 62705198
132 31644788
2099 19242779
1816 79542696
4823 33590606
4810 91683608
998 2260813
2552 3328553
3760 98825290
1638 92759288
869 23298868
2281 6299702
1411 7029765
4595 4442339
4094 50476460
3246 67505140
1355 1013539
3573 42390559
2275 62902964
430 25106537
1414 72513476
3245 88332125
2444 69422959
3660 19809250
2718 67879491
2614 72933769
656 91080865
3215 21273613
650 95310030
945 94618028
4644 54339821
3364 64000853
1406 13789448
2090 80642382
4964 80841019
3417 25702335
399 80088121
2626 80645138
1327 10727842
2883 70275682
454 65539279
1469 74818396
3029 74959274
4551 7247126
165 74324313
2259 21088499
4721 63988323
4644 89050199
4000 91480764
3644 6986536
694 80474206
4210 78192632
2591 51756035
1541 62589760
794 11808510
601 93607563
2559 28591245
3731 86484285
3161 17034321
1905 78852528
3845 48112919
1970 72539122
2424 85030380
3562 94911718
1019 36314607
4256 53865633
1937 87103478
1609 29867493
1776 43412387
1083 53859744
211 77839047
1422 85085039
161 15893267
996 15013515
3502 70333440
483 76802576
900 46323424
4781 35580306
2903 63447371
2386 12897653
3219 84906631
3240 69067144
1581 51337903
2321 15902328
636 96424594
960 2487540
2694 17229379
2420 85726637
1371 64174607
13 71082940
1350 94606197
1088 57987111
1752 49743566
1980 24799777
685 76575794
17 65469268
3646 56977069
2896 38525239
743 38503754
3618 55581615
1259 76705991
1029 61708342
4565 98158086
4413 32090722
700 48175133
4644 49357094
2526 56091882
1904 88743655
3040 53427975
374 24059089
2086 56273567
1465 49035250
1253 29097475
4794 26598314
2215 47020761
2178 2529578
661 40249085
1263 22694828
491 64189253
30 53256217
2739 62991916
845 12694772
3043 62473869
984 77435598
4237 67498211
4842 3454669
4320 43539397
4692 89538768
3305 92566761
2603 92754454
1800 50833363
2830 68346980
1823 64554657
1522 82005972
2407 50860062
2307 98657352
3830 42908205
1852 85452128
4703 12790551
1825 26316622
2996 69415117
4132 56576894
1842 34777562
1758 90624091
2212 67285448
4502 19448199
1779 83695282
309 14233964
295 31353339
3520 34542906
988 36534829
486 48581731
1616 97068735
560 89857812
207 54470641
2929 42664401
2887 98462077
3157 94389329
3556 2906013
2513 13100316
715 73424670
3616 93342977
3217 25376398
2502 62918948
2164 8849581
49 91459490
4486 35694816
608 29860149
2874 31624136
91 42622838
2356 88408748
2691 15013239
2719 42077591
2610 25143169
2202 99448694
4680 20207770
4777 75824704
4213 87542373
4860 26160392
374 10447191
1605 52955879
2813 85427087
4728 99496958
4830 21414247
3393 40037902
3322 69732223
4348 54357028
4828 20350179
4499 46664384
1012 93934576
233 36253186
3454 24019146
2857 80209445
1872 18311697
3251 14539192
2411 46412514
1471 35698274
3585 8662119
2482 52159542
2671 18832679
1007 46629803
1690 73160446
3445 25826718
1290 49937803
430 44036678
2316 76153236
1829 63047429
3277 97400460
2305 64250254
3843 54659415
1230 96987398
1852 51317222
4117 37944234
2736 20397258
1522 90055707
2540 87333924
2839 32827544
521 90188693
2188 59037700
3097 88694420
1717 89031579
885 88396947
51 17536391
4640 368586
4344 54025917
550 65608795
3606 8616282
2111 88731692
1674 29421710
3190 94213349
2892 53391592
3330 8679279
1400 94557996
884 49906103
3267 44027173
42 61702779
2032 3448180
1169 90170465
123 88413486
2045 7803920
4358 98083405
2679 45969070
2602 42855085
3358 10809261
2274 96346065
110 44270565
4916 86569884
4733 88473146
4897 56850521
2542 92272633
2236 76979772
2017 38969152
2313 4075139
3957 6445227
2830 24711373
4508 87444380
2432 40178215
2824 34527171
4614 68114213
1948 60342799
401 50359042
923 66714288
3103 10079561
4271 75605864
3910 46083035
66 20324129
3232 21853910
4251 8523464
4072 45981955
619 23450378
3078 34250543
2959 46004459
4951 96824560
4380 15011114
4603 78384414
4124 86948109
2221 32483630
2959 23221440
3340 13882536
2193 62009626
1714 66705801
2265 35544731
3145 99176093
3130 72037816
2394 64069592
2987 15851376
1514 63932008
3620 77781598
598 47420170
3701 83244399
1998 20662978
2843 59580746
542 76371257
2181 95709800
703 34145842
0 50219365
469 45085886
1200 94444059
221 34864996
4666 41936379
716 19519126
725 2287428
3667 24676295
1333 96724055
15 25378090
2104 50417403
529 2677314
68 99187678
4584 45316687
3755 69302365
459 57649609
1541 32830524
2427 10318531
3345 52030178
4675 51305515
2869 49150820
765 4270664
1457 6792127
577 84023626
136 6076130
1659 88517341
1408 60475489
4791 71524386
2061 22759580
3725 59593350
3532 1336306
1010 64100028
3916 77527510
451 66474118
3691 24634790
372 76040597
4352 93636978
1593 77740210
1975 14290925
2434 8977992
1565 76198257
3154 29376940
116 93722694
4449 48853266
1223 22775103
630 61060571
29 83238631
2465 63310944
3881 57128214
75 42840181
679 52597399
1802 8064967
4156 51708391
3478 51696186
599 52601718
2078 86366372
3841 63202217
2741 17990074
849 21677343
4937 78439889
3034 80322660
4431 73596560
2241 69693764
4613 76843784
3647 71725270
2562 8584983
2740 91081095
1994 23073398
1595 7487833
697 8788803
253 87960116
1962 88889527
646 15931193
1886 13119948
761 78755645
2369 87093687
1259 83576649
4463 27672300
3762 2630456
2260 32608744
1435 76716401
3174 51194748
1824 62876382
4906 63103334
4476 54070436
4415 30453767
2215 24596370
1460 98225589
4915 83771951
3158 83168803
4005 55421726
2108 26638605
1195 35985443
2599 44785141
3319 11343341
3805 12971626
2319 23620316
3963 60889942
2213 43467226
2595 9377266
3341 918118
4055 92084566
3453 64207031
1054 18558403
2697 6688396
2912 63022930
2376 77022402
834 53624849
460 96488792
1165 56656448
930 80836579
3567 48408227
2015 38827154
2425 43469947
4069 85807798
2357 79832042
2096 45194599
4406 64756757
1994 14743115
1587 62413317
2310 90075071
261 36057985
2156 67614135
4664 32621670
2133 45641881
4000 24451413
4635 63938898
1345 35968060
2767 87190514
2319 85060432
2625 84801573
720 64756932
1155 41841786
1709 44430506
4422 65345202
478 30532764
432 84796423
2859 75034099
4406 13822639
2809 21546189
2221 1966592
4635 38459333
3245 23889947
2376 68671542
3585 6381753
520 89111477
3206 23657152
4766 73695850
201 83382099
149 74600191
3606 77486532
3994 9180278
3938 76756408
4231 72242569
3244 44386499
4950 2559920
2718 92302713
1191 64774934
4434 20479351
4614 32305825
899 39694803
3098 70560782
209 75285711
2302 81367246
4406 14899340
3836 12427815
683 66133097
4688 12217883
2353 58338823
1834 38501257
1059 30765563
3701 54111118
4041 87113135
2378 44293640
2294 52332528
396 34453590
994 50533119
1133 60411991
228 1787356
4185 89519345
3491 50263026
317 66621625
2324 28587958
3829 64318333
3991 15816313
2912 42168456
118 96397120
1465 74682856
373 67681978
1503 43619094
4671 608665
3464 17074542
4196 35603409
3275 76960615
671 24298474
2894 11626519
3151 73459824
3370 95990328
3250 9604005
3988 41490917
532 15644604
4929 29551251
2382 84971652
4810 48068332
2875 75726956
3027 25184489
2048 22276464
4650 79993758
4924 77294621
3306 303343
4253 28467037
4791 81187301
3246 42694359
550 56490997
3030 42518995
1409 35267739
4076 86673991
3015 22721675
403 21569451
1850 76815626
1809 62477435
4659 78664733
1435 49291851
2739 47666476
1136 68129217
823 33212273
2311 12416034
464 3555821
1445 96609907
3493 12441462
3157 10545084
674 49808853
109 65044544
1361 21381071
4153 95836889
1394 36426755
3122 52713164
3655 48100927
3032 26266332
3554 33624193
2505 43737223
2195 96024509
3826 33752392
1812 63780003
1278 59627148
3581 74523906
4043 76447019
537 19907659
582 1895992
2268 80621911
3913 39485427
4533 8563557
3550 84656506
4230 99236312
3450 52431888
4586 57834741
2227 52213323
3408 57355073
3276 5955932
192 21360718
592 2389246
2825 88271664
665 72733736
1425 25360533
2866 49468054
4785 24878962
2389 23031110
1484 86184777
1407 42623356
193 71126807
2366 23314298
4647 96257059
1627 35337150
4481 66526040
3342 79779914
3292 59392514
4852 36287735
1207 13521778
3316 8359854
601 88683904
162 97381107
631 4330445
3573 52038089
1128 33132537
1665 28452664
3673 42233041
4903 38253597
2460 32327288
1475 97134938
4070 19916534
4252 39256440
190 11600364
2348 32005931
3490 42114703
1635 16520805
3285 3226397
2115 49394177
3150 39346833
1065 50588418
4503 48610064
3204 29255068
596 35840749
398 34365910
2307 46132117
3833 19537719
4294 60932052
2608 97874053
4859 39371038
3486 50170911
2060 22762122
111 64800700
753 85626333
3097 86061714
551 68143496
820 49968890
727 68207567
901 12629369
1000 4281679
3182 72216354
1974 83528832
3520 68978801
2770 3064584
2192 22026006
2523 49249190
3649 76437716
4635 96437690
3764 50516184
3591 60465998
3127 59553543
4858 25744383
1835 2912110
1807 46295447
4512 98000266
2838 67569464
3718 53507275
2379 67003398
2520 53108237
1036 89338930
449 17536310
4225 99847513
780 15632137
496 40245147
3117 30865579
273 55242572
4637 86869696
2829 57490611
2155 27455257
3043 57839639
3849 59395889
2032 704848
3331 81540103
3674 35389241
3396 42808934
629 62298936
907 68348996
1779 6835622
2583 63464357
67 2645807
2769 52824620
4581 42298115
3076 43908038
2746 34508827
4683 8607489
4537 1851523
539 22790273
3770 80906542
1047 75297322
4754 91495070
4791 93540307
2124 78451500
4073 20973160
2420 50903141
2585 37400597
1224 83800157
432 68986384
431 34952237
2084 25886999
2576 89290422
2802 14325883
1772 2497866
2550 98731021
1047 46479238
1854 52216544
1877 44650952
53 96801018
2410 65195210
4311 13422279
4617 54728047
4922 74680005
4887 46080797
515 64626477
2698 61593516
2331 55526804
805 30040668
57 47058588
2310 12001548
3152 20975647
41 24850657
2995 48971446
1718 76498098
3523 97636765
1010 16062995
398 10308012
3598 19430977
337 61835600
4509 33687111
2672 51577514
1055 74524610
152 51197270
3972 29473357
3240 42136517
1620 1594524
3475 52472044
267 41337059
1183 48463142
3354 52248660
3717 59528465
1409 62191657
3826 91619050
3270 59857199
2361 99650761
1421 37465784
2658 93857642
3872 63365297
3139 69072024
624 48343475
2995 39346265
1639 26837057
1509 28899533
1809 98294504
1495 86009273
1234 28495288
3362 18854820
3163 20406921
1485 24825931
2791 21477577
1884 78841135
2716 80737672
524 70933755
4956 22786393
3301 89457977
2679 3730673
462 73584221
1634 73138903
2631 51258199
3466 32362782
1243 74492924
3174 87837915
1178 4061367
3233 8854319
1640 93541661
346 58396696
4071 89275257
1901 2630629
3485 88270042
4664 5247495
1306 49063243
1950 11564965
4299 44578603
2543 77647571
4632 61169981
4891 38136978
776 23384776
3118 81527002
4470 39252434
2222 61366146
2441 73229569
2271 10209595
4432 63929915
3745 27746542
4864 90773599
3572 82444329
4621 99521262
1775 67517011
2943 31229515
3520 44969371
4162 60207639
2319 80578754
379 61597595
4497 63554911
657 5003429
2398 86160477
3123 49716604
2249 45770528
2676 14243001
3143 18362828
3272 11543811
1381 97369795
4876 47332804
3286 60197642
111 62567740
3064 23478168
2889 88273363
3047 58884147
3459 18679030
754 3237340
3132 52392819
1050 6948161
2854 38284243
1480 15755942
3129 31268463
740 10060197
3977 87442280
767 58910052
4080 24833150
4342 18370108
4696 24274708
3499 62692621
460 50937902
4688 14935381
1761 49048530
1871 98332095
3627 60086892
3785 56067125
56 10515297
4648 55931083
3724 10974543
1025 89628738
1345 78453976
1653 38224612
880 67646485
3453 95720720
1072 50959348
2029 9501968
4937 85022814
4254 76546886
2225 95126423
4228 40545399
2881 32675589
3772 11133506
2147 25984648
2528 90007350
1478 85572222
2441 40408719
4149 28174879
2085 19829677
2727 87744403
4440 92775261
160 78996444
364 98150057
2054 31747282
664 3123307
4578 2092276
2768 87119725
1774 45313935
3034 82991455
2630 17834174
2429 60774127
2952 52634893
767 72465299
2800 84848881
998 34180192
2225 12878079
4359 68846091
4544 34265386
1318 8410133
1979 94209443
3514 45402727
709 55202147
1687 83585936
492 35808388
4008 24331018
4120 92092548
4834 9565311
1374 43837047
1843 30569918
2289 26841939
3536 58828268
916 44221916
4504 84110893
1487 47186859
3497 97016323
1639 4054468
3858 90214373
963 27457855
2436 17321754
2905 45410404
2181 69425158
2949 84306973
1767 34746745
1485 13537431
1135 61862652
4055 82583126
927 85132093
1435 881631
1870 57808696
3891 14280366
223 94497496
1246 49760422
1714 35140505
1066 63544882
2466 45517225
4431 99147735
4831 98974590
530 98965556
4340 64115080
2845 51554351
4593 57915062
2784 46668652
739 65975223
4786 17322847
976 48135125
1811 83641643
3076 7487103
2884 32377194
4068 68169399
1578 122572
1757 9910066
3818 33661711
2257 82725016
2055 95122344
3969 97646607
4710 72817829
669 85846876
2950 51125177
581 72069469
1622 80638722
315 5083941
1558 67869920
326 55231488
818 7715005
1031 1201895
3566 89603864
3439 7107884
3212 72512970
4371 8409195
4932 41705701
2806 19344713
803 14133823
4807 39042715
3686 62046392
357 38739729
781 36349483
2578 64514536
1667 8911067
4386 9499221
1134 43146912
3685 29496353
843 26845782
4723 61049055
491 31469842
1960 72026770
1335 28030404
1538 92731777
3275 1595776
4693 12455933
601 95403029
3709 63876338
3327 52568389
1326 88488267
3027 48136899
1315 83138233
3767 61204957
1499 81583643
4762 54271529
3698 39925843
4184 64607301
3314 63949619
4260 8356800
1492 39834638
3834 40972241
969 78627448
104 8518937
3422 73160487
1032 23411014
1062 27599488
4295 12152596
4626 20380781
15 28405012
2738 66440997
1216 44597123
3866 20934265
4733 23352158
4755 54358483
4669 41565280
430 94177887
1301 99000044
1806 71429145
4879 20341826
2440 73639012
42 11271091
2607 20333458
3485 64492574
2466 1813945
1030 42678663
3311 28090480
4279 27138134
284 48996564
829 33908629
1906 34715603
3925 2580872
1671 63044135
1339 59247881
4236 14132601
2541 84095617
998 75858900
2816 94042818
4525 71306748
3477 36906597
3637 56465683
4834 93891987
4357 71893752
1795 33580908
2026 24036766
1121 29278067
759 47996150
3873 92678563
4107 85956207
4709 50546270
1497 84032504
1492 92893126
3669 30008596
3706 8600115
4445 97987689
4054 26952389
558 30124678
3898 91525887
1902 94390849
996 75425098
4723 97629036
498 82212688
998 41594808
1747 61698177
4616 31850400
1119 32672527
2575 46886335
2445 80807013
4524 65017951
2108 83242979
2202 39946546
952 22491717
2721 36072448
4081 77122358
1982 91640752
1189 53923617
1030 14799677
4824 39927679
4860 16060261
970 36461852
697 13870304
4459 16309917
2305 47216385
955 95200626
725 39040412
4666 32789033
1864 93671677
3291 6607238
1907 21814706
1846 65240126
1318 93826108
3231 55241599
2327 60332753
4378 17536622
2296 49311487
4335 76820027
74 75649205
3870 81487486
3368 42763227
1845 40132631
526 60164421
4624 18339653
3568 28202414
811 88612927
386 66225543
2001 15988931
3297 25533149
4054 21193788
957 18916161
483 14775268
1450 92728884
82 36442143
1282 37241591
1508 43760033
1414 94617741
1380 66841162
2502 56814329
3133 13650964
3985 15160411
4183 40066568
4206 8633296
3680 41437606
4054 79802382
798 25065051
3836 53878157
2100 19462543
3703 83951966
4415 20017836
2540 73834315
3470 53714729
1913 52703237
4697 28266922
920 58253059
3123 99567014
4412 96698129
1914 54799426
2358 95689082
23 92014223
2197 63901131
292 26726360
4674 56919594
188 21935387
980 54609942
1033 14581471
3163 10763796
1309 1929018
3189 88852091
2129 25500952
1508 77146531
1652 73034974
2624 64701548
3407 31692439
2995 29104136
4032 88398448
1855 40785937
94 15817261
551 66346416
2577 43609797
1291 84738575
3853 1916969
1948 79003820
3365 11485756
3806 91590984
1884 19993766
4581 14571026
3872 95098529
4706 25895844
4825 44695910
4544 3013982
564 521601
2049 53251870
1797 46538156
3511 59124214
1735 93070998
621 53371925
3091 39365160
3387 56383010
344 57780712
4588 40353977
178 69227863
2170 75835923
276 39230282
1395 43633712
2247 9248101
2826 22053254
1207 95480318
2271 78624916
1310 47419764
3784 37199131
4419 81611919
2468 40511433
809 80495857
1637 76860699
1917 97384790
985 68567401
4262 77172384
1179 83455397
3866 98651444
2276 52845211
1151 78769508
2760 70185599
3812 2719942
2966 21301005
4649 39075997
2002 43146820
23 54103897
4249 99214051
2963 33069049
4557 25392676
979 98322131
811 49582845
2533 95912458
2417 96929886
2170 17676408
184 7496152
4829 77189914
3284 75728446
3009 79008619
2632 30049563
1869 8045940
629 96321589
1742 14403693
329 1782295
4600 24126743
3421 82959286
4265 78684105
3458 55492446
3827 23129429
868 21676818
636 54713781
1956 42284457
1601 59371073
2975 11813553
358 20075059
1137 61497013
2880 72608556
1724 95303540
4249 5870594
1965 87001344
775 29293512
3296 9995269
2255 7535465
707 35090533
1499 17910048
4717 23987084
4001 38456673
237 57043877
781 89317150
4047 88723791
1458 15753251
2169 90029561
4555 60555758
1597 27890409
3551 87451641
1554 1456394
1585 42401440
3202 77239123
4243 76939379
3759 33118153
1890 21613359
514 25022312
4018 28409483
361 57897778
1568 3439972
4741 79635195
2231 49358725
1 12587735
3441 7514209
4459 28857188
2765 60402602
3956 64227356
2303 94281598
2027 5257301
3704 58828839
4925 23619460
1932 513395
4123 93028582
3795 83224314
4585 51682216
2728 2580634
2225 58373862
3907 6014871
614 66886547
2627 63956094
3209 13527636
2525 31090022
3579 79679091
1993 24254176
4012 1625301
4029 75828198
3929 68557918
2047 26402885
4549 10297177
206 17545565
74 1324191
2361 98329509
1729 24581912
3327 83176003
2486 75422517
53 92244899
216 76523497
531 71737850
45 53739245
3236 93655333
859 84107745
1863 85642011
2094 98341478
510 14252164
2390 26704800
4645 23134400
2453 4440281
3565 40243397
946 30840994
4130 78039709
1716 28100553
1764 246369
4367 46135881
4529 13342991
2424 20492597
3502 60272376
129 76481857
708 57266006
3112 10475635
2702 35978342
736 60864955
1802 17725779
3222 85609356
1208 99360134
3699 86421280
237 27746565
3357 200803
1182 19145884
1901 99977153
1004 51244514
3542 92003552
1443 77586445
3708 9947629
4697 48341448
2171 63919677
4959 10120053
3614 48465237
1131 42606221
3568 90847713
3642 55557647
1512 24398903
1551 91790827
4684 11297147
1462 75969095
2280 48458290
4746 36776755
809 43763204
2131 66496308
978 54248355
3974 26650451
3095 4190251
1090 95469016
4563 69649040
1216 39246433
2164 32557946
4266 37765747
2574 30624645
2382 86589260
2386 45525989
2711 58228796
3915 94804670
3125 39478826
2515 14401455
3076 44795060
952 25845596
477 91850546
1083 60732367
3394 35207688
1393 77911153
1447 90878161
3304 21774554
4839 72458652
1597 63233186
2004 46837343
3702 74122621
2484 7776159
2239 5104395
1210 12527869
4701 5746472
884 40672013
205 33801145
2338 14144268
534 24874826
4538 77431273
2979 23806077
3089 65771430
1765 1986047
1030 50496182
4017 49794348
4949 79011113
2784 54916017
3008 50393316
1910 86558609
1217 32042614
1142 25276819
4902 28929854
1067 10269891
1438 6127830
642 44942430
1133 37930697
830 56901241
2542 19361843
2217 46964914
2363 29139226
443 67191551
1624 25708935
3613 99970315
4656 34644332
2686 91539789
3574 83866710
612 44434278
3978 28410925
4584 8387039
2083 42365239
4031 70614210
1485 74594330
1273 89030767
94 38919092
1435 16330551
3560 37787648
4803 81241361
3907 10662375
3652 92115187
412 20256953
3305 17026359
2803 5504289
2529 21952932
4399 68681159
4836 20970322
10 88702146
2335 43858686
2596 71616336
4325 62285353
2132 73917839
181 83626451
1474 67170712
4711 75202072
1070 98595841
1615 28172499
2371 56004940
503 80525514
1475 59175848
4594 47940795
2783 37851122
26 38903405
2198 13012002
1893 94882448
4772 20684248
2518 47680119
4616 40816411
266 6307576
1518 48690736
2910 38336562
1011 53859611
2873 23688428
2084 11707920
2392 23890132
4013 11725092
3269 51257127
317 93258397
3425 81162187
3261 25438975
2343 90898738
4174 38245142
3805 93241664
1395 22401780
3748 39565028
1685 86091592
4303 23411798
3822 44410652
4881 54848459
4388 3830520
2102 32035045
1930 3085871
4066 17648179
1304 25969057
2367 7647372
480 27371355
1466 2563961
2208 42157672
3511 97194402
3177 47871217
4120 88168321
1589 67177372
1394 26430364
3270 11196697
3954 72739302
1218 12533767
3730 30582829
296 40582872
3000 16996611
2958 47041376
0 22992667
2714 28222798
3126 45061932
572 21362253
2360 87456275
1568 84048468
1248 55712631
2573 39721067
1205 15330217
1554 63421819
1173 18461333
83 45360219
3525 96607928
1568 97275171
781 5011373
4529 43281228
2997 76278334
4818 53560668
1033 94400849
432 68629304
1776 49189095
2510 9998072
2761 56419965
4469 39561074
4763 53153255
1762 59819702
2632 83971183
3476 73175102
1027 43639364
353 99216355
3405 19799525
3963 29171130
994 19034314
197 22450830
3040 62687424
3025 47808639
233 48790611
2874 69294598
3256 60042202
3366 29477111
1038 64354917
1625 37326397
808 99509438
2464 81421564
3981 33468125
50 44315892
337 28168207
1460 54378215
1662 8735174
962 65670388
4857 72941884
4552 35815470
2160 71285738
721 79459424
1242 13965741
2304 49556101
4248 3266052
3554 26646759
2866 49900349
3298 98440645
2671 93738947
3103 41668830
1196 68759912
1943 26658731
3824 30425146
1396 1434037
4497 5808146
2639 77615879
4813 42359576
2140 13454528
2480 71044543
2171 34645977
2208 2409479
3223 82118790
613 26910116
791 40711007
3704 28348676
3897 47588921
1094 35975938
396 27120027
1383 19093123
2467 69768116
377 65803572
1406 7027857
2301 9492002
114 17004818
1825 36009366
4146 12396197
1847 70492588
1746 43245025
3957 80107126
3348 70568119
4035 71368574
232 58080743
756 44921044
2684 73745598
1222 66271187
657 41431788
2894 95930413
624 45270612
4412 68942030
3811 90991665
629 18958930
4107 95886593
4194 50419201
2540 39370574
1027 75604003
3483 91498481
804 28095733
2828 54317091
3145 39812700
1303 89547296
3300 76609107
999 90674999
2827 31955081
257 82994639
1164 3253745
3543 10881211
4662 29890518
3071 64180545
4942 45899422
4678 68385102
368 66006164
4866 20992356
744 14495513
336 72151378
2074 8404840
3289 60392100
2402 97710462
436 10069819
3515 92045414
1337 35595358
3563 19567115
4077 22544539
201 53244373
983 87316409
430 42792556
4948 25679926
2690 68101447
4541 7933322
1410 27014433
1158 36905173
352 46816079
2694 25465924
1372 5913429
621 79224789
2626 81116553
1006 98290708
673 13813069
3283 55174006
4870 60076684
3622 23750295
3762 50708278
3703 16700666
2285 1135207
3721 53923038
1990 9751393
2213 68601617
1963 45674542
2700 6126719
1872 82119636
859 54579519
4081 5204360
4523 68952562
785 26221827
3233 91107577
4709 71649687
4790 94200456
4293 64288093
2593 46200395
639 88051463
340 98605644
3830 95984350
2575 6886681
3866 61274802
1765 93246863
2432 3397613
2874 59146979
3292 53212962
3905 27619403
4071 4742461
2369 18249653
1664 86101204
4921 51266466
3323 75867584
1405 20845301
2696 50106647
4195 14238255
705 86658206
1187 87749889
914 39171041
4145 96360150
4379 33855840
1298 3686980
3285 88639375
3188 19019944
13 2549716
3807 74806689
4156 2236058
1470 91556570
1342 28572721
4079 94539041
1027 84369169
4400 77286718
2715 87451290
3907 23993088
2375 51066064
4579 74223690
2743 80893072
2096 77023411
4917 61733405
4824 67946989
3478 38345656
442 5450394
1262 21343186
2785 23718061
1194 14441539
3049 81111627
4007 32067103
1557 22354436
708 28467657
2989 3689781
1188 19217114
2475 69488330
2315 55824141
2596 74675339
2492 47587800
1030 86873372
4921 37892358
1275 84064226
989 46879786
1424 14184155
4760 78555742
3207 12648386
792 6210480
3160 87690295
2867 86383050
3385 19244563
3785 69293547
1821 63259407
3068 40277338
2200 47707938
706 80557074
4168 78831298
2306 31937780
678 82717681
4537 23194164
3084 92655244
4181 44713972
1965 69921807
3693 97855508
4077 90635294
144 48992178
4450 94871426
2191 51129102
3864 952469
3326 48581932
4655 31787930
733 88274422
4693 52621144
3134 78547456
3939 99029769
111 84757014
4638 8524230
985 2021347
3100 37944495
4367 36058140
107 36631765
3508 43492350
2275 60885100
3466 94666730
3595 91060596
4840 63014330
890 24904021
4743 38500458
1249 24017307
3592 65380343
2021 71305887
4849 19764794
1831 84641048
934 58276155
579 26695701
4746 56198036
3647 84417319
2847 52379715
1623 99344542
929 7139989
1973 42811459
1139 65770016
3979 26475776
1084 97756998
232 73834740
3054 26056512
3413 18307403
2749 24970745
3804 72640153
2812 30566698
2819 30097548
2673 15179673
3482 44004176
1256 12333639
702 67122185
4159 86270208
4360 94660652
3144 30165478
2619 8827050
1237 71629511
3938 96092522
139 80318770
2262 96023683
4034 22381080
4175 41052767
3087 20516042
3273 44745216
2328 38181535
3918 8287808
729 84614462
2175 22505155
4901 90376343
2823 27957598
3742 38302235
1141 980649
2129 24479142
4304 12650474
100 63989448
2760 62603779
303 82370697
4816 44351010
2797 74806863
2985 43615160
2514 82878322
1346 16019925
4162 32345666
768 43410158
3891 55690887
1009 48296534
2869 13185108
1481 8957572
1065 51383059
4871 94978515
22 82798556
2904 6775740
4633 13755194
1319 20572346
3479 92739329
1424 54066807
76 21123178
1874 95626788
3896 61128164
2169 81223558
69 62921055
3091 63328525
4131 31313629
573 13770415
2994 46410497
196 50585548
3142 71363929
945 46894659
3457 61004392
4073 26197532
404 84170863
600 81877725
4674 55383776
2323 11279239
3918 69057813
258 33330992
1506 74539242
4529 60601384
558 26494672
4668 41065912
4382 88153434
404 54630574
4371 1529101
2969 44636487
2416 21508591
2435 21309919
210 56131063
2103 63489849
4311 33208510
2322 80543133
1555 72304589
1085 39277896
3534 15566347
2533 57729407
4552 26767432
2679 67482540
3505 95479484
360 26954581
2037 28671053
4572 64574783
4208 47457792
1109 60891803
3877 41588698
1940 67620047
1473 4183444
319 82096236
678 14553658
4892 80880922
4622 73769765
2141 77213729
1099 42438353
2011 67974415
4309 24358440
1348 92475478
3305 71552769
4636 8241842
1796 47967667
4569 27632120
2793 46031650
2730 16869927
4606 48448052
4899 31735832
3255 25373000
2135 98154420
4888 56259788
4723 52196314
1733 77613474
3229 41648682
2940 67616077
1257 7517760
3135 96207126
1429 63212111
1705 84893248
4441 33731159
1375 91129104
1401 86172696
4056 54599954
3904 55095219
4961 35557987
2859 31632071
4150 86166844
3506 43032268
3184 56515466
793 65752233
3950 23837815
41 68333094
1779 41545948
885 64219734
1304 74905789
619 14913150
1366 53584684
2496 5612050
2157 24027080
403 93190296
1307 18989612
868 51402843
4680 61167104
208 21453126
3747 84148766
2858 94330466
657 65508058
3650 28031522
3171 46725117
3525 38525907
2499 95234854
2188 40182152
3769 59557608
1924 62036881
3722 11534175
1912 43169756
4393 85082249
553 40712947
4759 94040414
839 16448276
3136 1887786
1302 38692113
431 25958654
3834 79482554
2125 64007596
1913 99347383
4140 76480223
2325 60578341
1423 90356442
2704 19622520
413 82875105
240 37447109
34 62397579
2747 66723060
2928 40326130
2167 92176230
1119 98982783
3693 14642464
1059 2624683
2758 2657914
3754 64649832
2842 30907433
2608 94051184
3474 29684239
3253 19133702
4209 38814596
3433 17131739
1109 22482513
1649 54421761
2096 93516367
80 77409615
707 41994512
1568 69077293
355 6366540
795 3278348
4613 90850607
1619 63546103
114 61574588
294 18276519
3291 94521266
2404 93081938
4817 91935380
3389 9597567
3140 94775699
2419 8656172
3450 16316277
3334 73984664
2502 14974537
2393 67464118
166 67280285
4772 82881884
375 91186999
3675 84921636
4454 56541628
1681 49053118
153 93124729
2916 36915109
3758 4865085
3533 4510708
3980 15564709
4771 87932850
2287 4265371
1653 42708128
4447 57495823
1481 93097338
3641 85947417
2031 35423352
315 74923563
2109 34928707
2312 76059497
184 87560789
513 26116881
72 6760688
2042 23504927
2609 35655454
2194 76954628
3518 23466975
3157 90538523
3106 52976260
657 81380053
1086 25326807
3478 27085525
2149 96978238
1460 86127852
1199 91023335
686 15888770
72 31371576
3286 55576375
3075 30536673
1353 1920013
3988 70667291
1934 42296784
1865 65127345
4118 65342073
1563 85902357
3394 69209907
4107 66565949
4569 77012028
4501 3337225
3152 95451133
3637 77843582
920 72944686
3839 58378259
2656 99863774
974 60118716
270 7623412
1393 85691133
140 82469329
4899 35271855
2064 73954787
4066 99566232
4145 37436081
2398 91976479
2100 82192721
3613 30104341
270 42190618
2925 94016461
4795 69679433
1803 96172717
151 93826005
4099 76359699
1575 92110144
229 3885965
1387 17902014
1006 27423579
1657 65364736
3943 87537848
916 93121993
3385 69765278
4680 27344384
905 5474920
1919 12850247
3745 37186658
2034 4402454
1836 57105593
2160 47199865
211 52194228
4064 548829
3055 18922187
602 47754365
3936 62823997
1772 73335579
1896 68436271
693 34908876
2111 46804991
4917 43103874
4158 84304615
4451 4287645
23 91000154
1121 12399706
1307 11951263
432 34087392
4622 51425933
761 20225685
14 5603416
607 69210240
3622 33615505
3268 76338314
2672 14036095
3437 45286030
3169 26016804
1634 65637350
2861 49376730
1703 89361749
240 83647799
2348 93515336
3711 13877379
670 59744555
2309 14755301
3680 40684137
2794 466643
2679 46335187
4271 4956548
4572 93682981
2546 86437044
4363 79833730
265 32391620
714 27807972
4720 67912428
2417 27177938
4044 23963881
2915 99675642
2578 812354
3758 8177276
3819 91906790
4815 40959077
4364 63788495
700 31488286
1113 62484117
2051 40254040
951 16656630
3210 66407714
1280 70591555
750 88365656
177 16418112
4797 95096914
2966 88753221
3416 30739605
165 6709106
3069 10165935
2283 92810999
4433 43505682
1852 90935628
2953 77860891
1844 52681587
459 54857260
286 43235405
1616 23419172
1429 20513365
2601 57363647
4336 79844775
2234 29829822
2780 99749471
516 63196277
494 4519012
765 57590826
4108 77003577
3260 58962211
1770 81123180
2760 73875303
3854 59970737
244 8175688
724 55030242
4510 22065807
3029 48412393
166 64991436
2179 36922720
4733 1887869
1885 60423389
1739 95647121
2671 43479063
3960 19821469
339 11883511
1607 40938197
1104 68123134
4525 79327810
1421 1095120
1736 36332718
1664 24131063
3102 36701673
2225 90344331
2125 5833328
4471 1547071
3198 16455595
4745 77838048
2571 84461918
79 22889719
1865 94316103
2620 35583420
1330 80296273
476 7616858
121 84316778
4461 52160286
2846 69870045
1939 31564373
4653 53867509
1853 13297532
2404 54208460
109 67422035
1549 34364120
3178 40315828
4908 19093547
4487 75625777
1280 50495130
2883 53696656
3468 67432104
1104 42931839
290 22541844
4249 77431082
558 23899826
2919 4016312
4189 88453215
4627 37468173
4932 89707503
4833 18358436
2227 55182996
3239 95414013
2708 21879812
2777 40202547
2503 34765340
4203 3166347
2854 7729069
3395 58979030
938 93706664
116 75199155
2702 50438271
4312 406530
446 1562015
1154 34069515
1345 313967
4497 67857494
1669 11102215
4543 82289860
3132 91860354
1003 57873323
1848 16391610
474 33855843
580 12170560
1682 6907944
4151 81761338
619 81032771
1241 66355270
2612 23607449
1540 24346708
900 64219508
3590 62621267
292 32673991
803 52897565
2274 59221862
1023 37456258
3405 23899967
2318 35683911
211 83001251
386 55623388
2021 11280752
1296 24532647
259 22100689
3977 26269176
3026 16354259
473 55901454
1039 27792912
3159 17683473
1960 44762555
2 27947107
1733 67855311
148 78628659
1501 71767586
2853 54543792
4167 14683395
2407 97194385
414 68260
267 70794023
76 17647655
2346 72909791
3596 195436
865 67092034
4487 52366670
4768 93487955
624 7872898
3318 6146347
4598 86838428
1332 19999839
4735 51603930
1646 18407555
62 37227165
3958 44767824
394 89845326
4918 11980726
2304 65141399
1178 46527599
2721 18734466
4370 98357887
4869 50911493
1326 73263065
3975 13280905
1687 87028953
748 16700772
2342 63758051
1039 86605128
4451 87108379
678 50283899
379 13644070
304 99954403
2917 52654910
232 15548017
3541 35465341
1171 12802143
2799 57899971
2149 78185422
402 75014380
1408 63088802
2367 44102012
3910 74104829
2673 610628
1334 95058374
3655 84542251
4402 72111562
4458 37987851
1969 76327470
1150 42194471
1536 89825271
3957 78674323
1471 63999392
1385 71373755
4717 72770036
1183 33651142
2679 13464172
3315 20681116
896 43162274
2978 48278960
3178 61527103
648 36079274
3306 83523885
4924 63253687
1350 69742590
1312 56759548
4600 35624323
3198 67227981
893 29557222
1130 41808530
206 90022576
604 43218800
3467 10761884
913 91055750
4940 90224364
4197 97177511
4361 24672274
2171 90422837
2590 64872966
612 73080219
2037 11641034
4431 46699770
4797 70306343
1577 46889073
1081 5045840
3939 7223528
3823 21706332
578 51071516
2298 66858597
522 43941431
4186 33978329
1829 61350781
1005 79408431
3884 71879467
4931 57966494
1370 31413305
4025 79832158
2475 69389238
1102 44557179
985 2518418
595 10008618
1075 49704139
2105 12700627
4347 21732223
749 95419275
4278 41674889
1028 59308948
4921 40564560
3944 59831992
661 88031480
972 62436417
4712 39922367
471 50074214
1489 97439780
108 78106268
2558 96750765
1234 14732849
2726 77378893
2891 99746912
379 59509052
4580 17301123
15 24563792
4601 9242316
2675 20360155
1412 35121435
123 39389147
2972 80352774
1216 44859132
891 41139471
2620 77574733
2784 47289815
505 12393330
1449 25813107
4962 41972493
2942 93916044
618 73242559
3835 7698192
3196 92859944
3173 67967407
3453 38531169
1845 26644439
2002 58195750
2247 9748183
898 89940553
2330 50386499
2940 22649746
2532 99389841
1770 12215331
3083 29848004
959 3279320
4712 60702075
3613 87497568
4781 26844582
3455 37857127
351 98610316
2606 2933535
4319 6824966
4617 84768321
4233 16700520
1145 19977156
1671 47256865
546 69796037
168 35219035
2020 24366007
1686 88715546
3111 93863792
2161 56683558
2615 22850592
1203 66751577
4964 83372833
648 89612368
1354 90616648
4816 99952006
4172 65526836
2926 55126548
4481 88772249
2039 33163599
2636 1546472
4948 93096007
4260 85966026
273 58590511
703 88778230
1765 13707531
4411 51318562
2026 24852894
2127 98337353
4615 73514116
1477 63418949
893 69371675
3581 47667704
3603 19482481
3450 79397988
1958 40944
1685 21028716
3379 11889645
1210 32497561
987 39340913
4890 38270578
2836 32904614
4524 86023904
1379 29313241
173 24739122
1572 78347962
525 81326184
4904 22136560
1318 24734212
1037 70466546
4217 46781475
3491 90109366
2538 68677145
4485 79837637
4358 77511871
4464 74966850
2061 77259698
2450 10404295
4799 18145324
4675 52677563
4857 47577597
458 36075222
2548 31261515
2126 62930374
3937 52347176
1271 60127929
4960 56420762
1726 71971546
1699 4752658
114 78788966
4322 76020438
4174 3079683
746 14143632
4407 69080091
520 58234218
584 80206106
4198 5299533
3396 87231949
240 79525815
4448 92556776
2520 36075595
1 36034347
4317 7954704
3846 22626969
4346 12331429
4711 4596
2374 7688103
2721 94148357
4377 69084610
2501 59153395
111 37502455
2911 38163348
2930 60673534
4892 31879389
698 28073973
1183 29621396
3928 82153575
4534 14194982
516 26177989
3130 55331994
12 90754238
2398 31893990
627 10937221
3111 77823132
1115 94303500
4935 12373364
2533 81368733
3141 79640648
1825 28448362
1271 87274320
1274 40988906
775 25704609
1242 35067812
1119 65767113
1361 81754247
4225 4787923
959 28952049
1363 75983531
4380 67756965
1624 24943806
3923 43299543
4327 46382773
2077 87853882
4557 71743247
4369 90059810
260 77857285
2117 80945987
3483 6707550
3950 48494189
3920 82292304
2687 98606474
4288 55273274
3638 28794846
4034 19964145
1565 90096172
2382 11128629
4856 34741473
813 15613047
3045 36051175
3472 43930305
1264 51406565
728 62192405
3570 30382188
575 882704
1451 46407322
1699 61641166
312 22771589
421 25088671
3078 5720301
4605 634598
2751 94993472
198 86761245
1367 21790981
2210 57363006
216 89730587
4464 36469493
3250 75597253
2465 26006057
2041 72594558
4407 37372170
3942 62580123
1465 64015677
4731 20960480
841 89434499
2747 39189870
2518 27529959
1303 54348677
776 16434640
133 69181848
4687 86498167
2504 80123661
4400 5082292
4410 26662263
2641 14216707
1345 10493463
3778 18258703
2022 55634918
3377 63458002
3535 76411433
3430 8308884
3500 47994303
1848 54817350
104 55162751
111 30998990
4413 50082341
4356 35773387
4016 98013874
342 38443269
2094 24460381
3746 76449311
3866 61797910
2562 13060135
438 34531451
312 99060932
2794 81926991
4092 31576892
2329 48241364
4933 37296978
2399 15195288
1473 27748715
4876 90825830
203 47999984
1059 4377782
22 18548545
3529 96652285
4197 16308360
3931 94738575
4723 28399377
368 10919336
980 45245615
2614 87346477
3292 27800325
4847 20765805
13 91508309
2138 85909624
532 1238723
4921 35295479
4775 70607862
1280 93231016
1770 26060481
2401 36670616
4842 48333497
1594 76770040
3339 13195570
3469 56709535
2729 33052056
3227 40296396
4861 84676558
4313 78466037
2991 97023295
197 474596
1136 46143819
4258 52533429
3735 32992393
3346 5908089
4183 88164098
341 53938068
4717 26504249
2492 65746822
1502 70913838
45 3173709
913 71545075
318 69850980
215 57048659
4484 84922853
3721 17725383
1763 57366676
2436 26200228
3406 80620884
428 60697254
1743 18245497
1367 81624031
1307 37875301
2821 55408026
1810 344452
3596 83627537
2389 82804111
3930 99504620
2920 63910598
3746 6004813
2385 63141586
3525 86747252
1192 40115752
2806 35441072
2199 24656454
218 12298314
1682 97516031
3630 67601869
307 7083329
624 44046160
4610 49331760
2776 15978648
168 35362662
2345 89823666
918 24552899
3130 623063
2426 72075029
88 13235452
1486 5350499
854 37960121
4931 49847554
265 25425257
262 49213484
3438 35271270
4182 16037022
1490 68757300
919 12023832
2265 2537357
1038 52735568
2977 51692458
3338 40705855
2863 22532009
434 44718540
2019 77488017
3450 89476689
4407 85108697
1550 18222926
2665 39204181
1205 3561081
1184 76249577
2802 11341938
652 89999589
775 29742825
3610 75784968
1362 37414322
1374 17315916
365 32309299
4299 95933766
3595 80648090
323 32129583
1829 93902626
3097 61965375
2040 80288587
3994 32078316
4502 80677712
1270 60996828
490 53334770
4860 20418125
4840 48566068
1881 23105044
2727 76196872
4738 69133272
1329 32785238
1496 90566715
3026 91005173
838 36074460
386 44967283
2070 49549705
2334 56758447
3276 14138243
3880 89955914
3008 34488515
1501 31164194
668 31400983
4008 3626086
214 18227005
839 47443339
2465 40845483
1659 4943667
4696 46178258
4584 59141201
3377 85889344
2106 37841609
3802 81880706
380 69583422
3913 37068920
1690 76186726
3663 7862724
3657 26464076
3368 39597534
716 98802438
3269 62429473
1171 97701168
1327 31507059
4729 87203507
154 3626380
4195 64970739
755 50453192
2813 24954774
4577 2445109
1702 85901904
1288 59110237
4280 63587817
4189 21955902
1920 11269373
4471 25174759
3777 71894328
1796 8833941
3541 90879189
1614 24756684
1784 70542670
4056 24427404
4101 17898789
1150 43358462
3204 64763551
2745 42424463
1888 90350305
937 65270438
1622 21024014
1777 96506367
1551 1296129
2585 94881550
2857 9285359
4112 95302307
141 96572845
1140 83279949
132 53474760
543 7661629
3843 40137006
3785 19259816
57 54372719
4591 55566013
4400 15735332
752 98661146
4489 60579143
1004 21569085
2612 21881344
4006 40098435
3003 72682479
3306 36363956
2713 60492437
2674 93919896
2280 32383964
4682 90373450
2514 57634321
841 77421528
3867 76350250
3320 9246417
4796 58856696
1959 33877632
436 8107781
2996 33827464
1585 76930056
4924 66188533
220 61842993
4139 23900564
1545 74712747
3382 41335332
2668 71918338
3784 32134034
434 93858401
2787 46592404
3893 95059455
238 67326937
2816 68779090
1875 25868342
3963 61683990
136 11908701
743 38654410
2774 93259287
2158 33166075
1501 27865539
1396 87496664
167 20008238
618 53426006
3082 46516717
1214 61697834
4155 70009411
3416 6497000
1466 15706144
426 43573622
4518 57195665
2048 6302998
3772 96388012
2351 4750656
2557 97971164
4898 59323502
4619 50828259
1578 70279
2996 11267872
1375 22978770
2051 53297045
4585 8442768
333 98982950
3237 65675510
3101 42732210
3942 61296285
1887 14506745
4910 26581298
1419 17589396
3645 53058408
4408 21765038
671 46429968
3707 64234781
2682 43429795
3249 52512884
452 38319948
481 8634225
4144 81632739
708 14218836
1415 74822622
4880 56557381
297 9395273
3985 61267247
98 86991588
1337 19824878
3216 99449907
4924 57464612
4838 66699566
4940 44896474
4203 49718399
445 81570630
1159 55735641
2329 39833767
4311 50338383
356 84676629
1879 63520001
3721 18828968
4641 17330841
1219 13924550
3177 11469210
1120 96888779
3334 27855697
2919 9315345
3544 76052784
4561 57200976
3718 56653883
72 18842235
4735 81492813
2818 49757904
4240 65244958
2443 62024905
1048 80701247
933 54196587
2738 60950089
4264 2354519
3510 54386918
4947 83338418
296 6113041
3884 29314230
3395 51898287
4224 12969713
2320 30319516
4627 73458046
532 43004304
3771 96159878
3257 62683187
4727 42046926
1246 39038657
61 93932876
1647 69397355
2538 24924399
2346 48047045
869 11059592
4219 5949284
318 41358615
2067 31921732
3595 71432446
3872 91172982
310 74053577
3338 73139147
3012 47459252
4131 80914591
967 31723122
4838 38266044
1999 72458347
2957 26976097
510 83964024
890 58161915
1781 34215932
4934 40430142
1591 26991476
1674 34935580
256 87109474
2277 95830767
2588 12802200
3450 36409211
1079 57308602
4778 54800336
4397 42309755
679 19720426
2 5762484
3571 12150849
2775 74236017
4462 89782829
3406 39456668
490 36542848
4068 7597550
4019 17388419
1546 50103343
2495 60902780
780 34705453
2371 28199701
1196 19668498
2708 33562131
666 81099121
4627 29262708
4629 5011784
3751 81620818
1529 16759025
829 40216102
313 59165674
3768 27696542
2286 753732
1342 13986601
2952 63336852
604 66278971
3617 29750429
3196 90056361
3960 35027765
3044 16429885
1929 34450106
2899 8021196
4738 92138854
1633 18709692
2534 66078365
71 70146278
2583 88201097
4832 44523616
4264 47960486
2538 92328257
3847 90948655
3586 61855995
4920 10634957
4915 22634364
357 80563553
4947 14305961
4499 89789547
1482 6991901
3365 17001876
4373 43342634
610 89660092
2582 13356986
920 16364436
700 71848723
2458 21423524
72 28138612
216 80333264
1440 33071263
4276 94423316
489 36630944
3183 52318934
4523 47549584
2151 78296767
821 24036883
4153 85275783
4053 83411590
3473 33384781
4363 57829769
2919 7165530
2215 19106844
2137 51404528
4319 40961233
4748 42272769
3895 22706014
984 87287181
1327 16715659
2458 67822919
4487 34230948
724 71323081
2763 46451035
568 78163701
2278 89083796
2320 79147553
1071 66330405
572 81624761
3253 67418490
3178 85199058
3864 17283434
2201 39961276
4620 16684265
1013 4359110
3758 19370924
3237 2697871
1916 23334420
3619 64386057
1475 88168874
4132 52164432
4634 59130945
3031 76682588
3131 70141421
1630 10898600
148 43852991
1628 50972338
1603 76085838
641 6158577
4618 70698424
3610 83719083
2729 87732420
523 48703926
874 17986963
763 33368648
4736 8156093
3707 35924860
3986 21877770
3944 45264741
408 75947501
2370 34611806
449 57293704
3372 85969621
1662 29034112
912 31182349
2073 55162237
2327 42318237
1435 58867442
887 6477851
3398 56628498
2263 88042947
1579 30412284
2604 37104335
1576 41607959
1551 96825598
991 91048770
1344 89872305
1755 22054254
1096 34238368
168 73002829
2335 3337254
4135 37871205
4647 23576077
3918 41710359
517 26109405
1020 74933131
4319 68156154
1387 90636512
2000 10151823
2339 92662269
3750 2316285
109 95963882
2374 37086217
1249 73063221
4084 21622854
1885 94294358
1262 26747470
2520 75648305
4227 81420563
4081 85410179
2622 68213874
161 26715025
1536 70721430
2732 46663221
3314 54628714
4691 45399731
1039 28069234
1027 1649941
500 11898102
3290 41512741
1298 25811918
3640 63513769
63 67972663
1107 55399287
2664 61553443
2870 61955899
4125 6185480
1096 71170050
3382 11055166
1834 10296516
1537 14707818
2629 27661583
194 49576213
3595 60448857
3536 9057392
2882 27975
2127 90285050
32 87428698
1550 55220171
316 12683644
163 88670155
2137 51573636
54 20859524
3785 71762546
897 45609661
3968 2631275
4782 42788014
3813 55610885
1692 12120735
3274 58871246
4360 70537692
2700 56047437
1546 74957319
2512 24113161
3871 91336824
1145 99467457
4818 16469053
961 74862615
351 78817483
3341 21759619
3003 86233280
1287 37260976
1576 54683753
1630 26418226
1377 13964307
2332 40498968
3698 96705047
1092 97841095
2797 45055245
3374 54356208
4037 11267413
3340 68915401
440 9897462
3793 65065043
2883 47952233
4611 65658442
2114 63731909
2540 15723161
4833 48307632
4563 37736503
515 32463564
815 99290291
4564 79814580
4491 53347329
3116 24118346
502 13778247
56 66559907
1108 15638578
1979 78988016
3858 17688667
4673 20044637
3385 13642115
3235 38782880
1918 54708561
2734 29055720
3147 54395155
1047 75713239
2495 43204248
4672 55849537
4412 32913997
2523 9287819
3810 20386348
3789 81902244
679 57337801
2456 21761252
3267 92863213
3073 58373578
1588 30615140
1447 40903309
2047 89279674
3822 82801469
1265 83994666
1795 49876628
3118 66558879
3384 28783195
3124 38210402
1312 98681472
2321 71467798
4489 47138028
4705 93990328
2571 3832067
2943 15737874
3493 45875223
4589 64394807
3070 84193067
4154 9253914
4469 49865663
4399 30541948
1817 72963846
1599 57984809
2717 1606408
1175 97367112
3096 59824665
2966 33387949
332 50156861
4597 80894679
3313 66748172
1184 68710926
940 42985568
1813 51918279
3849 39296567
4738 46689524
4024 6937125
3450 41420874
4325 26848652
1109 39197069
1212 48117247
4907 81259294
3384 10431796
1960 19937310
4412 94541873
4223 67093938
1768 97464543
4599 26429792
2620 73943303
1751 20145098
50 44552969
4854 54918453
3298 96582447
3751 36423770
4793 48261362
2336 4402512
4748 17217725
4150 9353226
216 309050
4486 93270882
338 30122526
2421 8657321
1787 48686038
4814 20553532
1102 18467889
943 88385563
4494 60049605
2832 67027306
573 44676047
3086 32579503
4081 84104620
241 41832371
1534 75160174
4632 34004570
4336 32992486
215 75352852
1730 40156625
615 43218433
2293 24129990
2958 63988356
3434 9503299
954 58135091
1137 710640
4589 31217660
3007 33646177
912 90840450
1965 53295532
3587 24105846
4346 36374771
4053 56441283
2438 90418573
1027 37514973
739 20837012
1520 71934214
3478 2054427
4031 40081234
4785 93329194
3709 86143335
1409 28411426
1468 44459227
3643 33674511
4141 84841105
2336 20488850
1745 15425750
4817 72090072
3035 31263582
3901 8693872
4060 98116548
2112 54544665
1507 27014238
1498 63522388
173 20673171
3162 70344502
1074 55924122
1048 76693853
1625 65846237
3724 88199378
2936 97338408
2363 64666998
1611 70584554
4315 89663895
2105 4298420
1346 75659396
1725 80405003
614 77498434
2884 39319506
1409 79547419
2230 50388758
774 19325535
1779 1164202
4648 11728933
4117 6387753
4204 22730486
4499 8616539
603 21523024
2616 29187259
3394 33565582
806 62061039
