1000 50 10 601967647
142587 329336095
137340 78727962
76858 191266076
188095 812886514
49331 391243115
137202 83694430
114629 79450316
5332 924533296
17575 148359583
84049 155590282
119460 821853131
10953 52353515
32100 252314206
156444 293981387
87125 172209822
55445 604384819
81015 118604663
161685 11995837
92930 106526027
18170 688079251
80387 813168457
82887 18399050
155290 327079635
152574 285386279
101043 427228581
71361 488438355
48823 710607960
4678 498354262
80772 452068609
68785 855588334
119151 688284683
208 978340701
113272 995602286
164381 969276438
114273 667735242
134634 452413807
114008 986678426
175847 78555177
91911 118777908
34676 641713632
157557 509950722
16056 500120907
168179 523460210
73474 888513552
151598 790810819
19447 452323603
52660 909107743
83599 991017553
171463 126033547
158305 859354694
12958 175198736
62823 127188841
113059 487614064
192520 328151576
169690 127234532
522 4914814
119403 952533548
126140 562776641
17141 356027243
139132 304038930
128044 47908432
42087 330966269
158063 39543190
142893 566758909
149751 839826870
14117 959345527
3078 442914809
85931 29419122
111866 997311091
117363 241953550
98160 32468611
7659 614247230
104207 604420438
97659 313512269
119584 480830416
86344 959802095
171455 226430086
30930 43304080
40289 317784892
57898 284066366
67535 888692944
149006 25153721
138869 34978965
176665 967169331
115987 969692598
124805 861868384
187998 308507598
24224 839679720
42347 358172189
26238 873375717
144844 475775893
2071 72774158
27184 828978881
64843 968179256
186654 726141227
53770 9408240
184671 200690219
131144 651474630
50397 794167509
156703 120475593
692 680283195
166703 471054020
190056 163492296
93580 901718829
109066 168958433
190591 213183444
8484 165821414
172808 199456658
11834 254552193
93056 994080421
146563 124914240
65361 300560296
155944 890566975
43544 561273644
106913 423195240
158897 153627295
84353 221642271
92552 944785580
109039 787931407
109410 759315406
92120 179148011
64527 306656871
85176 110972804
126187 339769721
67499 526265796
101841 51251122
162326 189855156
147895 976784496
159964 8879049
107039 470189319
187942 924840082
170739 240585428
184048 101014281
139216 384133273
41935 884391769
113790 550868233
151226 968463881
20830 261025557
18251 216154986
129669 2510739
152431 787161774
96068 393600820
1310 110605984
31883 762471766
27915 613476161
30751 256592026
7456 708994052
80665 389831300
57294 535064814
77103 403986726
71107 769929605
9369 188029067
155380 664896415
51248 375379229
146958 49849903
55637 475988537
15025 136684534
23088 371577664
181840 92491025
167524 71808255
183807 219226867
18125 949316133
2364 530610439
168937 590745605
104843 965628360
128629 337648188
39531 802103642
174367 31500508
148025 974731879
164799 53084163
192702 637286058
3314 419142516
158312 251178409
10233 726293814
71287 777285962
142420 754669325
182375 684051406
38869 924733749
45506 895649245
30567 132853450
56444 362728037
112469 301868274
83365 848695245
77056 336864441
115050 740248520
128972 405557963
54804 919021305
118078 856537874
148602 467937012
135695 366385501
112411 938482813
67495 94252157
41258 677556638
61951 689712416
100340 239497965
33370 139516192
37884 145583856
38929 472090386
45361 774753249
148896 670222578
154097 198903431
80848 597569052
12753 752997373
4444 140640803
113408 594487671
167415 171190065
20852 333113835
113117 8021056
127445 989460832
138789 288909060
53756 372815691
170740 536217504
124342 869809719
19232 512678649
121911 817262717
126370 12081090
48595 963714473
67336 839123589
192316 621306126
8873 642678936
8175 191823400
124056 601280634
3711 784343927
91138 388124061
4754 159551516
145111 855279909
4685 105458374
150151 50766755
128119 252321655
94986 472347414
123682 303895688
118551 790783225
21088 651627703
19795 836838360
53924 314703910
111640 341243979
184785 998419002
81041 31464546
75468 404342656
105822 261600393
4705 96621730
128646 948777732
159297 213410420
128332 882380902
30608 120538948
129959 240349152
47273 544189524
112738 692044798
36996 366071895
67935 321267409
151116 565949511
132849 187303116
17870 457552354
116910 52164146
182326 490872622
163474 278305535
66179 283161195
176249 347123513
163431 79144106
105405 814820043
120412 436749083
144585 476634044
86472 938817925
22217 881788539
186113 402594705
10646 985665626
65984 718083689
71985 237945433
153641 96769109
167107 890047406
14227 456390471
115510 880168788
21557 247952560
92052 88639634
188853 309313068
175283 231812425
45505 811145225
69463 432033462
179790 729641664
61789 907369324
161660 221910655
122158 953296937
185672 771036397
107756 968146740
179296 333868301
84221 160479941
14385 879063439
70185 382326791
73917 972973734
17186 159145369
155951 79458807
164548 733381657
114936 99404264
139776 493083535
111861 184269826
79655 813798649
50084 146004162
103765 198691177
182127 663370660
177668 342395121
88982 730064767
157544 492530439
54132 248556496
129224 441176909
176137 50856360
176991 356333385
145222 991280074
146228 20919199
178149 107646514
157482 772246619
69996 766971946
156044 550613173
41549 910689911
142007 387565723
63842 768658620
4126 276332237
184162 85352259
42363 960367946
175570 496236259
152515 555438985
114254 854383487
102821 677407786
79985 706520117
112147 788864251
117480 64846072
140657 811115676
119451 704705195
93728 449826831
159109 111033200
180933 41972029
158009 419869751
161946 83447913
142985 792199647
162892 839130765
172153 150393419
79202 688044877
53853 11374825
148482 702956819
13499 768812353
188229 237094278
132858 757964645
104626 223025500
34528 262455155
5822 930581298
36688 362761239
9100 958212881
168070 848406651
129380 140369353
171612 937993005
28465 781558557
16620 226586221
39113 93163331
75861 392605154
184141 808372341
50823 992973926
16595 700108636
110197 946192925
28503 918641116
115832 448502821
114446 434652789
17336 379324798
133387 298927754
80763 287042816
88973 720854100
147553 418797226
5081 165938598
21362 677048795
30903 588377198
28046 760254785
176497 83587808
190013 147248863
48721 209199986
120656 411863286
27361 154606222
101463 682096221
175179 376662871
61609 834641033
100461 141668821
163847 114887733
191005 51752374
103129 217451930
78171 884101110
36537 181825607
17970 669187379
110289 574260553
133366 400341807
183815 94020688
193024 814951205
55567 442415600
133473 71282785
158448 411332790
61999 38449192
16073 976052634
148601 72690376
148151 42640934
93918 182174382
138290 47166428
172027 859626294
77421 243786505
35666 876105131
180720 134105212
80525 539556475
147376 591021435
77947 586526227
96533 29097812
136058 10465208
112585 958271021
67551 391437130
156774 229032414
114921 730296726
148270 146119313
158803 384282565
177185 831262953
53900 274794128
123425 625238884
44915 893096517
54856 132378901
87707 692502702
1587 344709728
191346 756837372
173331 641870646
139272 666754495
128061 816216982
27258 386981675
15488 79868187
182273 169439097
137189 882265862
42831 419273242
80847 502663226
181665 641094626
166127 549999334
121102 592278912
138190 671876839
25813 405778573
170719 121359599
24068 242910460
137077 634951230
28820 215888266
156333 672889284
152571 201450313
178086 572664695
111664 978744972
84861 777127425
38590 20975725
37397 797118290
166236 112725467
39347 901294198
27105 882012212
98745 694818697
103484 294790309
56249 155439435
22455 579408542
87148 152398428
61062 94075230
87183 250683102
191387 430561535
140990 518931305
183143 983311059
60145 364873779
177729 280882087
44586 371389840
97323 214142397
50330 951128285
47640 550887780
167261 236461747
21138 314641630
74933 235895210
9348 34808200
84784 541863333
181647 66097702
70214 129441677
39834 320926937
85026 610998450
29567 501980769
47308 13557485
38970 990380650
163945 28986762
155655 362664069
67063 153194009
159607 478578381
140590 759229939
60433 634073291
20595 539786537
153688 235935140
120020 355313977
63516 579229010
117311 798692080
187608 690677693
112498 909426647
153851 238079111
27069 828037671
37871 12964163
125370 285499161
7888 689655833
172906 289180081
29356 680865279
134411 666486930
111445 748567874
139400 688852766
46556 992956042
9410 286535856
52253 86471454
193251 177373703
135400 199951171
59635 969807610
58069 862300835
74584 371522748
84061 359902418
75637 103409582
188644 948231432
45615 922825170
154552 146032388
93960 796551634
131289 648101920
133730 879103276
95379 87120201
74087 918275718
76203 955899774
183749 950740803
175687 34966123
83281 298913932
136431 423426398
125952 477564661
143990 179974942
98612 685403420
32560 826080260
143146 609819438
110424 50057042
55708 866712911
73065 449324529
12070 44249628
128834 469004376
102246 710036386
159839 763207471
192725 285787800
131978 286358306
171880 252989610
26383 107654765
81414 345629872
81848 164044867
95519 120868786
100338 344294586
97777 814754128
68285 842092001
44988 650059647
129094 132315930
95965 680377613
143217 361867326
65564 731257161
96891 903707540
37436 628281097
126807 306779398
89791 752366902
99660 464341330
109734 407096575
137402 834062771
82087 471027677
26345 963686290
51101 277741690
129606 672281548
32237 802227526
153149 327143318
119226 110950490
132755 725535490
191934 666601794
25505 711768965
51029 671825228
31198 28669950
101759 138015230
108282 374705256
88451 973913831
192830 925593520
86022 92158089
156745 435756018
120148 400090806
29470 150217469
137563 765151397
76843 537439823
71497 18887784
24006 423342243
31758 744734695
85313 685405174
8166 6175923
9777 693268405
33539 59602757
107588 541819311
149913 981774393
98872 183490801
122193 61725346
169316 296348613
134481 727284385
190983 369167188
177661 776443222
121346 73570374
69937 874615028
115187 185853289
184779 337056529
154224 740942350
113267 437849939
89041 192456310
68231 207217120
65053 383485637
89560 906721157
46593 115440347
22141 38739609
56693 135295359
17293 710871396
21178 963492482
108014 116102262
46710 135161977
74048 239008178
75903 315099717
168739 44790081
44284 771813512
190386 195285526
31410 980092717
116125 551061795
59188 444010512
56645 635587497
9951 131262159
117946 823756172
21578 292867454
100490 328569121
116363 874458539
165110 145939144
182712 140421377
121226 35668486
90497 666044734
81256 216595865
164483 563098587
64363 107160772
122771 814384038
88614 611802364
172343 968521872
83997 522878113
20302 774233320
45194 71374254
123353 586294558
74551 175977062
140359 549647463
15474 27922669
71331 411896233
184285 998106287
19178 144049722
102952 220831917
129695 479099896
175812 102855967
144059 986215257
37025 256911188
12283 667080896
111381 612070216
109136 831456291
64380 360931343
88430 788420550
84891 436053003
164763 711340965
164544 880653205
23236 527566828
10607 53694518
3139 798494349
32419 378764861
77130 455035477
181558 423594531
75255 901311863
150275 101020567
125775 165327724
110038 862223328
10744 101567958
80086 119567570
99519 760063078
124219 80572873
51512 872112598
113061 299673945
26361 545018275
107078 71295978
33483 332927603
162336 473623221
143984 636714371
128058 81730166
165075 282756175
103033 958935345
132502 600874220
128360 149900619
173659 896829698
38676 297463390
159593 530121467
150145 833329523
54256 191778694
72025 654429844
173044 191404636
100033 932825945
104770 880819365
113396 312295319
15203 156183270
60505 760592674
122386 281808922
73726 739539696
162780 98235750
732 290158025
13131 11424857
28644 356990928
182131 818174031
170001 796296742
34508 28356623
103175 599266046
3555 28968761
16678 744093498
68175 791057509
143249 984870919
157699 155447006
59912 91212928
153462 22540669
127485 24971775
131982 720192940
61622 115841867
147453 755267567
104008 125680474
55226 220702302
158484 288427027
108547 77736507
93544 321336537
67466 124817768
16683 721526098
16381 826851557
15276 568148760
149856 156893315
56764 124587196
5083 490114313
28501 300210404
108723 317205123
78435 646957755
170304 446434123
178273 350946993
59051 252164502
101435 916195351
190929 379583446
65871 289122629
91372 7994629
180206 272792844
28657 422078449
78090 669661102
56841 352819645
84430 610922101
115361 943807270
188904 758273916
182883 32217480
72773 38517789
52380 882902605
181316 145788029
190402 733871507
65200 317484469
70243 4547973
48666 470372521
183367 469772179
55538 699905141
16867 289139674
176708 323338745
54654 16330894
125547 337409630
160240 697909703
180269 926183263
174302 353431570
105251 61295139
96602 59198538
124284 76433987
161831 826615604
67190 611557704
106725 525556
179859 548738884
130899 530128294
94629 214664715
165282 470726621
7645 461227289
135073 324780658
176121 299712032
40155 746836818
47378 605333897
8288 43112699
43738 41635267
31709 578744908
178064 452930340
143676 364504064
18126 89040442
147281 998934621
133005 540360059
35980 738939704
18459 200847236
101569 145544587
13711 549240193
149211 313227797
124469 345531959
148822 74847521
6422 12849355
100560 470011244
48170 777820514
187924 877586581
101893 306633016
64001 147755250
184599 312152969
114260 738485490
92060 528269139
137751 312570507
147760 392124224
136625 243707253
58390 633473043
147560 642832994
67715 322032369
130790 634903562
46004 393189792
94040 94399050
159876 6187310
96493 106793865
32591 66592629
178045 266042842
168032 253755339
117222 936291331
45144 186986230
156782 216173557
86806 264525988
150632 225507575
171756 869332212
114225 582036738
187087 438537437
109865 231279009
89050 174371459
103350 855253888
98555 150180044
103207 50928153
146507 69113220
124421 153067328
176156 174015679
167143 809925741
99215 43253202
6717 792628716
26273 338496461
117388 58294575
48053 738993213
30013 104225959
89313 709787966
60744 861774232
140040 661183029
19801 769750900
150107 384108577
145826 733168450
6859 137650048
20093 481123061
124575 828110791
180399 525183988
103674 169664454
2323 31659536
130635 40981700
114147 568505941
157667 435318129
6341 810021916
80295 8236870
27941 881781873
17349 93856973
51443 185815676
160664 324728178
66668 636220053
80200 510252609
126622 626560305
60168 260908269
21077 914760098
96736 322073350
90046 938733639
133026 741406450
192231 143029964
144610 32487833
150357 174347026
61914 329880733
47839 415177306
22296 560178025
32890 459252314
92807 225009813
136654 199800782
166148 65331833
153867 926142175
182983 830621734
176328 461845530
178173 492354611
99603 368266487
73167 612851454
20919 115518344
103091 21897387
45281 538580343
135745 198510623
20352 480548532
172230 407266984
127173 348627556
132629 887789565
20470 220055571
129702 227305779
117605 984394205
135452 839616371
184917 63138949
162906 551851609
43851 418248396
189039 500250943
46363 662558703
12132 676148464
49647 873926452
164592 7413047
92089 338380439
103070 146792182
10799 751989532
75602 87952687
126988 692735849
185435 118242850
110502 225702331
131038 828402495
53538 142346557
182537 277795773
122530 397473520
141989 799394398
62560 300195047
56793 113687621
98254 202718301
162035 233629187
160805 93329756
2118 80623089
93316 120035820
182702 817364392
79281 483834242
57409 342418077
97964 451015521
77714 703410557
84990 403591028
45148 858989735
30682 611769399
172670 713613123
137514 986443348
185278 791118650
53447 653434117
18625 435293095
11272 110201911
172027 592083161
88378 684491960
121148 43009401
131806 902603853
143612 582895479
163260 261280754
187615 799497804
84175 120028719
48284 318452683
12413 21904377
4356 348795268
42930 711882903
161780 755058432
129459 17178108
96801 964597245
191063 706267711
41575 357617750
32498 671160665
39612 264118577
147622 491087334
6759 779900244
7148 985836444
161731 269756224
19649 795434643
186009 542695985
33568 472791066
151732 383235803
166169 883921524
152704 255023694
96516 181162114
38957 880996003
110846 481334051
169618 130705848
39511 344273610
113990 431291938
188710 94354833
110699 587729033
111379 495622934
73351 891089145
74958 298210517
132833 813429302
52323 30309088
164853 660708257
7018 187475692
106632 667846597
159575 840385596
3797 108583983
12291 639972707
26449 326730715
188987 339146960
45277 672123613
47359 821731187
176153 366209423
10834 969854256
75937 313444402
121549 396116402
184233 744099061
95934 176055162
178535 340656104
75583 25571974
2742 732168661
33355 409861654
98091 40193569
169868 932558828
