5000 100 10 923523
26 32023507
3 89294737
74 75085979
89 2399143
61 21563123
3 1373037
28 76939485
29 89406366
81 27923568
24 68628932
39 56635071
68 5880802
11 94383849
87 50733977
63 61968982
65 6749180
5 56184907
84 80560558
77 89020186
33 93770133
32 69740813
82 31161168
37 26391807
65 61376141
8 35876686
89 71981459
63 4141397
68 32747431
72 27369574
60 90672613
90 40171611
88 88363750
58 51014767
13 32660108
89 4400362
87 3134614
15 74089764
47 73337825
24 12412374
34 12346002
91 69751744
79 45833521
51 67222426
24 24934740
47 67095065
3 88963261
49 70578203
3 56139547
34 98767671
81 61627924
89 67746249
41 29825560
13 56607378
46 99866640
64 42910056
70 69825164
67 1572807
79 39071294
68 99272342
80 15903586
27 37162443
23 26150437
38 87226562
47 29333618
68 76122344
86 41678619
67 13273137
31 90737311
54 79700269
51 91416619
89 55332946
70 87788477
67 81933173
19 78217339
91 48414861
21 52605627
20 4020476
32 93317952
70 66078753
89 29757624
73 18645816
66 91102395
47 95456774
17 1799469
13 77476363
15 2800072
54 12006928
29 94747767
47 22481025
27 80178321
54 72118736
1 56473192
92 16572717
66 19902603
3 24959066
70 29885271
75 26129174
13 75523836
72 7860078
87 1775696
31 28088451
51 70662102
26 47680671
70 39068185
62 90891329
75 41057583
77 4546806
55 44181982
68 52354623
7 56287345
73 66261165
12 73434924
78 59676636
40 19008993
55 31314770
5 5389507
67 25360458
9 4531305
2 46494183
4 95719178
15 15362348
44 5428282
88 86823889
6 93545030
17 66211202
92 69008554
50 41037696
76 29895412
35 96434942
23 73283750
81 22205446
41 92185638
43 59757571
80 73123386
62 92832785
67 1186323
29 58135678
35 80620640
8 8741221
44 89170783
13 29030749
22 64973848
78 53139167
56 23299130
53 96290017
93 29840175
65 80288842
27 71094072
23 71259109
44 3847224
57 18092727
27 24803380
88 64164504
41 26220676
62 84622394
27 5407205
85 73570797
3 36237941
80 17766665
72 81316779
2 61152657
37 37584850
18 85699119
66 86520617
37 5412733
59 26082827
35 47917740
18 52250218
13 8826579
57 42537025
9 46378707
14 59618468
66 18325284
28 51692173
8 7909834
49 55181336
78 96682258
36 63020342
83 1445109
70 44372310
51 44941504
52 35396007
12 73857696
73 62490544
88 71149825
58 81165952
53 52971801
29 89994388
22 89157183
35 12421739
64 27211866
93 71162212
34 12885614
9 11308207
1 88756218
76 26221270
73 78652007
3 84106023
63 6812559
68 40226683
71 51624137
86 48007268
37 67209760
81 80925728
11 32204571
21 58466664
38 13466895
56 88343266
81 16327783
29 93199585
77 7848343
0 96330779
4 38587189
6 91526405
38 79549722
57 75878485
65 58178428
72 88286150
4 61887410
93 34271484
14 67592049
23 11057475
67 27399729
84 12444159
8 51568567
2 53844217
82 82613656
7 45917260
57 35644503
19 19116945
46 21713106
70 98884436
58 18881184
52 57796074
40 61415168
36 32409632
31 89838411
40 15098867
2 95384200
17 13482004
75 38219474
54 58886029
73 75050273
14 47066679
33 47279659
65 25889001
42 13695407
55 53917003
89 64460376
27 70894242
24 8813340
49 59915467
54 46770981
85 68406243
51 7590064
24 41624301
80 6763524
53 71675373
72 57829972
29 92508574
33 37442029
49 79135100
67 48203717
40 36230380
76 97281532
56 91055991
88 62944848
87 9779327
32 78502144
88 56903715
72 17622873
73 36934450
3 51554698
50 58716547
59 79868228
45 19527005
11 74655400
6 20964046
63 36746912
73 88039564
3 69351753
78 45156021
73 35099717
3 47045135
14 38153623
27 52210421
41 7509570
77 32679246
91 2787399
79 73481643
45 95137266
81 52482236
83 49219810
93 97684489
91 83157062
29 25027872
39 69852312
49 89838121
17 30151946
56 18553890
75 45864811
50 76598419
21 17458238
25 17471355
92 673459
7 2901264
93 41510703
58 23152448
39 81346136
66 29213589
61 59077342
88 22044717
41 81974410
51 33881683
27 53798800
21 32948279
28 80748940
83 58070697
36 71340715
0 18452816
51 71527755
36 25373956
54 81770286
64 56285324
83 21879694
88 32652324
63 97289430
15 62403043
58 24128936
26 43906550
37 53753004
52 82624052
51 43950583
72 85225475
14 21269506
55 92338177
39 30065077
47 10868423
24 71271241
51 79984489
53 10201717
22 74107972
61 72366558
85 39271341
87 85312093
69 26939583
91 65065424
53 26083394
27 55291089
69 29340009
36 67503513
38 74390560
53 44423023
7 14436657
8 57445435
49 8845200
36 59574311
42 80171005
66 24496891
81 80952717
76 55136589
21 1390434
68 69972288
55 34250724
11 43815402
69 6856676
86 37785272
55 13920210
31 24055275
55 2935264
79 75294366
85 54180568
39 99766341
77 71842251
24 53793919
2 39104922
78 13203621
39 86681577
55 73001889
13 13471990
56 89555738
72 28136206
54 59124958
51 14582010
54 75445988
16 17197296
74 34330443
87 90641735
67 5729437
56 63392722
66 67795307
56 26002920
39 95509352
61 16691189
27 38649502
25 85328532
89 8040901
21 8062603
63 13070211
93 2862445
43 45194592
63 91772905
23 43953958
69 66138172
58 97414980
45 66755808
74 84544890
39 98725568
61 57959578
72 1081836
13 50612641
36 77330673
7 57424164
15 30852106
37 13070594
26 59010575
56 58806996
36 90306574
78 85714473
33 57477054
28 38491993
5 53372445
45 22024294
54 8123830
77 20031122
33 81625657
36 53165092
56 34330010
34 96865959
72 81083631
86 51413019
15 20718092
52 43394039
60 65497322
48 19985765
38 69787022
37 52239942
16 86547345
20 75257480
26 59280813
36 61425899
51 70965070
36 52379152
74 25180247
16 22993548
31 64214370
40 98874437
84 89659286
56 48473481
62 28926044
8 83163688
44 79453356
75 21872533
59 14700571
64 18220933
56 97451320
78 19920558
10 46754175
52 78744174
74 79093878
0 83231005
10 81176993
83 80757063
66 29406622
8 78509240
14 2722494
92 9562085
20 2109263
52 53209255
7 33597336
4 95823922
80 3593373
35 57014102
60 93076894
13 74798323
20 90012350
77 67995373
12 92651122
82 94541974
70 35532036
70 32906763
66 39756847
8 72946732
74 26419818
4 11192296
40 50102529
76 48614866
48 75277050
48 4043451
63 93903596
80 45557421
59 89387455
46 7621641
62 67337935
14 56612674
83 80247534
55 93640854
85 84504637
74 61870491
81 97776279
78 75974314
45 32595357
79 54091062
10 82734501
66 33775408
53 42008993
88 60554044
48 45401976
22 65951378
7 27888358
80 20642588
52 64599842
10 80656626
63 85903733
40 12545288
26 20622609
10 36591524
17 65625135
29 66123078
56 53849805
32 24997735
79 31747667
60 32287950
93 58760169
75 94922260
76 25836086
54 47300772
62 34880994
10 92056760
12 75517219
14 62013796
7 45638003
0 1874147
47 41804260
77 12139127
56 72928415
8 96545567
67 27721346
7 86858430
14 32105550
4 78162747
9 2378242
57 893917
81 5937269
86 63076669
75 50069078
23 30110669
58 76212138
38 12002923
53 57531097
4 66186815
62 13795265
57 40168298
13 96598604
8 33030831
12 61323771
76 39162143
30 89173449
50 53477603
90 85523089
69 29081558
75 46677441
18 83815600
22 48726099
8 93422330
36 72476927
22 41749412
77 27374232
66 80305156
35 61460792
75 57709695
46 77045917
0 91519281
80 89444250
51 13846436
50 66583860
80 63075859
51 7152926
29 88667234
18 95226335
12 14652574
8 46731414
85 6491807
5 43352401
13 3111187
90 5165654
87 32630461
10 10209072
76 947289
1 74179331
73 27137014
19 62754423
15 6540845
47 37104332
76 78302727
15 29813996
78 52550282
13 6906343
41 55683761
85 50871756
58 7588290
75 19615831
56 90765333
28 69401198
83 81994578
30 11539051
39 36860072
80 99344465
52 96717176
57 91125349
31 73812170
80 25524260
54 55033812
43 37920894
44 82689349
55 69512522
48 97346413
18 35529095
55 23985962
6 37373425
34 1027174
64 15112133
18 23205951
86 33804516
42 55938100
36 99975735
54 3418267
47 56112723
49 57930600
41 69169653
57 87858971
34 35930292
91 32843233
47 30866187
58 76389680
28 15326088
23 17152088
4 67820453
7 97411171
18 17830224
71 31587539
81 35615894
9 95822307
3 45974238
57 90794938
84 99405560
73 58858771
58 68891998
35 6795240
55 1047552
24 67997797
24 65634479
66 99328213
46 83056982
76 87596254
81 55121360
77 71209517
43 6705952
35 34982224
9 73301084
91 20340434
71 56947425
7 60558850
4 23417562
32 78113961
68 55571715
7 93355106
61 88810700
78 59693831
79 94455407
36 25271240
72 71506583
67 92830375
63 63512583
67 35925430
59 58622466
29 62036664
92 87981422
30 93925667
12 42465957
88 40896802
50 23184090
11 76792923
33 31967931
83 36378825
14 88809544
17 81032811
70 10647176
39 96077719
51 6708489
44 63489778
61 40785366
11 33417199
68 53154661
20 92682125
62 4415198
93 98690995
68 20347188
20 44626784
57 17003377
52 83771163
34 95172027
21 71161753
86 91183512
75 32495314
57 51758974
18 15739309
31 26544240
15 21311129
29 81532079
18 27835872
77 52604887
67 66062919
79 7043489
85 77783547
28 44211664
72 34892493
44 31391388
4 50235599
18 25810071
39 25499606
37 31232359
5 22629737
19 42911776
58 89991852
82 62966826
71 62907486
25 96870943
49 41040140
90 44692812
78 32994004
15 85411102
19 33320872
82 78973447
2 91893743
61 18803738
13 34868915
31 11148617
57 60329048
90 6472224
4 83536953
29 20664977
8 37527115
77 80447548
90 26483057
29 2423647
30 19077541
63 32396262
10 4637241
30 88471237
83 68669580
12 66440686
55 9827424
4 18586205
25 89198752
66 72993725
12 47013831
88 24212849
82 16227326
36 68140905
9 34833462
85 7220149
42 58399303
20 11342121
38 56018826
48 64600232
74 59604686
14 85775958
61 66179277
12 44621287
46 81936944
73 28113736
37 16306418
36 66008073
71 9503335
62 27760480
70 57229884
51 50764153
40 79629746
28 83698435
53 14435985
91 65369682
69 84372290
27 1021837
56 8024156
81 5929597
49 15774488
92 71428228
86 91402623
44 17131003
39 76617985
7 50275460
92 32388465
59 49477056
87 68178592
7 52699487
70 86506862
38 61687952
42 21731163
65 73947072
37 60869266
65 72232772
45 18952707
38 13757365
56 86130007
58 16293992
27 75779852
43 96595861
55 25158123
21 25219233
28 84281112
26 28467645
59 1020594
33 41667127
63 5381739
64 57539781
83 48007220
77 47927465
30 25949906
29 82347961
36 92573199
21 27344257
58 22760463
46 81554072
5 22529387
67 41255301
28 89724730
90 30114826
91 64911248
27 18529786
35 39912504
50 94093049
58 58358472
85 59912356
55 3705345
14 1420996
14 45934975
18 69664299
31 5221724
24 16614024
64 15540733
29 87077963
49 85141328
44 1043491
55 41491094
64 77894620
27 48159196
47 74356027
81 66524536
13 95858752
84 29045052
24 71541129
20 78561354
35 96191818
39 97456503
20 64050543
14 28224225
85 23295403
7 68321296
68 68450834
66 96428524
17 43732341
18 70849475
43 3621742
60 4873103
5 12636596
41 49276594
13 13930887
4 77899505
45 64137380
65 80477605
10 40869597
73 31832781
7 74583735
63 41020248
74 14999172
47 94412727
61 34552845
19 81852585
2 7668918
93 37655081
62 78192899
63 4483240
34 67285977
13 7279197
68 62771459
76 64643984
21 96458632
11 72838761
41 49147195
11 19109641
42 3824134
71 27910584
55 83817275
46 76551567
8 49005209
90 64308061
17 6171028
9 71838247
84 56206751
36 9913066
58 19390598
0 27651971
6 71033816
41 91924302
19 66866094
28 89360082
68 82105367
29 61583559
54 79550187
18 62441541
52 57374479
65 8269856
58 573607
53 89518865
55 64258252
65 80791273
66 73988982
32 52014433
9 61450329
79 22752865
83 60005382
22 51523003
70 81899965
44 13066097
58 3758041
26 42521900
60 54773592
17 77194379
30 35932564
5 69676614
50 18661528
38 83839668
67 63943836
53 95222364
7 84825541
37 53710588
9 82604528
37 91974377
68 70856506
43 78470997
7 33064464
74 40779771
92 76817357
92 48217960
52 89720099
47 12940739
5 73395166
57 58581193
19 37667212
81 15249520
13 71778786
74 24872733
42 79226404
8 23920511
30 21887585
7 29730161
78 28417109
10 95306458
38 93516787
38 17984388
37 66451696
31 49167569
34 85254590
47 82218570
62 61552319
11 50447260
17 18944551
4 92747123
34 44683456
35 770218
48 24091846
7 26555794
30 6043016
41 10259773
52 70419374
91 87829393
28 64201993
90 81750638
74 97262076
21 24894739
35 61437298
50 97178204
75 3178345
71 83585510
50 11625665
11 66949194
54 19888812
37 40742818
88 67883593
17 78007984
90 84279458
93 27690390
0 7867044
87 97938035
90 25926588
75 16459868
5 3207478
43 72778441
43 56079752
28 6763976
58 45752383
4 8455633
84 19734510
61 44089377
51 5233748
56 78437423
77 40451091
4 90511009
9 20601546
16 58479961
63 16314523
63 86408373
54 41094254
13 78424176
84 20583469
29 69912129
12 11417674
51 84493401
6 32598918
12 23802992
55 3196491
63 79862224
56 13400933
75 96998423
90 11338631
2 33046965
21 82934565
86 99691508
36 83674857
37 26235531
4 68336541
59 75626884
31 79548126
45 15939104
61 93735767
78 55012415
32 94498864
19 45612545
46 57764226
17 94418628
50 3122056
60 54305067
43 99437285
10 62601794
15 37144964
39 92403173
71 37501337
61 90268424
47 33183046
3 34229212
70 98465978
20 28883776
61 76632620
80 5897344
92 22139994
82 8532407
48 27781566
51 63835024
58 69350402
10 62847346
67 67790495
24 17009575
11 75796929
79 74857648
30 66001880
56 93447845
3 50844840
40 62465405
49 49344294
10 14390658
55 68678721
2 49262691
73 90793244
60 76195491
73 92050886
69 24188068
77 46809709
50 17649566
44 991994
37 36619317
76 6626778
81 36494437
8 4915135
76 37465431
12 19838943
37 30776422
17 79811859
35 90010657
50 98169533
87 88297805
29 57765338
35 2578152
20 6199868
59 79698037
52 65251284
45 26702090
27 51417221
46 81866034
17 67189074
93 68140842
47 23703907
29 80578386
33 83989082
19 79153574
24 89311544
72 24895386
33 32453605
92 4168281
30 47701257
50 98361689
85 5216376
49 37346957
85 40776658
54 65482306
56 91060808
38 47510102
48 85056765
58 23313187
63 51193884
30 56237167
48 74950845
73 87582310
47 61122445
66 98574277
86 28133261
23 26808948
75 74516097
53 42499587
33 88401600
75 28291192
52 46637745
57 46743477
44 56406134
20 5773063
56 25039777
59 621798
16 95659136
49 59911426
67 32471051
4 18121636
2 7938021
26 46470302
33 61602842
50 2779577
25 49468134
87 81983203
34 59388415
16 80316742
55 51299696
50 28427272
45 616388
54 81362801
11 69769531
57 53057106
58 52276282
27 20393951
21 68625678
70 47701125
38 8350494
78 32749315
42 34067824
5 58957212
12 48491903
87 14283493
16 30396464
86 81163777
16 76792541
54 79804728
14 56317157
63 53835359
37 9073280
91 73840446
49 93609916
3 60443831
78 24538626
16 64811743
17 12958369
10 4579041
69 68075614
4 13758223
73 66606005
78 82001282
26 62481283
49 42476970
40 99700549
45 32424584
41 23057993
67 86472788
68 80322954
16 23661024
84 45142470
79 15984382
80 64758075
63 72067463
51 44458663
72 36338471
47 85780392
51 6979566
78 85178468
21 72092820
51 50801570
33 46169198
67 15815140
20 95560177
35 84591311
93 53516027
1 7693969
59 40350973
58 42580185
0 62834790
54 3276827
71 50619868
18 70029367
13 42351599
61 64605027
53 45119556
59 76510880
42 94298865
52 76447094
5 93496819
58 9080243
45 95804890
41 21545959
5 46775314
90 1090652
47 3681345
62 61299718
84 98457403
80 16933352
15 91569625
90 60286125
24 49461329
20 27977937
19 34155730
87 86135588
91 23012492
80 27181747
43 17022748
36 7489598
60 65370204
11 25924519
15 65464081
64 28385467
86 71069675
87 9763190
30 79373551
60 51844835
70 11879026
78 25111426
84 41796859
71 26203658
55 58979198
14 83626733
17 7145816
10 44832713
84 52212933
49 94083922
53 10497821
89 86631203
2 20304561
11 49239502
3 71476414
18 81029345
84 85939813
0 34422900
6 69904138
20 92546023
60 19044668
92 9917987
86 19805440
87 51222857
83 78024284
65 42211740
88 67776168
20 75122306
74 30270042
54 40275195
60 30478849
82 42650952
32 32478016
57 49188038
85 42733115
33 36298195
44 22939522
62 93000971
92 53483234
70 67279687
56 89530607
56 25062328
34 43367076
72 50420210
65 29579147
24 80416278
62 64516297
14 34025715
53 5173786
65 4409173
80 77464167
55 14717388
62 91956255
93 95665003
36 51942188
74 81979712
18 24952470
74 56328628
70 59743026
93 46989368
16 49960595
30 6929226
89 55505580
79 16503910
47 24168694
51 61102620
55 66653156
91 7069254
87 36054721
41 9081604
66 18195300
54 87018761
15 98103356
69 16500021
19 2612579
84 52201260
50 95927740
46 72082771
23 52601779
26 12112687
14 14532469
37 83436039
22 54068021
50 44827740
30 45755903
3 83152355
71 44970661
19 59615326
51 13518506
10 58469456
21 92121088
64 21220612
73 74833907
23 91998501
74 86922769
6 9238865
58 82359200
21 35157215
9 35696550
80 79066315
53 86410651
68 97920009
73 84906140
48 32004386
40 86167034
85 67072084
17 6177263
65 18853303
30 34112432
25 8446858
69 67479345
57 75006791
32 62876979
4 91298471
14 47698017
13 85058688
5 85099809
29 70522685
59 45546737
67 73463300
42 98033618
25 15034598
72 33860785
14 85222052
16 49772410
45 41524771
29 16387337
9 72123005
20 84244625
61 35386903
29 86302614
60 18567664
45 55940640
71 46441077
73 96650125
43 85717501
61 12956114
39 51410976
23 39672705
48 67306469
25 35334643
83 59213223
8 82911860
73 88535354
63 47274056
21 99099128
72 44367848
58 57495447
8 11789846
35 6828570
13 76357254
36 55640066
10 98330874
20 88646619
61 96200423
5 79965048
93 69817034
4 40806104
44 23030852
88 19885379
50 53263715
37 56397931
54 41684004
52 2972755
63 22862607
77 14430173
29 59896452
83 41049581
52 29637634
31 48747259
35 38165641
63 62405828
82 67890578
0 13227921
51 85069742
45 66259043
62 57130513
61 40997724
42 41583057
18 4804720
65 58804509
20 16181877
46 41821485
93 29444641
70 44476714
76 49813528
93 59420559
71 95657735
19 20463993
46 23265272
25 94515310
35 48899897
38 12181289
68 2976692
74 86384454
23 70726362
19 79532658
31 16406277
10 1688753
28 45329614
86 76559170
23 81324176
55 64911555
31 15807219
31 85867568
76 95941989
6 81113158
7 84545053
72 34739508
56 52091498
68 95303158
56 71345630
29 14758804
17 1222663
49 86119178
52 15129377
81 46728124
85 3690782
61 25951817
49 2047932
5 63603196
12 44718616
7 42831808
82 90527153
27 16785415
64 3727983
31 70469216
48 44473446
46 15341872
58 54191929
69 44764739
69 69172103
51 18291212
57 60681599
15 97393590
68 8578767
3 60719453
59 58229492
31 35077404
48 86155281
24 96408001
87 68984098
70 17473229
74 4621589
64 11670006
76 39308856
81 80651177
54 52960313
44 86376548
82 95701771
82 28887796
39 2315980
68 10094273
54 98191214
77 14334822
23 49550850
52 79262464
89 82652744
15 37025196
9 34583499
40 98604203
9 57646301
68 87406019
92 83230475
38 29281231
37 15101762
1 35729137
70 292628
12 30479567
33 43511440
90 87863041
29 60589916
30 16629942
9 21410255
52 83033345
15 54866694
61 34918814
52 65925634
19 80668665
12 1140106
88 80604707
42 20635275
83 86175963
23 62157255
75 76960801
49 66502624
71 3763690
52 36982052
61 22851553
11 26565123
63 19418766
44 40038800
76 98977516
92 81695118
78 7636895
84 42112430
44 4109797
0 4575447
78 41224665
87 64490347
38 77434101
89 35525662
52 58085513
74 54107776
67 35932726
66 39338317
43 67137421
93 14721776
45 90374255
52 98277471
86 36801175
60 38769105
8 8170312
27 88745789
42 67626310
9 20096796
62 84229108
27 78774555
11 33162877
93 28284392
25 66071582
73 29479799
13 52032531
26 51840293
28 98167526
46 45450641
54 95540370
82 28396026
31 85113354
12 5622012
62 22894304
60 50316427
78 86373971
10 1954386
28 61973313
32 41148803
6 2894191
54 13770251
16 19862881
36 2366213
92 68244661
23 5515462
26 89585656
72 20012066
80 56086008
64 79955026
63 56385590
11 38620076
50 59362436
69 14812761
56 75845944
38 54413349
19 79106518
14 38699562
11 86310497
38 74548864
90 93915333
19 70856542
32 19008518
12 10716351
39 21535390
92 59107542
39 20942831
83 73196894
83 43334785
6 6673720
92 96487572
66 2953570
0 34303375
10 32112546
88 82718908
73 27685383
69 39242088
39 65167935
48 41926885
77 90894189
86 66555664
29 93899607
69 52762055
52 72836466
8 60138861
63 20310274
34 45629960
75 37253227
74 64916977
73 53063560
93 28543536
85 81819182
9 84323572
33 31068936
39 22871404
78 42229084
49 24481209
62 34474619
83 8257897
42 25856457
11 91853975
30 25023191
4 21946928
13 22449975
29 84158544
11 92048846
2 13811534
54 33004058
58 20855146
2 76901915
61 86036119
61 38186322
51 7776043
0 40276945
76 85004730
37 36947050
79 69849190
92 19375345
37 29279363
0 83692727
55 22371560
27 31172693
39 2125953
69 86834553
33 80766097
58 71740353
83 35383820
1 82352249
81 35103968
80 64226507
1 46311653
15 49483756
75 15660150
28 60473313
50 15717126
17 10893774
91 24940317
1 79304486
83 6243218
91 55080074
6 82391860
75 58844235
81 89263455
62 13451896
36 68858384
89 96992474
56 31368313
50 31330881
50 20368036
82 91967978
38 41002939
44 79206553
75 44928219
3 98042231
48 24650079
19 43213456
81 79942734
75 77333972
35 48286880
0 46089965
76 73496977
14 32315302
7 47107726
34 4410106
74 7966729
90 8593629
28 51756188
11 72461981
18 46311222
7 52888548
40 76142870
78 83035944
11 3192400
28 30324498
87 56188490
49 68624545
51 77045959
66 39583461
86 17102382
47 96662152
55 92888004
43 31587836
43 45572316
52 93844952
1 27070381
86 20393895
43 47868209
1 64331560
88 16316108
32 7572594
17 76103226
15 59739121
9 82169690
58 29819223
46 95832503
25 29373887
13 31737157
49 85881052
55 17527892
50 74225715
92 31492210
55 327878
70 50565802
54 35453733
45 11831849
11 96935565
32 24256170
36 93600612
66 55997269
68 10730636
37 49901212
51 93066632
26 6098951
39 63980547
40 11190041
1 20741469
89 37858577
65 74559023
20 38245138
21 60338993
44 58071787
59 43044766
16 13949245
50 41270169
53 60065214
32 26808991
77 44621680
5 96637500
23 51339659
49 26863827
92 56373365
60 5211952
13 21190996
44 35172673
83 42300083
56 14545825
29 5302577
42 35216179
74 94235969
60 46747393
76 28487153
82 69300314
14 45948359
26 76345817
64 84104917
59 59817719
58 3331293
15 87226577
15 49833351
63 88991127
56 22943622
63 45021657
31 13643895
88 5047078
63 9240537
71 67213752
79 25350855
62 68385581
10 7484585
89 21103584
70 52973747
2 37100490
37 98467328
37 33343681
34 51759022
14 92950466
16 78388112
39 7981548
48 75759017
16 52428223
88 17339449
88 80276301
10 61188747
30 19022222
76 45909633
28 65295539
11 26079814
18 7704772
5 79239449
59 25364174
46 15899613
87 58217468
84 13835820
67 38836084
91 84260346
81 27110744
9 63422635
22 1839155
89 56048928
67 45801067
10 18536239
82 53358293
83 66008988
29 69163196
20 54627870
85 28763260
0 17874715
61 17331560
68 10728800
54 73821725
51 99948303
83 1621645
6 8319514
12 40498673
22 81871233
31 71359707
12 2429051
81 45023527
51 90813769
21 18719180
36 13746798
71 21001826
22 39495873
79 68364752
31 99533734
88 97730172
39 95635298
7 67885681
46 60361674
5 73355959
31 99716799
34 95156732
81 74466371
71 75616593
89 6883335
43 15754484
11 99367269
26 57284350
16 80122401
82 94120520
78 20351932
62 84170878
85 96235213
27 72458395
21 60440913
38 51346147
1 95562726
27 14819914
77 39199491
54 40341942
29 89804984
36 71745663
49 45369090
31 80551748
74 7195467
45 10180331
1 19039312
14 48567334
41 98924120
82 29420469
6 24389140
46 24555450
57 79785848
75 95013668
10 34844576
71 70100869
90 43968389
11 66338167
7 23392897
68 72378027
20 26594888
4 63168468
86 29425920
66 18457782
18 37794235
28 92747778
13 81161220
16 34651594
12 9194946
68 84965111
84 17537225
20 21205435
84 49428864
57 55875798
33 91982574
64 55926478
78 15844887
7 21760718
45 35863452
35 78653552
34 88096753
45 88357415
2 41220911
7 35237746
85 5190624
89 46971732
53 80301542
62 89266168
74 13269826
26 55068520
16 78428495
66 28862566
90 35122648
2 44576894
80 43358137
62 49676491
33 47148128
52 5745568
8 66075621
75 43817601
67 66218875
75 99026799
19 16515557
29 28767176
54 38467637
38 40070487
9 99863398
2 16202218
42 24589041
5 11004850
67 84009558
7 51918421
81 3747952
67 24559431
24 51163655
21 46122523
52 11682718
77 68935652
30 90991345
2 63016362
25 86571228
86 51387818
8 24536254
65 78969728
50 28369149
11 69588826
70 55688624
56 48569098
77 31687589
11 34292854
11 94021914
58 5266480
86 30597403
66 38935611
79 76937665
39 3564082
66 57555174
2 7492576
78 22541936
57 36249427
2 28953235
85 68322497
19 27345502
87 49111139
77 95052829
63 46917040
62 16335722
83 99812079
0 31418357
10 73554577
81 93216015
73 76897619
39 84586911
86 37895321
74 23368852
85 63072637
50 79983002
80 41996650
29 53319434
5 71394300
10 74511783
33 89963358
53 28043917
86 42813335
10 81039479
22 72851000
77 46002924
35 30059387
76 39171519
73 42751387
9 94615808
91 19895162
46 42251863
35 86960019
83 5515953
46 43943560
40 34214716
31 75907946
9 76198707
10 74237259
51 87605545
1 84010032
59 54385934
15 69231009
64 34540479
56 61130528
84 70322773
65 8787803
62 47950206
70 60662286
73 59134846
78 86010248
34 43545469
3 8124547
90 85672179
21 29498715
72 34482769
39 11918898
85 32610871
11 87458861
75 45648656
87 1340343
52 87164136
60 33578770
91 10908672
72 41096854
17 56395960
47 15909432
55 94058001
27 72201958
90 11428489
30 5524258
28 20242126
37 39812666
57 51109416
34 77553404
73 33409972
62 17762205
18 94054597
52 8204803
49 50614737
43 27523140
71 81441464
24 6952126
73 72499256
16 7745999
57 38403815
69 34871708
48 83229765
63 16531642
19 59504957
8 83613605
83 25495146
56 66005390
83 5233139
74 77029366
2 28544555
11 62858573
45 53017783
38 38001837
44 6513840
51 14477490
6 59018093
25 56079948
91 29066277
24 29103392
76 19212990
40 34002516
61 66609161
30 16774232
42 79250804
21 80206528
59 55905161
50 17781379
26 70424856
87 39472688
74 54047405
78 21856352
3 55815729
0 7829709
82 3064244
68 73453240
15 54682804
61 19501722
69 12496368
84 98166969
33 35112257
20 99542532
71 26471302
34 52456715
91 78139831
74 26351207
4 98395934
17 97769087
52 78660213
59 39093669
67 47564602
10 4001691
5 25035370
90 28572075
0 64812072
24 29278911
25 57628893
57 95974452
47 51178058
31 86029058
77 45393275
75 66537830
29 13104177
46 98000872
15 74938417
54 73488847
70 2157802
3 77266778
0 6026656
82 17241263
80 85094250
86 75795762
83 27857969
39 31856043
73 25234086
13 65902973
41 82781719
2 14416570
18 49264072
15 87650287
86 54544687
74 99221861
24 43662377
45 88928367
76 87360198
76 25560465
72 5206157
32 67693944
50 25642795
29 69649210
7 22467793
44 26536947
63 67992986
50 53651761
28 58403664
73 93975899
93 54957534
15 22167193
36 22202753
5 53341648
52 17265191
40 34533751
82 80258342
23 60568178
76 59326740
25 14327074
53 65769571
63 39560398
75 34333891
63 3535967
43 87030559
55 5685906
2 43225980
91 45640709
89 38948660
83 80024388
15 77884471
9 36234255
34 74334891
93 21593006
43 79536174
58 67972517
53 76784102
51 84101007
73 53261426
1 3855548
89 90181546
90 34796430
85 89910907
61 3868963
21 79419497
60 42622475
38 56000546
24 20479486
34 28175516
47 69029773
32 77992573
12 5533789
38 49567909
77 18411021
16 82304475
65 43121320
93 89357081
60 58409899
80 10871242
3 13160259
36 3721269
28 52627412
66 39672169
11 47606310
33 67695742
16 28075728
1 58671078
15 5497696
23 75760666
41 11068323
9 3724343
8 83067515
6 37140098
25 77382116
54 61305333
78 43334784
24 51357814
3 82297474
22 74101798
29 11394021
31 99056220
80 45034913
31 25595619
57 65966285
26 79474030
52 64454130
43 36256956
44 81312502
87 46548116
27 26441099
56 1753347
69 77912755
50 70770784
9 49173849
46 42630366
86 44219180
41 52553971
0 51930236
6 92303054
58 84538579
88 99963834
0 12524514
35 54063411
45 62134197
72 5047988
7 60981328
16 63383884
47 12428848
81 4137018
2 84059956
78 74686919
69 40970323
25 70049581
29 57906833
59 63313433
22 91678775
62 96470827
22 52014410
25 50556659
83 3662118
4 55240256
90 14922334
4 8570234
18 5295161
83 41470232
77 11990989
68 22666957
24 95914394
80 45861871
83 12618229
5 1299345
30 77485277
85 61016647
28 53337114
78 96164647
5 19694305
65 74159031
35 22545395
3 61967821
19 47952870
7 22228378
86 72111557
13 12905171
6 42644578
2 26879883
44 25491403
58 12076165
32 78465752
85 84992720
25 37182470
35 41318451
84 85078622
57 91493414
7 3239452
12 40497278
79 61931993
56 63652533
26 12653697
19 7102205
69 92873802
12 15593787
80 62161317
26 73858238
78 53279116
36 29978993
18 92524677
65 47338361
9 91807631
87 42776373
47 97325715
70 51272109
50 51032012
35 98333962
7 96515050
66 76533041
34 39418256
28 12786762
81 19796781
91 99755700
29 50528663
75 16053836
37 53548489
14 25689344
33 7256677
90 92919555
38 4255721
45 68872804
4 64149010
2 76522499
0 72642933
20 7601969
79 45182368
81 18673468
34 59550084
64 43087751
19 48163861
42 58164793
49 27566488
35 99584823
22 4836207
2 44438261
29 41728747
81 69412365
86 33034183
3 71574522
85 98990404
27 22771011
3 52081574
1 14184626
25 64906351
32 26743111
42 68930316
59 67298914
21 21278393
38 83836322
84 64420820
37 87722880
46 94102001
11 17060028
40 3070110
31 85329654
63 72843745
60 98749640
30 54577848
35 89073331
58 22722996
58 85070763
31 53240698
29 40666469
76 24286119
29 53150044
66 5293728
43 52405562
22 98008170
57 26531914
0 63132845
52 55655148
36 24994937
35 13418262
11 72371758
12 51573336
1 70824387
7 39264419
52 94046481
18 51100529
37 56950032
58 12072243
71 97639849
54 14155842
88 86459747
20 49242653
89 57582029
84 38085535
49 16851645
55 67182456
54 53995391
62 36834510
71 7916244
47 53917568
39 61062521
90 72811677
2 14301374
43 85289018
88 1878077
4 60105595
4 45165321
10 90446769
56 19278753
56 42873372
78 80036101
4 77870154
18 28811621
53 63883975
69 95836297
50 91206942
29 80368696
74 79944076
59 53935243
10 59127645
79 69710659
68 96667496
23 33614193
83 75172386
37 68162921
23 41539697
21 28101587
86 87263219
26 86630867
86 98673777
77 26497793
67 91882335
47 58932042
43 6569263
3 42092210
92 21196957
52 89962854
3 31711554
35 10011423
87 28986346
22 77446052
25 31406072
69 42452247
41 20009904
89 27365542
55 64066631
34 13597105
17 13246177
34 32808082
52 85396433
72 38028701
9 39219514
75 29490548
12 4084955
57 82847714
20 22709021
47 8630049
55 70874109
21 77817088
76 85198116
61 62084047
48 11562318
51 10246418
16 48210299
58 97140287
81 17954792
51 97749179
93 68193248
35 80621728
6 19258051
68 10382209
10 76279560
29 48598517
2 27643611
93 90554035
52 31598236
74 14622827
63 80835586
3 73001753
49 67923745
79 20201674
57 10343734
58 95569196
26 45190580
26 55847890
25 92176718
16 58932056
48 90275061
33 20642652
81 33946180
60 83276752
25 68867473
71 13737675
4 75285176
31 83781648
68 61914173
89 34120163
79 74450527
46 3311242
80 10912988
70 89122444
4 30421935
72 76578689
91 8101426
34 43648373
2 13450732
23 65141079
0 77341057
74 84537616
6 70650886
58 48351507
54 24818939
64 57339319
65 17193734
52 23943278
20 24842397
62 83712780
47 66152927
9 28477681
78 62545514
28 21334664
3 51567532
66 10830803
77 70387201
33 81534824
83 16204036
91 26119499
9 17390706
16 97841497
10 49142084
32 15207514
28 87366850
81 81765166
93 64244468
52 32806835
67 87401606
22 7818933
90 45649946
5 67877728
66 66534508
22 62107938
62 36847940
58 81310575
38 76718961
77 93855790
48 53453200
37 4878231
68 13016302
84 99372532
21 49402597
77 56567105
56 91353570
90 28289694
26 35552126
84 58073367
66 50612679
13 37341530
57 13441448
63 94215617
77 50320530
8 21054158
88 2167415
65 97110133
2 65092140
87 92444488
31 33694737
70 3815293
35 18430335
29 14568176
52 80788761
18 8585448
58 97855554
16 23894763
34 69611788
76 53973763
31 11214491
6 76222400
88 53476663
45 28565624
34 74847904
71 85579893
42 75054409
42 86107301
72 26532877
70 52499909
91 78349726
80 96272135
78 12045040
36 40018634
13 90793631
88 1589146
34 21536670
54 15390029
73 3660432
50 46098489
70 17482117
62 92083682
7 78622624
27 91053974
13 36415517
41 17509844
51 9671945
25 43486875
81 86465229
12 3373813
11 30014258
29 79266983
8 87807209
32 31596967
20 91129017
52 75008682
42 14406543
41 6180364
56 50316052
61 50701021
57 45820925
38 54013165
20 87025548
7 77209855
56 86038254
60 50749638
27 90579331
71 20119793
10 77189985
6 74886887
23 34444921
28 81962840
36 22020638
48 94396983
2 37893894
25 64100963
8 18341573
31 39207690
59 20646873
63 78857899
85 2033918
21 22737639
51 64656862
37 76032494
33 99606897
92 15198553
33 5847655
55 35419634
54 85304597
93 5237687
76 27430974
74 59429662
46 92485483
20 51139669
76 20087602
60 19817483
44 64637809
17 19767473
12 42961611
21 76174222
29 51752053
8 29136679
4 88534168
63 37984353
4 46889284
46 2069960
45 17593395
72 20092806
64 65169679
35 23211234
13 6262748
20 12411505
15 43132895
17 52711581
50 33011651
4 33695720
15 72774931
6 42363413
8 32421417
77 40180569
64 81118863
26 6147312
14 56266505
64 61307488
28 2505298
31 59209818
59 32580143
56 32184957
72 56316654
59 14323897
69 18815046
66 74092010
9 15884721
36 5415430
73 54352245
82 80133192
8 92879233
16 86699718
70 17553326
33 23098275
71 32525928
3 28826672
73 6445768
69 45851814
23 50940871
38 4607080
30 13228033
42 13862248
14 187217
15 77418892
56 69906381
63 42526923
44 96348940
19 64447705
50 29750200
77 86477244
74 74886777
90 32414904
4 81348249
36 49127673
5 43475134
53 7077742
16 37466548
33 38332273
11 45250372
50 97225932
78 78335954
90 82975073
56 74012202
6 41103513
25 40001463
66 18554883
70 47917377
58 1253490
59 34269210
34 66587451
7 56632269
59 86963863
46 99637888
80 84268934
73 93563654
84 65077718
13 26280427
43 99100854
28 47991922
41 56571383
39 72817829
85 55397977
34 78612407
47 2517185
8 59548983
48 43142314
33 95286182
66 15312773
64 7918666
2 92328682
73 86109279
32 25898280
4 57975544
20 17715039
30 70236206
18 98993555
33 1929041
68 68821947
84 63559353
50 45939418
36 45476473
41 44322293
44 71704261
13 88203077
49 11733126
57 81105247
33 42970864
47 15264815
2 84519014
28 11946579
61 7266277
60 50325608
13 17848020
25 94769471
83 43003040
55 57032061
12 82306973
52 81758520
93 13505773
3 86150514
13 55526060
9 28114009
14 79291993
43 4476038
55 76358679
76 71082579
8 32395456
74 50369330
9 45588447
9 84167201
39 38364042
49 82103704
50 47586321
40 79714954
6 38856525
30 91363698
37 38153933
92 50428567
27 15372883
26 33773285
3 76359926
63 80389222
77 83813109
84 58998859
75 28413706
17 23025748
22 36881676
3 92481468
6 21508029
54 50592796
20 90578242
58 12296196
81 66466905
66 98694454
56 70145720
55 26087703
33 42356309
2 55261030
93 42268182
61 8087326
70 62458654
52 89975990
8 88758879
4 88841032
32 7170233
53 28180518
7 86423026
41 31513355
6 3201478
35 87246071
38 67708254
53 72369198
72 24843404
46 88750333
31 46922821
10 90309827
49 32983438
33 13754510
50 62743276
31 89558281
53 47062074
40 20178336
34 58215514
81 38891383
53 34415854
60 87280544
44 91987581
53 64705023
58 92312674
25 36458924
45 7842071
29 1133323
30 59570921
17 67600530
57 22516080
69 97260410
64 74897611
77 55579607
81 74163142
28 99562822
18 25641150
21 15735808
65 99009460
42 39492421
13 38928891
77 83073982
61 7752800
17 40112824
33 4127843
10 94670622
14 17388518
39 1254783
52 61886131
41 77915607
45 56338085
37 49660974
90 16838148
16 52124319
66 98353966
49 59686095
85 72600789
1 36570172
29 84516438
8 193663
11 89429056
16 20320910
29 39311670
37 99103704
11 30926435
79 42279778
80 7014092
78 21760108
13 9853887
71 92216201
86 70533871
90 98007062
43 52211429
87 76004602
43 16292936
66 77888501
19 76095254
12 12539566
70 72301456
88 74153781
60 93695285
2 43008765
53 13407016
55 77077970
39 38653301
78 83985108
43 26229171
40 4838185
31 21602110
90 67684820
61 14590108
60 96133390
76 96299085
87 11124991
80 25348931
66 71828433
86 54228684
51 72269946
13 79606072
45 43412956
29 71158440
16 32479249
88 14422940
90 80860916
48 23192925
31 78952800
80 94119058
29 80984748
55 88791850
21 11535036
36 29904863
46 85701350
20 50717020
32 4285601
67 7319213
18 6131521
65 80129326
6 80897970
22 28444557
17 35610020
20 62820975
19 94453220
30 94681714
69 99874528
28 72580411
59 50130698
42 47289386
77 91651527
40 93803345
28 85878555
51 1184741
42 37149268
12 30620848
13 80899038
77 32322477
64 68251944
37 36104583
36 4599837
21 43175837
85 14259863
33 68400281
72 70757876
87 52738962
3 71245131
28 63379235
72 5213921
36 49133763
33 98394396
53 60410428
41 96369073
35 835198
91 40392709
26 79842534
4 67726079
44 1983263
29 91290973
3 98892856
44 43622269
20 29490956
55 3206829
10 24507438
60 62466871
38 50783940
27 58428517
4 45187407
59 8959978
12 71934960
2 82962386
90 99377938
44 79828570
79 85190760
8 76777451
38 38201096
10 40748138
5 40299824
64 18111299
57 4892070
88 90964816
82 46472143
24 71903083
48 56707276
16 90198507
71 35248454
30 85452435
77 76365711
92 88503946
79 41433253
77 50672792
85 90713821
13 52359106
85 87892250
38 48337260
66 3564928
7 976683
38 88695410
5 94212973
72 58775532
52 79077627
66 10088726
75 81166731
21 87360124
45 53043613
38 39984779
56 13460430
74 170041
25 66744950
12 41322646
72 33362964
81 54384286
65 47440998
69 12252117
44 93515088
23 78581804
56 17567988
43 42155482
72 27641319
69 73438101
72 10825335
35 36917691
68 49154184
62 95138006
14 77666375
21 30981344
85 33864578
30 2918042
60 85994384
58 75475900
12 91230514
64 57134891
35 95244586
63 12565926
79 81322331
88 56087190
9 51943259
49 21466136
72 35125317
9 16996578
24 5581146
10 81370088
91 90892609
29 73267653
31 51974643
25 8912817
33 7833961
69 4520011
9 17854434
14 78480804
35 55606316
35 96357136
64 32605580
80 61163371
35 39460118
60 85555295
51 83686927
33 89519693
2 3729866
63 51466530
82 16563603
8 98909666
84 78943409
21 79992463
73 73031967
72 48490961
70 45557614
43 41220563
30 20220426
15 50926797
50 38092939
83 9754513
36 55923827
14 48875756
42 67094256
3 67874555
4 65754338
9 13088127
46 22730252
45 41495591
66 4070210
24 29433207
63 39867354
41 32823723
28 78070409
91 72284678
89 25265316
18 90459568
60 33829750
2 45875542
15 44710314
91 89614570
43 85567023
39 55162400
63 95783288
74 9092199
66 91677248
36 54514026
4 14211881
35 91632383
65 76120974
43 60961992
70 98472605
51 87608139
25 43273236
2 38259065
59 52266482
18 50964555
32 30576333
31 98647133
6 7817651
89 31245823
41 51297443
40 31039502
41 30646655
36 57791615
39 91621651
32 13186625
72 22691519
9 27429315
68 91827501
1 6464658
63 46078368
1 81927489
35 16072521
55 60563378
1 93346659
72 23385072
14 82601754
46 10153427
26 82129164
1 25048744
93 91731354
39 16361423
74 44062837
6 32903981
45 61995470
40 32500673
79 49314204
68 89761243
31 35490
87 94309603
37 94650174
7 90542604
17 77151954
14 95533043
67 73673777
67 85548285
6 63849860
69 32344357
20 98216798
86 48835739
40 9649681
11 20802459
32 48280927
71 29383315
66 13404676
54 46731271
89 93903946
88 42855835
46 37969906
13 35369722
75 64003369
17 29565167
52 75344067
25 88282278
25 79674214
1 33773133
8 70970782
23 804132
50 70171999
89 72600831
24 58913070
84 96664229
43 9122329
57 28905620
18 30425295
67 63768622
57 37709701
38 74798246
35 7759665
19 39130985
39 5231246
58 81790478
59 32512415
46 486442
15 70331115
89 91293793
23 97452079
84 34577554
90 79994440
19 58699347
23 32791221
92 57364752
9 68318111
54 88587395
58 276228
36 21060712
52 5655203
9 34225855
15 42994857
84 45884737
3 65348626
27 95086510
24 30169258
24 74407817
64 98179942
87 73099785
62 8091485
32 6504790
55 67660241
73 5003725
93 75326917
75 25960295
68 33948331
27 71666092
45 52447503
71 90269161
55 7245712
32 85629538
47 20052439
32 95020
58 45660871
63 6752601
43 61208400
55 30161953
20 60865928
76 49321462
33 66262819
29 69691319
5 40500612
23 77154340
5 63940944
57 10744245
57 10328229
72 61117979
36 8927491
80 53645754
88 91956862
78 60857071
77 26172099
26 34550255
31 31217407
75 28263578
23 11669826
4 2724082
24 91828660
10 97634906
55 52334627
48 79472613
47 9785638
55 45559877
89 59352649
41 78334196
91 64636691
79 4474773
90 35242996
36 30363171
45 75413097
23 68973335
53 9097998
28 91769714
82 4092191
38 9212614
64 2816475
87 24122379
46 34308525
58 36347947
91 73920591
57 44970685
30 6389762
27 81882426
79 40986838
11 60609515
12 23388698
56 55999210
20 53796619
74 85929706
80 42206248
77 19348332
11 36343900
25 62657541
52 18185671
57 64313599
88 18720335
27 35696250
20 11246094
8 19259208
49 82340625
19 21149219
12 14484277
58 90732371
91 77433706
41 31202410
57 24320749
86 69695382
53 46537806
16 31317075
33 36391115
18 61862445
25 9947663
10 85254252
6 67653723
34 25943042
90 89414888
75 60756375
34 24240692
66 77212766
10 80667175
92 26347057
90 63998623
26 18168926
34 80911715
87 80292612
21 50149381
26 77446985
57 92230104
75 33807154
13 19731050
10 14910879
68 59358811
69 18077807
57 79672352
23 90306605
81 8738454
67 70360155
12 65212455
58 35789859
67 43047788
45 68459705
21 10753880
92 5810565
66 13640632
6 67900515
88 51884269
72 47550324
34 58478648
28 99875287
20 65951409
91 3523231
73 59351907
16 99943293
22 14928821
89 23204885
16 56848328
16 3690130
69 42603985
48 75618897
20 1634767
78 42132652
29 78847159
9 69794820
35 7827461
18 80509512
89 12368352
89 985086
65 10432482
17 1317326
71 41694235
83 83337912
78 21219505
31 71177476
47 49045090
53 72584461
91 95348489
14 56715246
52 4400090
47 16554160
20 96180174
76 38522774
40 33612767
42 37817841
41 45468943
30 21922905
4 16173730
12 90738446
78 97321564
0 53733079
80 61228647
56 97046512
24 41034653
36 83289137
79 80271824
2 62694999
81 1939673
46 42549580
14 98274689
90 84630394
80 19502589
6 35939515
5 16846822
4 78102260
19 41110235
72 13051393
85 10669231
40 63948722
89 16376015
23 2171332
92 52113860
11 78132542
62 23633161
65 94638678
78 1049544
64 18167835
20 43371428
80 61261158
20 85818015
40 26902989
74 23715109
2 86816188
11 2568639
38 91120928
77 50519122
13 20625197
45 63191297
18 61719220
14 71956214
22 61248661
77 93176027
21 46074244
88 38556551
55 49282058
77 99215172
11 56335521
46 21172133
54 62347325
14 46432973
21 47718130
85 99276867
4 4617782
85 19617419
9 54325326
38 27727605
56 17095743
50 23189
50 9967440
18 75538094
85 20503363
65 87950897
84 2716252
68 25023299
32 37896506
42 18531832
79 20924719
20 6474315
28 85309567
37 96912209
42 17665367
1 60241585
54 3092503
15 50447451
53 56393571
74 24825793
86 53255164
5 6252171
88 26932424
26 21034995
61 55248094
38 2959918
59 9891878
87 6748020
1 88042320
57 87352690
64 85849099
6 92985150
93 60375402
87 54517897
38 74450851
55 46182260
45 97153084
38 36193784
91 36226254
24 41430790
90 1828310
62 72679866
52 6341294
76 59437985
70 40637171
55 52607653
82 46901304
90 67944225
67 46574461
92 29078384
84 6838517
42 1247680
4 32727779
7 80593462
77 99702948
86 65461086
26 71447665
61 13251447
68 75117895
90 77205277
41 24512812
16 94757689
3 80438439
68 36239879
29 90196742
81 554565
79 45611611
80 53543213
68 91760061
85 99809776
52 61193633
56 45510620
91 8444518
21 15462962
93 36484203
16 51833832
1 74997522
27 37443836
3 14326140
6 34965214
27 91518330
9 1558142
75 89838376
27 15469332
16 94270735
6 25577799
55 85582674
78 40622019
19 82366838
49 35138662
50 53785924
17 84880761
56 86080367
14 36735760
4 96008313
24 57445742
66 7220753
69 77172937
81 19137944
3 31173919
6 12954081
3 21389400
31 80356489
45 50113004
46 23129104
0 86607072
24 24740512
11 58214827
20 46328784
71 63743739
4 66651562
82 34896445
87 32709718
24 23447797
18 57228004
10 17772694
90 16406138
17 73751545
53 53689865
77 64518658
89 61632567
33 6250349
53 27646269
31 49710311
54 59415765
29 21344854
62 87159884
61 4972347
7 20827035
61 76749969
71 88074565
76 53269829
17 33684757
0 6276035
88 55918628
76 16709943
45 79469481
60 56440627
44 92458174
35 86123507
31 24637693
63 82973970
82 68742365
80 36699884
74 21399167
72 72657144
51 7972517
51 18987140
54 57981052
45 34064601
19 1090574
89 83967229
26 31283894
26 40192157
78 51591499
76 28132359
57 38816729
41 40543121
60 4085351
92 2161199
7 43209212
23 87474603
31 58294373
59 50388060
16 84241271
91 82691458
21 40259911
31 18408252
73 64615600
51 47802225
50 89948777
5 44952643
62 39557265
85 88840954
5 67771474
0 21643487
86 23369553
30 19711472
82 68096186
93 97939351
58 59584898
39 42702007
41 4838553
85 23904966
85 72227021
36 38177604
33 158127
13 90941305
19 73658716
82 88390714
45 28333469
90 57443581
65 71668644
46 33366948
47 52287289
58 97134991
68 69486165
49 64233349
58 947258
89 43778872
15 12361859
49 87866429
5 17603076
8 57268084
92 16139050
7 37724687
12 55692999
39 48691893
81 77356025
88 72159177
37 70914197
4 46548206
14 61647519
79 67241433
52 3952576
53 40801760
12 98009487
5 33867126
2 12508629
93 11907060
63 36794008
70 25636551
88 97316367
16 77397707
33 61419990
43 56832058
21 71367406
39 25250901
85 19194525
65 48126055
31 8545345
68 91977888
85 22628709
18 27200099
19 16980225
20 63785018
77 88738906
21 3810298
63 68782717
53 13244017
74 30764890
30 15053246
34 78489045
62 40179926
27 90345539
26 73347023
15 82266500
60 10478420
5 91169926
26 40032548
28 29302031
39 66957090
68 98271839
15 9128915
30 4491745
92 49773616
29 49998064
63 42421636
30 62680067
46 31203383
22 23423895
74 4432842
4 69875318
70 10585606
50 57622485
60 74228100
74 59468425
22 62514510
25 16985282
44 29827525
38 99049061
24 9250016
2 49460709
88 82566939
51 86789567
22 17682734
44 70837081
69 68420210
0 42059542
57 6790348
74 34656675
62 39122896
56 79752695
61 56898068
28 25797183
68 70731357
79 71359440
65 31442426
18 84169378
47 37993629
31 80296041
32 86205111
30 30308291
29 96878226
80 86147490
81 24566212
42 42236078
73 67445617
66 17842866
43 71243103
10 16101984
24 26035350
68 74472186
36 60797925
12 24003494
45 34633213
84 6984269
50 60465362
86 27979998
77 62176745
55 66044866
90 87448006
72 55464770
60 82786070
69 84270014
2 21980390
12 96003633
33 40349774
47 58009868
31 34150087
58 99939253
34 91345602
60 42137977
27 96732434
53 61670904
14 36761816
59 50684840
44 88513067
39 84136151
13 31973599
73 77844662
25 73810867
67 54486081
3 49356819
34 67824692
79 99542016
43 4806559
32 27203819
61 47731287
46 69578863
28 35361784
34 42150666
3 35583207
56 44712587
48 6995574
82 45674579
42 83156527
70 63721236
73 38678791
35 7687613
66 49101313
90 26783780
91 3149953
50 5885112
20 30440204
10 65316136
89 86837360
67 4364964
13 90646888
67 99688981
56 78280089
46 87515403
1 69881710
71 56628280
54 69347398
46 67580336
84 24061876
67 24872936
3 53384419
3 83125773
78 11254729
3 2142963
41 55908713
3 25545360
57 60618183
48 49230768
58 75630605
75 5367593
49 93015515
66 6589168
90 78828119
61 33327978
18 73566324
93 82618176
84 93991667
44 63291718
67 66702212
73 8371189
49 24458960
69 74199230
79 11667242
83 29008120
77 65208875
34 85326514
48 1404290
0 73103656
76 71117890
56 83122405
28 69665253
48 76667661
15 36517236
44 21419669
4 57910412
29 78346725
57 16223760
24 19962868
12 28492306
43 20221554
10 88379405
54 4441924
68 2496455
35 70016106
47 89009919
10 75847616
11 76428149
77 22332092
15 44991009
67 68681185
8 78575324
32 37787146
85 52090218
66 27722790
2 11753707
25 26800058
52 58525117
4 42433161
65 13820266
9 39668621
89 23136834
52 14021709
10 20547867
18 65026721
89 85138267
3 73473001
72 85768521
1 11029027
50 74042867
92 23473968
16 86696162
91 90962391
34 86548712
26 58759203
25 50877523
50 8231868
13 18976766
79 26095694
1 11123731
33 10096213
47 82379378
52 12491942
4 47345715
20 11039343
53 14789140
64 12217860
68 89820041
69 51739286
21 41608508
40 34286788
22 13959018
25 71533094
82 69804937
43 72460418
40 93783907
38 82223372
44 18642199
44 49343890
75 23268988
60 92409200
40 52445601
62 92059783
25 12840016
49 23667100
92 6813910
51 51967261
43 5505248
13 53708714
18 26161847
46 61271558
38 61242116
9 53658096
38 43242949
89 50904933
75 68417924
13 4570066
87 457546
36 68161871
45 92945270
22 72778791
38 54815563
89 20532109
55 53279111
44 40663701
91 52926308
64 56935769
39 50462894
77 51601796
85 66112204
30 60217780
34 45820863
89 60426357
24 13934047
3 12092323
75 25449904
71 6638498
31 14649871
33 45618983
8 6444135
25 52402645
32 45766999
93 78571571
1 19932280
56 89935736
81 85196449
86 25607316
61 67457715
7 77295721
70 67138253
19 93303784
88 79291863
29 25369977
90 32145594
45 14387070
3 14820700
61 50476524
91 76128130
40 56817593
69 64254167
44 87137598
46 1939550
10 80467928
49 51294939
56 55821733
79 4700749
35 63537702
31 54100504
6 77934348
58 64929343
83 77352179
53 59111133
29 92854094
43 61909502
7 36332377
3 1457721
7 28130637
45 36214889
20 77827241
60 71394918
52 58459373
17 87807196
52 12604633
83 15937458
7 33186502
67 35376751
40 65649548
72 90883736
34 34759852
71 13208034
67 31473260
77 47078557
82 23095730
24 73235167
29 75835979
86 92121002
88 73242105
32 61325131
83 26868602
36 28902071
26 10645742
18 70593785
87 11283059
1 39831636
18 19303464
28 69651492
11 72738129
24 62896973
40 52539848
9 54305888
90 33278578
41 15187531
62 78871441
63 97400126
53 6291603
5 18311500
41 43097372
37 98265339
19 55415511
89 52939694
68 43652998
81 78012051
86 91837588
12 17257691
17 82073869
61 25269615
74 17990470
31 26905834
40 22002512
77 7634658
32 3124510
64 50264164
11 19884148
15 5635017
71 39142830
26 2534986
17 86198601
57 51703308
77 26488765
68 27446329
22 93040931
67 76431433
2 50722146
2 12926016
30 80159580
26 53535125
67 51539537
43 34538676
29 4845144
67 99239696
52 3781108
52 79300155
91 87354423
78 20532251
17 4997167
34 22405823
46 5727229
68 61585851
37 7207228
49 81690386
82 105245
36 75683603
4 91541153
24 75584819
27 2912325
66 45406977
74 81631901
54 49189496
65 60743300
79 82829513
24 75249384
54 16294917
52 61621648
77 89942342
56 57425339
88 8712038
65 59374592
58 61691719
68 47134273
35 52334748
37 64617406
81 61772737
83 74965209
21 67751984
39 85716684
1 6481680
77 60849537
65 94459035
15 53173717
82 43816414
38 8550457
74 20645993
66 36924094
11 71357148
78 72130602
0 86621318
11 73949973
90 88030020
82 64388992
81 89656396
76 58879853
22 63588098
69 23947378
53 47233279
0 47481214
19 40236504
9 96094498
74 76473073
89 95736561
73 69593312
22 24038469
78 9647876
88 9641390
86 51936329
25 5976252
35 76652411
19 42763505
93 89618199
8 55836698
36 96348331
79 80417524
5 11865936
13 2500036
1 62046967
29 88685583
40 23652816
80 92887614
44 63228847
32 83494940
14 29075738
68 61790605
90 6843649
64 51001363
40 76297698
33 85829679
39 10155974
90 66779920
38 42759226
56 62877272
71 72549257
71 88962825
1 69319611
68 82019118
22 36895795
40 52746338
21 60017955
44 24216036
85 76640110
92 15839805
46 34571813
40 30616541
75 67916687
62 71782402
72 19192769
16 67998460
67 91255233
93 40460451
9 91328077
46 45639655
58 93026332
27 46711758
84 17955641
55 19905891
44 51177898
13 52566263
84 42447884
14 35510203
48 33095617
42 26073190
58 46984984
8 96546764
36 56065639
6 3847767
58 12003137
35 28133941
29 52906120
34 10590108
66 50806198
28 70490217
49 71274400
39 92766511
53 58755637
63 76603209
87 88085673
59 96655993
28 49264401
14 78343579
32 82726326
41 5240109
32 36711473
45 4791637
71 65768805
39 18028411
33 50910449
60 23591803
41 64091462
79 88423487
16 97151382
33 67214706
86 20219447
18 25340416
92 9589810
42 79846592
79 90908046
79 44594655
24 23493455
11 22269817
68 69800742
45 58353616
50 33849561
89 95412393
68 50820087
49 73304475
55 1378928
51 38241228
38 9422585
25 96114927
34 19781992
25 16361235
15 13564573
63 90825910
67 62858535
67 31352994
56 58426660
49 5886821
56 76684734
61 42733597
78 37651447
73 80508994
30 14106309
45 13145103
58 82331867
37 95057642
2 85221550
44 65320250
31 24891121
14 40876857
45 74274592
72 25441638
7 14452813
72 30010178
31 85144025
52 23675073
56 93814551
12 14342200
47 75450642
87 31449755
86 89263685
36 12412721
77 42958980
63 30820416
51 38911836
45 8116109
65 48959828
35 50920385
77 17402558
26 59582893
53 6190690
13 30374760
68 87442035
59 60442454
15 24720615
59 73191539
42 23432311
27 46018593
39 20886287
66 86757744
6 1052634
92 25500905
66 80947953
34 65941455
47 62384558
48 5929800
70 8782316
47 73613194
88 33537873
24 64149732
91 30980561
69 77275493
16 80494587
23 25836868
51 52649447
77 13695351
38 59984819
18 3714543
41 20650250
18 44315988
44 47696700
26 4126409
61 39066701
24 10252423
43 64311603
22 35895766
64 16776131
38 54737741
26 41498050
0 51167945
82 93169223
66 47849579
85 56575904
21 46603166
69 26252826
52 12777315
38 46197647
66 35461246
15 99676031
86 62901626
45 25148528
31 64312503
12 17001357
53 44228082
63 52141206
47 5163257
89 65292028
36 50980823
62 9609664
44 51610439
29 93535849
82 67361072
38 38840535
31 30030549
51 53568691
17 60053257
90 44245920
69 25674583
51 48448709
5 72263037
40 70331396
30 45900345
30 82955483
47 10007709
56 99497862
61 85976693
51 31038607
43 37799912
37 8676435
74 65944766
55 65795340
49 93478698
5 2880136
87 23804890
37 94088650
34 51918760
77 26010574
45 43471
64 99732978
38 6563909
22 24185680
2 97297256
82 98394720
1 30136135
51 7960333
45 21832634
6 22078924
90 36313286
77 92013669
25 81320609
40 61218808
30 50522365
56 36091179
63 1228144
33 13133368
11 40087702
40 5365359
87 97576041
58 77514830
79 63347587
29 76309429
53 11747188
57 58040609
4 28380118
91 60695004
18 36156597
20 47972801
19 61659547
15 42277503
9 24920842
22 75712448
35 97762624
59 59942558
22 84837887
76 23050841
90 75448903
64 38398399
72 50264976
58 40289271
51 46493286
37 93378525
51 27930791
8 74361549
40 30448012
16 57510733
71 24566276
28 25410103
59 14300989
68 70183918
69 75326402
21 52357054
87 97627734
48 95520453
70 39710813
73 31570508
93 89310351
55 73886686
5 18816712
78 11864185
87 17403640
54 57149931
66 55114452
9 69331520
34 72945399
45 73587021
85 85266550
76 56596163
16 21732232
75 83303346
42 40442693
46 52679848
2 92339239
76 52026891
3 79847474
80 65453380
87 33265996
86 44253734
54 10196049
23 10312242
63 53100693
31 36445954
93 14876043
65 73777879
43 97675086
61 3084025
7 24471431
16 20387175
73 87363112
44 85515678
17 36305144
4 16978052
2 26088722
28 62984292
50 79849744
9 71942573
77 62228502
7 76350384
53 53946997
51 18745524
51 59725840
71 89739862
57 30109775
27 6040646
18 35057456
44 84683473
33 95041735
4 93450092
71 20442367
49 57415230
41 82247271
5 38275253
31 90262682
59 74096670
69 17270253
71 864466
60 67188096
17 66226069
69 53247718
18 14770758
47 68855743
81 12184127
43 58664812
5 85027937
49 14584956
32 84431995
72 76833674
46 46340705
34 37332885
52 16338740
54 18312275
35 36631936
79 60323887
29 35314595
55 80157424
5 54393131
42 7088641
73 65426998
35 24727830
90 49893337
66 97930806
12 93694070
24 9548932
11 46893541
3 65504856
93 6517660
0 85468191
62 21833854
71 98523953
23 64396387
71 12266507
0 32727248
73 90399481
89 90141305
58 1125534
31 11989154
72 26876326
32 78853525
34 98234352
18 35823428
40 46528403
79 72691
10 90523388
9 82821377
71 84087699
46 72761422
86 71039988
25 20742058
52 56159269
38 81599485
39 3434358
5 61373849
44 51788215
72 19252295
39 23523497
74 13761776
40 2449515
77 7081199
39 88257366
89 87052948
24 42153046
90 21215624
46 17819393
40 79665207
0 5357398
73 83779818
79 7369683
15 91618794
5 90413746
67 61696819
83 70979517
56 36505495
39 41809415
37 71434640
32 86005624
52 54928199
59 70818311
58 93868056
53 23134209
68 67649070
41 39830660
25 37283365
83 1615260
82 11390946
33 44805952
65 10998953
35 48546361
78 94247206
0 96123848
16 72938910
13 29202138
47 62804494
6 9043636
41 93690857
68 35238517
19 60669453
88 65285169
41 74785873
85 31887681
4 63962140
17 59264585
74 97511807
29 27498246
84 3199426
64 62473563
88 58267918
32 9038149
13 44212503
11 30261314
30 50259631
2 99243289
26 93085361
0 13914607
6 36461591
55 6564406
69 27528626
12 27901177
15 31188993
65 21832151
71 31537870
64 63043108
45 75981417
64 15910905
93 42679395
46 10613633
86 16704755
79 56384462
71 79418084
44 30177703
29 21134062
20 68819759
36 7603804
11 78735826
6 57153064
84 73181217
45 37390045
74 83529426
83 13338286
13 38598086
52 98128903
44 48956707
40 16617698
21 77140127
41 80672943
27 16948163
2 96576292
33 8018750
38 87521563
23 42972894
53 92355258
53 38398265
93 57411140
27 48149469
10 26400727
4 26767108
32 93508332
64 44395992
10 38614042
21 11194517
82 81370303
79 26126695
55 66426955
56 34643044
21 73416373
70 56172201
50 98802754
11 549639
89 21530861
64 79479674
10 92995721
25 24977570
75 39519654
72 49146435
39 43426035
0 49937034
33 40999985
70 55259285
82 15241878
45 18924514
69 72550973
15 59462587
51 22183533
7 32600326
90 13744040
9 96678687
30 75875839
7 45760166
81 43546173
54 46045542
38 7763906
38 16801250
23 77079009
23 61223536
73 66995569
46 33495490
90 55244766
6 15932974
88 5486657
51 26175399
16 13129653
50 25970458
52 97026696
83 56917337
69 19153577
24 85094133
55 51461807
42 80714080
76 26472271
90 73378055
66 74602019
36 85530735
11 52347976
67 12307790
81 2513361
48 29581682
16 13853627
8 9681210
88 79799116
39 56485897
67 74594131
35 83419233
83 95991766
39 7113107
33 58587282
79 68448230
11 39881061
93 15552439
89 7959026
11 2580022
48 18859770
38 31148106
90 40230196
90 48626426
1 12460568
80 24014709
57 99208706
55 65626991
82 76599960
44 70180862
62 58263965
52 73409248
77 45124409
53 42890415
75 21854621
39 68588527
57 30148493
25 78460493
81 45598653
70 42924353
83 84715595
83 97630274
35 31922062
24 84157478
45 41030067
3 96225617
31 45483785
45 2471763
39 63629256
45 96207982
27 95865320
76 31230973
0 17049494
2 1425207
55 36778386
71 20707370
86 16321328
48 57934634
37 34111261
8 9281764
5 48946806
53 79468065
93 80174950
77 37555138
35 84851064
84 34320788
45 98559630
11 11762902
32 27759580
60 30773625
85 10054023
21 91064651
55 22334991
36 27135093
5 96124102
12 89136636
14 46956943
73 44534204
70 55577235
77 28485156
43 68368815
32 73661035
24 33390410
66 87570275
56 51128400
75 30720660
1 22341247
82 40074126
3 23300949
81 58671546
26 61175132
71 69528664
66 21445588
11 40296673
65 96152210
80 22483826
46 36620478
35 83965824
87 86601504
32 36193583
66 42396351
28 51428679
67 93732259
82 61930188
92 16261080
62 41490964
70 20926268
91 90600992
23 25082496
16 24427384
55 4712198
35 90788436
72 95572425
77 68892622
9 51323063
20 72420185
80 77033153
33 10973364
22 20384373
13 92831325
91 98537990
71 19114369
47 97858269
41 66868820
34 45645730
91 49208176
44 38207415
2 96723310
60 19783577
20 68470121
52 23218489
9 17342407
47 17255522
75 76049760
63 6252028
22 79318052
2 55719727
86 29286981
93 13180487
26 29035114
76 87452006
29 61700499
81 23272606
49 11955614
69 29072445
48 66679176
43 73832394
24 10091633
57 69886410
92 81244164
26 7538831
46 33444809
20 64027342
78 21869258
30 11403944
80 36034048
59 81664014
39 77031723
31 13707412
51 509156
22 74445777
87 52619847
21 56242619
88 39366087
49 1369226
37 54783820
65 86205172
10 29715671
80 55993124
64 27440344
30 2489302
55 18769370
49 18757995
25 94122642
46 89821135
20 80277968
14 14336483
66 12545083
56 48125649
71 1740836
37 77554126
20 63435637
30 2302342
52 66508164
51 44736238
59 78208886
30 14971957
35 36411562
46 97812054
93 18711712
43 77682354
25 4416453
58 84403849
76 20146996
42 73905410
58 87057077
0 83445193
20 67735186
41 48676727
5 96559354
53 33224564
11 45671210
16 24262849
53 34442826
39 17649680
45 62224444
29 4660572
29 92383576
26 36118785
66 26626623
90 39451109
80 66516436
67 69209119
80 61160190
37 73527678
38 16331515
82 37520490
63 59981467
54 1634554
51 88890947
7 95185
65 19648974
4 22788993
56 98852882
37 82112179
32 73964678
85 96712261
82 96975942
51 79765442
4 88839930
86 73404734
42 65078066
49 24723228
36 25224915
60 72000179
86 98158369
21 70263958
37 81883825
83 87388950
15 56993433
54 11248916
86 43580769
91 76471931
61 78915262
75 3725548
0 62046845
65 25442991
73 88055506
80 4700796
14 29040353
61 84945340
72 53829044
64 2555122
66 53294953
15 21482281
38 11961553
86 93762851
46 45725080
62 96099034
90 78988507
36 92395535
42 29471217
65 20676615
79 73037449
89 88356201
56 7111091
32 81792878
70 81027192
76 49169358
13 26808425
82 97126885
92 8415541
39 94312301
91 66157222
15 78780964
51 95268621
16 38697433
16 94047730
73 99815618
23 84751459
53 21679334
56 66506065
72 5319039
45 40336565
34 86888108
51 30172740
68 58431320
29 79937433
