5000 100 10 93883664
22781 79760251
30459 71477073
30493 98812116
27071 81770136
11862 38144130
15451 83835475
1868 54975955
2703 26140350
13015 87861771
19110 18616132
12285 9666131
28003 15186614
2697 63476337
14083 36297077
29206 23964748
8593 9208393
10379 18681640
656 61975108
25185 77958622
23285 30778130
29485 48554581
29219 69455410
26320 78907391
29125 33653906
30789 72549761
16594 76586107
11188 16979178
3427 67262751
10938 49534833
20510 89913528
16580 38773273
7553 29740933
15898 32323741
15573 79981373
3615 87977639
25872 31417820
2982 30405812
22164 97611813
2434 96468990
26348 28598719
24912 36052111
1685 56267348
12928 49473900
30050 38519508
22622 84638984
11753 77541020
5051 80071310
13903 33383522
27516 4030699
19742 75193767
16077 76640751
11974 86089615
16126 7484818
6072 68876120
847 67483500
31847 78005264
751 55176017
31956 14115956
28676 15351769
7641 8691356
5632 33584853
5921 75919363
28733 98547033
31633 26051215
29366 27700485
25155 99618775
12410 60372921
22213 16420505
19009 21926171
27161 76844252
18416 35287816
15711 97977987
7961 46671185
12910 146455
2739 64729408
3357 67046412
29979 102891
19055 64486776
19135 57301364
20414 53744010
7515 96815677
19333 94375791
8086 91587528
28527 30079042
27542 48609273
17047 55439722
30117 66805515
22836 79393626
15782 18028005
105 28016007
4041 40894245
16925 86104378
2772 90544546
30506 44679766
24442 46161850
28119 37880464
31845 56819265
9593 5198830
14387 95568903
4800 66953196
19197 47233871
23244 33107969
12316 80843332
22749 80032439
19602 97074382
26683 86661454
6380 8143569
5405 83998468
4976 28389691
21093 99050377
12220 79618362
19086 22561772
22053 21703449
31739 89877125
2156 20587532
3757 18999585
16097 31739593
6023 34377142
10857 69641855
4253 63970615
31691 27490731
11812 9717568
32255 75914254
4935 86838767
870 74910623
14392 83888190
628 27852690
14866 95999318
29835 91759621
6863 71861197
8532 95223117
11054 80168557
17687 95484689
23138 92061988
15947 33987984
26681 84359133
16038 59181024
11098 49629367
25806 40309091
944 96948279
32093 27389982
29799 22265052
6524 92319136
3145 9831517
26626 9173518
16093 96425911
10662 25069848
29884 31359346
24290 96172871
24571 90713786
5802 84486641
13263 44155922
27519 21665974
17875 36312000
20459 35286127
15357 29711131
24188 14096749
695 22951486
15209 27789610
14814 43010994
3881 66992069
24736 41359764
15766 21064077
602 17649160
708 1173148
15649 52430507
24167 35952218
18382 81843806
10984 95404422
30399 24625961
12787 3932438
9385 45883011
6333 63862333
15429 29477776
3952 1617501
11120 28615072
18862 64442028
12409 65704192
5896 47726650
10040 60292110
18249 91716299
3147 87075939
2343 61825399
9523 42835766
5529 39591904
2482 40436723
1100 79347876
3033 14069881
2011 7670583
19008 87378505
28771 68552779
26183 82930359
13727 91001117
17617 76049969
31669 31987904
16261 40143917
1088 49064696
17723 56405424
21002 48655953
6791 20636269
14912 71735622
2558 36804903
23558 47392726
3509 46810060
26473 99455145
11597 69384098
389 7731198
18297 53519084
1761 949008
1418 89976434
11313 18427484
8737 9157467
27120 62372911
28218 30898628
1449 22353138
42 4309426
24347 65124241
12437 97688611
10611 97021818
21217 72612981
28497 36236292
7748 17001240
28305 94311536
712 95216157
19669 5122082
11239 80713809
9842 20345646
23447 43558100
16532 12983224
505 98780125
12063 78507978
14407 81941475
5566 49236585
9705 61181891
10470 29161461
10971 47768070
21447 28308303
15595 61881595
2474 40322340
27560 22913087
18438 94806695
10835 74026693
6517 98530877
3017 2903602
11336 44557874
31064 51883168
16456 9805983
27488 71730775
30026 65971082
28232 57817323
25826 19223890
27205 65563001
5665 75387409
22413 75184736
26786 84542349
20315 66186875
14161 54241072
11279 52050442
13175 10314714
1438 69318755
7851 61670477
5620 82971144
25716 7542919
26394 83035381
28012 92647290
21627 73679250
19217 3987154
26499 64436078
26989 19203200
13086 47600664
1920 90234991
14419 88127299
12293 6517461
16823 49764365
30028 52680842
7689 24221116
20860 92801395
9929 90860484
4129 66926884
5353 78891021
26305 19781273
1400 23961708
1200 44328874
8179 3142991
2200 33051305
29706 72310329
12376 69563900
265 67762360
27535 5648073
7848 45429888
5446 41642549
20830 25196587
8911 81875969
8239 39820963
2438 42469288
15278 60893380
20636 23798607
12040 38535342
2287 78285579
7736 36692261
9162 97454693
30961 87139533
6957 21956570
3917 95616306
18411 77461322
17443 90966263
29721 15729903
17842 58580519
26743 37252626
31737 98925078
9770 69629819
5667 47005181
21403 2222603
9954 66588613
27958 32251560
18210 44361418
2875 64799816
6400 49241199
18172 38919196
14420 71910085
2147 90936405
28118 88000741
17879 84071904
18242 56788533
9817 97499096
21545 53562797
12414 20564773
7704 13073694
24983 38624853
5250 55811910
5445 87975885
5481 53099020
20373 36706984
20571 44564791
2263 52230429
516 97039403
24565 31867578
16342 2349495
12370 36654110
12454 89780364
32306 19884343
31806 6314825
18922 96427492
26280 68269197
27265 4083531
22235 5928760
12700 81803492
11127 97351470
9694 13884351
9393 99169362
2045 63423843
18785 61797967
18608 86281614
26764 16263607
17453 80834546
907 62121634
30928 1903485
9900 46200710
19967 92857684
19143 33383324
25420 96100070
27685 41516984
6869 50856216
18935 48930392
28220 38333773
8584 35888052
28270 49341223
4618 49565389
10238 19382538
25599 11074914
8375 24389319
2839 53452326
16930 94149361
4573 77140135
6629 19155647
31872 88980964
2869 2351895
27879 98191985
13789 74399108
6365 75497734
531 254835
29984 67006849
28 14104511
23421 37735248
3759 39950290
27989 33704134
915 27039416
9147 43148766
23631 91842201
12453 13228526
27468 83328712
10051 31286271
29270 37740143
30107 96437774
165 29116985
10456 29904836
31485 35837648
9561 84000582
22785 71032979
21843 35945560
7391 75578698
28710 75322879
28403 61838860
16183 28839595
9287 91276899
30037 17195262
30671 96793963
14835 65318923
25761 82992493
28388 99189710
29157 86208558
6686 46514002
27027 78522584
17544 24504717
29294 4766768
14130 13055185
14608 35132677
25055 35479932
28439 59366062
20435 50652598
27585 58904000
22223 82797628
5981 21362098
11264 95264774
29743 14905953
15379 68980422
16271 76065384
2640 28193422
28345 51041714
8530 9176236
7314 18181121
19712 88670300
23210 63125838
12676 50285335
11394 93502463
14763 78167565
31326 73818499
22623 65653482
21787 14114449
4406 4567893
11314 7889094
25850 82651266
31884 94075445
28593 43575150
18771 21091883
10935 53441993
7525 27499161
5717 45103155
23157 23811581
30126 18149604
9215 1359129
31240 74753211
29617 62315067
3237 27907281
3171 53841302
28322 5449919
17461 11056195
32102 98201226
20437 56494929
24995 2765151
3270 99560468
23003 16859818
14319 3352141
21594 22717332
27178 62384168
29737 49510470
21997 89700458
24677 43953629
30261 69703078
6053 28445042
25590 9368790
27981 37791129
26322 79545203
7817 78072977
26230 82801437
21323 13626946
26452 42077976
30327 14454238
20788 97482441
3636 77626543
6675 78038507
9749 28642611
29707 56433398
5674 19754490
20051 96973504
18788 2197209
26167 87127199
14080 79283631
22272 81013399
24636 2712535
12419 90711088
3390 98693093
5705 51858949
5031 83251885
20994 50318901
32170 14240705
9718 40531793
4083 48612725
1734 67995909
14813 75618019
1549 21599453
25136 76344411
28112 70319920
27947 27915406
18824 65501002
24274 67664507
13962 52000127
27825 41517506
19091 32021283
3870 58233172
31555 38164171
15496 63213945
3348 67873545
28441 80693859
9401 85226590
16899 5871572
2244 34127108
18730 20585399
6640 90360378
28483 8296699
24648 84161452
14417 64589823
5810 94835158
6019 45053360
486 35909425
12729 61712977
25994 80793113
31025 57802265
5515 94302649
14489 42085170
28108 47324356
15898 91387987
31134 82689078
8451 90931196
29047 65506896
30916 28910838
15079 27705453
7725 38346280
12964 52124343
25855 1913404
3697 91718877
3202 14623718
24519 93586008
16745 78727705
9113 15954812
25014 19934248
20333 21285970
15316 44730632
23282 28328326
24598 29540857
18411 39922427
31412 96019923
16269 4468709
2122 95201195
10591 22798547
394 97143173
14303 65773685
1691 44578471
17888 89225579
26567 52281054
29734 96635404
1998 68459560
17882 41086594
16956 26929126
21146 53884725
28850 15766494
12489 67438031
20790 13951385
24788 51185324
15702 81016145
30954 11299884
7379 93534000
9725 42442562
9469 93982318
29924 13935000
24712 89364884
13006 76027730
25146 33524482
24088 76047341
29764 39045596
9045 69439944
10180 28771922
1975 71631212
8003 61301068
1625 56908592
19854 1833113
29833 20476532
3226 2831101
6399 85995937
14915 99619939
6441 48109495
21369 15534045
24047 51841972
8047 93767902
14006 14544839
18758 62854083
21813 92658293
24650 25895464
7650 39382017
8263 92138747
14068 82030098
21920 69531789
3092 94371677
8848 70458428
27873 21692661
3524 37847607
11132 64095894
11472 46455733
19151 7472883
8703 48859883
25008 78069838
3951 63551563
4141 55856324
18353 40050341
8996 29159911
23485 44045302
2475 31193652
24676 18729343
28261 38456333
27444 63482000
5030 64298842
15837 34983854
13571 7227612
9052 49365307
14507 26695927
23591 94267275
25280 62455509
24111 28010248
3886 99782217
21276 18582878
16822 52766030
25979 45164842
15555 28721623
4928 67074069
31921 5598309
25339 79843302
31018 84402029
856 3324592
26196 1299448
2701 11362842
17695 55947795
27960 32761140
1576 15965307
20138 41747842
9956 81348330
8377 97206004
1596 75475253
16172 75623100
431 58781384
18679 23891185
11183 25769590
7078 39309548
10583 23594348
2212 6833966
7874 47840393
2870 5405523
11269 28859629
16286 74707844
20676 3970755
8340 13088812
25580 29302759
5154 76982503
31137 5182015
24393 14007592
137 47819124
11662 80859444
2510 99182321
1265 36276686
16706 62803133
7582 186817
20776 66340164
7859 19464418
11379 96275355
2600 92541081
8311 15660653
20398 90597900
7721 15924710
8811 54774128
4589 72702358
18168 37586476
1664 11713202
28433 46626549
6281 91131264
29654 86188544
13239 83562944
27632 69610628
27753 97000405
13802 97619254
7379 88280014
6543 98554575
17375 48306581
7293 1420432
10204 14281935
21665 90370720
7018 30008985
9552 12538480
27375 51435820
25242 57650415
25394 47100968
26740 49017834
17521 87763377
20391 85599725
15253 12736214
9794 83072247
30660 78412018
6001 57473247
989 28328354
20875 43466242
19430 72637296
16019 82110934
30116 66826862
25162 49401173
21267 6330795
28922 13346119
30689 55923253
714 89128380
13069 86025120
8904 80966765
3041 10463436
18633 4810266
25068 98182187
7125 68110406
17993 78726249
17315 69120830
18283 50446315
21582 6526179
6648 98397531
31279 40568564
12569 15495293
12350 10676443
18897 68794989
6889 67621529
24202 27049281
8031 58614148
24524 65143659
18655 78904524
31363 30740632
13424 42352740
1523 63624284
22135 13346779
11816 67738040
25915 36376481
5882 28316663
26444 23380250
10461 30859729
19420 20263207
9570 86377869
9068 6991180
22168 41505734
8758 55972571
1474 81546094
11705 22491593
23289 86924731
17549 26786313
13578 81350608
2328 17135966
31144 12522403
1570 20256924
10826 82973846
13187 42200078
14551 82726572
8357 66004646
6660 55380725
15604 87564295
24556 38601154
23262 3535854
31839 83446666
26545 37466679
7838 95904484
5329 73436764
21553 56902437
26876 31376445
25933 49117883
5143 15296610
4202 303248
15758 98441656
31002 24992678
10553 57166965
9218 37442128
24200 77259863
8229 40784478
17515 1223235
7818 64372220
20585 99635246
3575 55459259
17138 42564502
13635 68677446
25567 34302888
30170 30607021
1717 2403410
29104 12128890
20804 18972793
9268 17807721
23157 70011324
5257 73387370
2 36325836
10241 33099609
1297 95952049
9320 81271689
13780 62781238
27860 21175659
18087 1608996
320 31803040
16421 60164786
12138 38027734
22573 98353034
25645 68445966
16769 39794545
123 45981937
23495 94019889
2705 9593409
8900 91090211
21079 72927500
11069 97713903
12144 82629557
23358 43446490
3510 65840882
16856 98691025
22873 33483723
24353 12570335
31479 26456711
1641 74184434
15692 80765548
29811 33672717
6080 28817553
1260 51149496
2192 10554683
24149 86136684
422 81798321
1412 90197724
7810 96862082
20248 73265798
23925 83732405
27538 12863239
18124 83328986
7197 88727585
24206 88873296
22148 9721078
7313 81923704
3455 48902682
30654 23602753
2242 54184924
4908 47324590
26213 70155971
19320 29204900
17896 98583493
10105 51546966
18515 88769947
638 48838818
28570 52495499
23333 79583112
16108 46986205
2316 61684161
12825 90611605
5637 52617431
3087 59381826
11028 44599169
16880 62893973
21753 6404711
21267 26079375
6075 98436345
15945 61676594
2697 49028512
7921 85262683
5902 57112431
2161 35067839
29969 84013971
2162 57668304
4269 91277681
21978 41822349
1364 40310548
3907 72631649
10459 67287278
28329 81866181
31559 68575568
21027 9301601
14149 85124778
1556 69511576
29143 78973792
245 37053325
26033 97565146
21991 25298118
740 54175210
3707 32309954
9237 83762683
4947 94380707
30815 80369183
22994 14015653
19674 2537980
31196 73864803
26308 56343743
4287 43158165
14583 59177303
5045 28138164
27707 72476705
4161 74237318
20083 89829006
2808 56653672
30370 35018211
5897 94489811
22233 68128634
7919 47886830
32085 8399228
19710 48670631
7625 10300670
18413 87083460
18549 58218191
22133 60629287
8609 460422
2247 8062942
12533 58991644
25413 48011682
22593 86868402
11149 45341219
2415 98661685
17959 45700212
7955 81217902
25438 67804489
14502 8005878
17188 53070690
1506 44043259
3803 37467314
6045 27944831
929 72173298
856 39380404
18648 53858733
21971 67569205
3715 47192699
7639 59052122
12948 81356925
11975 84881302
4798 77020479
14496 25676884
27649 8232686
23126 66332793
31190 4505663
28181 59006582
24751 65153855
8671 40069578
6590 15356666
18889 70079746
2981 30338383
27010 23602167
845 44602911
1626 75097705
14799 40368097
24765 5533325
23564 31110915
7543 14729897
16002 69925677
11470 5679681
3043 43955095
7574 68920670
21620 4154028
21153 98952456
5838 93472935
11160 41242446
28645 59197505
27902 6375104
30530 47498903
994 82276604
23194 93968169
22637 10288281
22731 24052844
23359 69455390
18560 11113573
11314 20926213
22223 44854039
17076 69210323
15199 51353484
7411 21035115
26013 37194981
19888 73670441
14451 79638527
31892 52709255
25061 14034707
15699 72553486
16356 27828493
20401 85598314
26226 12892651
25562 98376210
26332 35221480
1746 36623949
3508 61665659
17787 81599940
4793 73997051
29776 10361914
23833 17428968
885 12617222
12875 16594253
31008 76721277
13406 52828689
1612 38631837
10431 84632884
16591 85054872
3548 84316560
6832 79080815
26772 7766210
26178 4646264
7464 21539036
16665 34967365
6938 41397611
13160 59244471
21494 81877987
16798 8410427
4533 89704523
10080 81617553
19902 39439173
5411 28223099
13771 2028598
24702 79146648
11897 1741757
27264 10915902
20177 26448580
26660 78939838
12827 54324723
9995 96040056
5187 64269187
8247 59581619
27232 32178925
8793 49652119
8208 10672807
29768 69449365
10630 4035415
16155 31733093
4923 63466787
21785 44925523
10165 21623557
3233 74716513
27879 23919944
5726 48576105
20961 25112610
18182 78999707
6554 4933393
572 88045325
19152 59089724
23262 11512119
8303 21483469
13182 24907216
3630 78633949
1045 84099249
7968 67520051
15406 59825634
29589 89898901
6186 89732097
28597 93231202
13594 97096218
27633 35440716
23449 60241962
15915 67193603
25683 77486428
13451 38501084
10171 48562211
17396 22476384
30720 85503437
432 82626090
19611 48243775
2337 3660162
16565 91806102
1399 95127908
27168 12410613
2341 72362754
27297 11735626
20281 85602756
11903 48177580
156 20264876
28974 31596039
1952 19695260
3040 71266865
10240 58660382
20438 48314682
13267 31405692
9104 43948966
22810 57144218
27594 33657622
16099 69809619
24302 45663940
10945 55575067
6125 2492197
27733 29377156
25132 99006887
13326 81366490
31530 60924345
18640 68310232
14691 48266098
16073 41477865
29585 20773439
22921 45655590
25009 12982116
32038 52993825
7715 7588287
22786 45224325
24288 70008523
9004 10651795
22667 47009920
6153 80719553
12369 94703687
27294 81652437
14821 68180497
3858 40335595
204 29449636
12384 65543729
29335 12246073
26189 67461833
28779 66515480
22368 24384279
21785 48291808
26221 79872348
26627 22924349
24229 95833755
19704 35585798
127 68467428
29925 91155704
1361 38433870
31067 52598887
22001 28299149
5214 18131981
8802 32271599
17433 57558550
14282 8122596
8639 72705444
8094 50694150
29546 2115480
1886 91813935
7314 26123345
30855 47490451
4240 16717350
16802 44514981
6147 18594097
26654 72241960
13415 19267372
16227 53241508
8429 99416692
10890 20293759
7763 90279244
29784 86081976
9565 60923231
4537 89014644
19935 19858977
737 93111245
12603 20992621
11978 12724170
10317 9075929
31072 3132082
27008 92704354
1420 51379363
31771 33464208
16764 1887431
387 95166682
23773 94888846
568 3113898
4617 946967
6856 70263301
19341 32108545
27964 23306543
11751 41137306
9380 70854191
27506 39558193
251 63616980
16226 60116499
9372 23097022
15426 73325765
25326 68633085
29085 41958482
7586 49910739
13928 1762046
21836 70334502
20706 22094471
27700 97703330
13193 88269139
17835 84455511
11652 70341742
28737 35784273
26977 87756175
23126 57622915
3991 60755292
18561 64401240
21383 89797519
31671 61810605
27311 49350444
8779 21119681
17507 69778687
27462 58854209
26985 89601043
26002 98592527
26248 30083764
22833 7276627
18795 90874092
2447 67874498
28301 47494858
4396 31535645
5813 58733702
31773 94847559
14587 81487562
15439 32803574
8153 73412214
8525 86983202
22511 2926495
11616 87580411
6570 54911302
5094 70397721
6844 21737328
18461 90453277
27240 78284305
19154 96274392
26546 36341541
3254 86545666
26572 76263275
7298 48639169
3924 43084095
8445 93621549
4665 40398703
17802 64719914
699 26442162
24414 88369089
24748 43505968
30120 71381234
15146 93990214
4974 82887421
27200 25194992
23315 50570036
27742 59488204
1525 61644481
9339 71025280
10893 46018669
11624 96759099
15372 83122036
16372 20244969
1175 85515705
20304 52658628
24342 33073299
22776 37684308
24386 13924244
28432 18805398
5696 56465394
11198 28489832
2444 10569627
13291 44151133
8675 76245867
25179 87530464
25925 81802141
18971 61904755
10803 26480069
32182 65282480
20094 33869560
27600 90913272
22926 66622056
24286 76430098
3718 65304807
2061 29874318
1416 44268590
28457 81321984
9911 51374890
20216 32085030
22088 45682234
28187 49885295
7586 61454113
14699 97441257
7891 98972479
20400 4962661
24756 33181197
30131 57333956
13796 29506218
10415 32865905
22556 81515902
16960 21613931
15769 78653430
7897 85655413
12554 33441736
1976 57649079
31218 42388642
8044 64157402
25065 24357128
14904 44293291
17366 29355100
18651 13720704
31046 97648238
27579 14855902
18619 57335066
20066 26998186
8181 15494735
22858 17151812
7831 56580736
17308 76692839
16578 25580373
12738 74179147
19545 46908996
11988 76844476
23589 4967912
12922 99628436
32292 22910071
20852 49375661
5743 89436504
23600 52745471
11813 16986074
23248 38138890
28434 33388479
1655 31661680
24603 63130632
24329 85024392
18313 95212789
4397 9196373
15559 50056440
7856 65904261
13374 59694968
17878 94380068
93 83914542
2071 8196054
12549 13019996
20230 20122617
17080 98234238
24421 20035936
27358 18584914
17136 26624637
2751 12568487
8562 22942904
26275 23368920
6664 2419413
19377 23212831
18757 33482416
25330 86372725
3805 70545543
753 76650917
21291 96154666
21580 97232178
17729 24709687
22774 79571496
9562 79605486
3583 1475944
27482 84904661
5939 70395504
7462 26858412
6714 45019546
21791 19706136
18678 2634205
16552 56172881
12540 86083740
17173 11810549
16266 10492726
6660 4921922
17760 81791556
24248 3191321
24250 79409938
16054 64552166
8251 94059635
14232 99963018
4969 62337096
4115 10735916
15885 61131961
27806 80621724
1811 88663309
3960 5289448
12457 16029382
7710 37481707
17308 82614269
14311 34247012
28792 24551592
990 78285229
30080 25267846
6263 89880116
18291 97326927
10232 36298973
22254 74213622
24975 72053371
7931 29993295
30412 51628101
2591 41986053
4159 45920006
13216 79050250
23836 84537543
16271 30838048
13334 78586697
2095 13771945
23493 64383874
21400 4742027
28216 10883625
20348 1656181
10693 66765682
20473 99250192
28483 63731738
26223 44010501
18212 52932796
18656 77310092
1573 44011989
24272 39803572
10138 23057567
21266 4883143
1027 31063964
17860 63548895
23214 57694880
2019 54744533
26694 75392581
15267 20793808
12712 37303222
20798 33493669
11888 54320192
25480 21427504
23578 16017076
213 11138494
23751 60130643
8270 93611301
22738 74100039
5104 89865179
20576 17149533
5996 5644546
19935 74221349
10642 971975
20415 21822498
9406 91772193
9392 46842488
32034 12677032
24968 7802736
31444 60932020
27038 85358485
31408 36365229
13852 28045285
10067 33710043
4572 80987327
18066 12342033
28167 29505648
16681 30530330
12142 83408363
20121 53340927
10943 5784441
13427 16872933
7473 75411687
21680 6305961
28363 68687206
28731 12066940
10170 44341200
21611 4567523
25206 83441404
8355 79564514
4559 14369140
2669 67598296
8194 14925831
6218 118138
14352 29630932
10604 8597759
13576 3604891
25694 40558655
17235 60053361
11201 67263706
25887 66618950
16420 35302610
25460 80279169
7821 35862988
27420 83180404
5833 80665657
309 64883106
12449 46457038
27852 98908931
18872 35692187
2716 52550594
5273 68987942
1249 22276990
27373 40204768
13698 56411214
21793 63587271
3895 39315473
23384 86506667
23987 43792719
5410 35831568
5093 42829862
31130 29555373
19745 17277530
3937 45070961
9988 75103939
27576 2275381
27 25053094
19028 88842723
31495 80809921
9793 34693139
10364 89032318
22553 65284004
17542 2202996
1325 458786
24886 26676679
18325 78001543
17978 57820283
25413 82252213
18422 36085679
23095 96316978
32224 60602674
31146 43876857
18876 69855683
23560 38018556
21964 14283424
10986 45435796
12682 23508458
4298 84179885
4865 62510472
7110 76739874
12359 78478081
7472 63726397
279 14814686
5835 63912529
9978 25818137
17208 67122688
14957 11338220
22195 24592932
23917 96235478
31948 36892212
4498 87839537
3597 66350996
24215 93047808
5115 89575802
3552 92718609
6574 49778137
17724 26089797
26313 7495055
4642 11999497
16769 44321201
18789 84153444
4564 76754799
7719 74959787
15323 29201920
30226 68991924
25259 34230519
15593 53454844
31968 20695809
16817 56145100
16631 7093637
7018 81619991
26312 20060400
4931 70376309
456 1130624
195 51479391
26612 72709793
31266 61928418
20409 36157204
15646 8361380
18364 13116174
8391 36485960
18370 86701118
10255 444560
11535 41476161
22778 22701242
5151 5453370
19050 57957925
12250 17063725
31831 5585577
3651 63226392
9996 16162526
18689 97730509
19149 90433482
27990 67495502
22573 51763190
18442 28664519
27753 80474722
2691 83222659
22508 27795268
22790 90025296
102 25784970
22825 12366799
7146 73508789
13230 64593481
27846 47624874
28714 93708391
4854 16272412
26846 94394697
1922 77842966
6542 58017109
6644 95018229
13169 22888010
19507 7079969
30115 8928586
10150 83325841
2722 42920803
28588 46948901
9470 92853707
8365 37234478
22454 4584760
19646 37783415
21795 53679457
23960 42248404
28568 65794425
18898 14997058
8087 2213878
7837 63009514
17649 38024591
17181 83728910
17102 62513776
16089 98423412
17649 76165564
3081 13238533
18186 18346355
29883 31499164
5367 40365068
17197 26256971
21772 28371110
1192 47151384
2396 88596746
871 70493422
25697 24680082
21773 20945218
16116 8625124
6531 67206906
14028 24245232
10752 81606184
5072 16035335
16506 74462772
15312 50350434
31576 62345510
21307 27760868
5552 37276380
15320 57107857
18808 2813866
16867 99092558
18232 94064285
8451 11842930
1330 44026369
26702 72199983
5528 96639659
20514 29379946
7764 49372364
10178 25606914
16522 32313324
28370 82313425
26235 19189202
12292 35777668
18145 71238975
28564 98442402
3039 96139185
4374 99876483
3415 26340305
31373 57729325
7489 37220171
12607 34116303
24193 78890877
9361 12105675
16417 61427883
13938 57131082
25095 18702641
18811 93432746
17374 2035152
8505 51906482
6458 79644996
10247 52359673
7888 400197
10833 71020356
7511 68988273
16049 49623530
25669 63711694
18049 40068276
19487 52268786
7208 75898517
27015 47435596
16585 64986934
11196 72474106
28828 56546432
24210 92662799
11833 5332441
32113 11318151
20230 53124680
26734 62444623
9015 90975203
30979 5411070
29310 90157694
11430 29371270
31899 64241688
22513 39948977
14563 369431
7995 73169804
27026 6039162
14286 76292397
5472 77702224
8607 76071213
16908 46295695
7064 40726780
6110 99107712
25912 76081764
15786 39637005
30221 83198001
28960 50615599
17845 65053373
20310 46725681
15386 7513844
5306 97419627
13763 12451477
282 31360262
3606 18560735
14288 62731775
23060 97129855
676 34537664
26045 60964198
11665 46060744
11943 28760997
24268 18538797
30258 20525152
9203 77044622
29507 36528035
3881 95613579
22096 23381767
16016 29758231
9197 49008347
11650 29609823
22054 75213683
5081 67233735
14845 53885420
22981 62716527
2575 40449480
18235 51895582
19807 99507724
14392 33685828
11152 44621480
23557 10644105
10818 87017106
23327 30224099
4304 4323594
16515 51264822
13353 73617176
28723 25933727
11814 78248947
28263 73690750
29593 47455214
25260 99500338
1310 50217252
14364 9631524
1420 26863004
28894 22274204
10061 59080506
23328 57666703
5278 44208697
1535 61529190
11388 52905837
25503 6896936
26280 98701361
17858 80386576
13419 78514478
22464 9084675
12786 95517308
10537 18907091
6641 65013638
2892 47975889
1400 76888671
10665 15877478
9626 8201107
22373 87099494
6038 18984040
26905 5974800
31991 13939048
9845 3445594
32023 98218753
11785 42107069
21566 95458554
13842 55219276
29717 64809462
16127 89226775
19377 55181334
2129 21699743
8516 12485463
22270 73071886
26852 68670460
13110 30645431
16294 8800064
8026 64577082
17812 2008321
21976 40412225
25638 56887551
10697 29476657
25721 38743743
6945 95838320
19015 11338652
17184 85892658
22156 27300464
16879 3622695
12172 50202328
28878 18021554
31535 36865962
29625 11559992
29746 37803569
21502 25954195
3265 44159751
12814 45071668
2628 1402067
23850 5909760
28116 11760611
9176 96215368
1610 91845879
20880 42135602
15770 42216780
22116 63964975
24651 74969232
24676 16324600
8403 30653515
29404 15050277
7373 4021667
11096 65818031
9805 7370894
29573 6777777
5133 90470729
8461 1435124
31962 66951969
15736 77846957
14093 79758518
25017 30460544
22118 70773561
15515 66910759
3580 76412049
28344 62610692
19881 63636305
7842 33071705
14108 18665442
27924 73388447
22914 14812139
4025 39842002
26342 45370113
19006 60030562
219 91443970
17264 23636282
9133 62892782
1886 45694139
27189 53555051
25762 84441841
15303 872963
10430 42065369
27276 29746207
10181 37199944
17275 79059514
653 79480690
11024 90754615
25946 51670874
29550 13116170
11090 963162
17469 54611659
1792 80795332
18378 83728976
5595 56203490
1143 44127075
1724 72283831
10852 92730569
9342 62025658
10490 94518978
4900 23404777
15339 9813994
25665 72482850
22618 27240863
21439 41726042
11984 88371513
29680 49949877
18594 72321353
3797 13003966
15214 9751034
30281 98367060
8428 62369140
22837 51394499
24223 37516444
15119 82609189
9412 65162111
10221 10646619
5637 13932138
31179 80577419
12887 59799546
28167 86562739
10536 17509017
24421 43670583
14708 72290530
3876 50913404
5289 78398358
26344 40952377
13904 72447709
13061 899911
6748 5767033
30551 47032280
5910 42039419
11009 50937954
2047 98357425
29835 2177262
20195 6335186
9902 11360734
8916 82801674
7604 18707279
20251 64222220
1288 42166473
25702 23933852
19321 35904429
2202 75465727
3122 58862067
18273 72829793
5176 57194609
22188 21122303
15795 75873473
26051 92164289
19234 30153052
19053 71823441
24721 27376384
21169 96545105
31657 9717319
23870 68220698
24671 55904255
18288 87518995
14568 41052464
24117 33645729
19474 49250186
9074 10841583
14316 26377438
8513 67093712
3239 3959967
1130 32817998
28553 57757477
9319 28143159
5862 59266554
10988 83733876
19651 37971941
28174 25900370
9819 49141830
3734 90717585
24664 81436791
9756 95141530
27953 35871540
26498 89648126
30156 90463351
30091 17016241
17317 15999839
13579 33569043
31468 59508383
24533 63923882
23483 38916818
22591 92791515
18122 4645038
2876 75797659
22616 37143955
20007 49013866
14526 48427614
16806 1784077
18689 2654861
10137 99064484
3703 690393
7628 92574236
19191 70947669
24602 95480253
24170 40371833
3409 1747341
22431 12094599
16175 61210114
24507 18263447
3850 75559209
15693 8555722
19792 26504501
23716 21244824
20441 93798843
27645 24753485
26606 69534250
18548 13976757
10080 47166815
3184 40768117
3818 20413182
31559 7083908
395 12944953
13291 21732084
19931 40950848
25653 63679193
10311 47919286
27703 46115837
19309 34250955
14444 55228718
29181 91260346
18071 73429478
31149 57942434
27797 75419435
22101 77363365
23653 52789021
26014 2360207
13211 24969774
24623 31567789
690 41976580
12043 86697390
26046 94061399
25400 82923392
200 61556816
30558 60054249
32202 97740498
14444 49284089
20979 17141897
12280 16125267
2242 17368476
15114 13781589
18011 96297883
6496 82546780
15279 83963310
5466 67969517
11029 91665911
9991 36628368
29896 41799936
6246 78420899
27843 89242460
2451 72658638
11963 94822449
3384 15701991
10231 34201955
29461 57042030
17724 77832243
28401 74244281
1123 39481769
4731 47914137
1372 75938335
50 1901321
17739 23066913
29541 5847909
25497 10597802
25474 68223601
20333 75260310
28805 44372277
24885 15341319
12982 34563457
5563 44417880
27653 6146409
12407 14945459
29118 1412954
16339 42214456
19965 82905011
1757 70243449
10177 38273390
10121 28368726
14874 10693564
23248 33422812
4378 43839495
16016 24832109
1266 31282233
3146 48286041
23759 94749406
14402 9967530
12061 19986749
533 38835563
30371 84372922
417 75759499
24616 4235515
18095 57116970
11703 91829663
22254 91662908
21545 76968577
14668 86473098
14471 86285195
29203 9019845
29296 3994988
20018 88445823
8737 7558864
19889 4672914
18939 28359047
9721 53978020
27327 77074849
5100 85042606
12313 80773172
24511 28851973
19089 80161626
30657 27642415
7687 98116954
14300 30454628
1399 77937073
27929 54485931
1240 1813063
31493 85709159
7756 93861460
10841 89433892
29515 38923255
13780 39985180
30700 30698488
14238 2341172
9753 19703715
14771 89107200
10903 4224379
7251 9511897
6175 35897833
8428 39259835
22764 31957350
18333 799671
32046 41710225
24015 95658693
16629 81923608
14240 62824896
13128 86053554
18407 41877672
4611 32870566
2262 80740055
29105 80444694
13303 4955975
236 91629575
26278 92043111
32138 6950749
4017 93878666
18805 30081417
4296 25194865
9952 86219871
6074 12396031
20877 10978847
30436 94023048
6044 35580059
25575 66300797
29230 37668621
5084 73541259
14967 21920812
1379 7815093
28974 97997811
11647 93594147
10105 83677503
9082 48889364
18079 34667502
27503 90583266
31721 99970491
12323 41547205
11601 35749280
24377 60498093
29376 76503678
8365 92296316
25532 78872446
19976 84801967
11901 49367515
13412 14343645
6722 44991617
27376 57346591
30756 47926957
15833 47460744
7546 32836537
24609 8514537
24656 98572363
7285 96272720
17465 90664700
11614 58167334
7003 88602407
8481 86373381
23461 73850283
30744 68268112
7523 68825114
11593 75615828
26926 95582254
11137 47518556
816 91714728
11969 31136375
18050 38056015
27694 9874646
21252 42229006
14320 23466374
14384 67950883
10946 5094788
3624 89646415
1664 76544496
5596 15159871
30125 39230848
24307 32457069
7429 50318068
28430 325449
24335 76581239
25602 45332277
17674 69107794
30593 99884878
11746 72533022
18122 42678863
15951 27523943
32065 35182161
1636 19699389
4035 24086901
20484 40841627
15773 46089197
12783 75748109
7748 47435504
6733 64134646
18843 76419154
23135 92317482
25083 949851
3517 57656075
23952 45440422
22941 95464966
21395 31221198
22323 51265384
13532 8123992
14538 43748288
7325 72241363
17231 23974018
11020 17178742
10921 54425884
20322 30821010
12656 64891552
28787 11792768
31353 81507948
24343 71150664
24966 18610053
30199 26902177
5790 9743075
2220 37063928
30442 29559439
9783 84489586
23351 29915166
27745 62930346
30239 32610566
8370 11160369
15243 49756040
16524 10629685
25569 54254247
21401 76889331
24569 92714128
7213 79958923
9460 22180137
12863 25399200
14394 17500828
11042 92931673
20867 60167401
5237 25400699
27966 91701264
22575 49004456
29457 73472839
14785 16380985
17348 54662556
20342 42909175
2009 6982179
15260 97195351
25262 72871206
1502 11020489
27564 89048079
7683 26974557
19480 51399170
12183 6125527
19615 2360193
32307 6681843
8113 72373625
21206 23405992
11216 20883829
30013 74108047
25010 71830352
29192 36979541
29873 89332081
11308 78508840
2281 16361871
5278 62287336
17207 78465371
29514 64475210
11751 14200827
24776 93947465
26796 7159668
16721 15655181
5032 61348312
20223 30412461
21660 83880856
12490 10294878
16012 74054083
31400 87040092
11522 86482017
16440 30622156
3260 7594614
23713 13286543
24713 82171385
4896 68440879
20313 53395194
15573 17965936
22112 15534005
29761 45120860
17964 25198644
1102 59114458
25609 32570182
11683 69823412
3017 69200109
2926 22526782
1212 74928789
30761 63558718
31117 46058431
14972 21099741
768 7123366
27651 29634733
7251 4445317
15933 26106128
906 86254491
4249 49377992
11099 51793014
16205 25565339
8976 82934492
16103 43503814
18714 52252257
6596 12849431
18459 19179535
14432 14737154
17221 53253411
8441 51016838
29337 77893867
19135 73411690
27058 33284945
23662 7351212
28504 23261159
26899 83508924
941 70254359
24053 11933722
18735 4463015
11942 57839804
16895 73984485
5118 41445375
13607 99613737
10320 63434690
29019 44535776
6527 65760277
2596 135804
30301 9801532
18440 91206138
27715 52960186
17232 26398301
1968 94554175
13139 98059725
8155 2357864
13920 14441786
17066 16787069
18700 35919608
13913 34106644
9413 14414973
20845 88400493
704 64509216
22176 86413097
20713 45849090
3051 50582122
31830 65883726
23873 56555230
10769 45044122
14977 41451039
31927 57597303
13493 50659292
23294 9039276
24406 12981713
10454 78195158
32012 33008581
20262 97146045
6041 4077233
5618 80602548
4331 31332985
16051 39221312
13228 16023220
28180 37973767
12363 2419769
20652 76204208
20569 78638089
30537 45228768
23816 10873304
12364 49260095
21214 51743280
11929 70943376
395 72581738
21503 11193639
10867 82261034
2331 72182006
11164 70764178
2644 48025479
14006 74057412
19203 64398553
27485 74049840
11421 25380693
7855 79436976
7504 87018014
21178 77393857
27635 14165298
396 68766068
1070 18921702
7111 5714447
29581 23039481
7405 74427881
13241 6602205
20392 64173861
23025 37012162
4421 45659634
18478 67224806
19858 94529828
5348 77430107
7214 15731313
17095 69309788
12785 53242584
18526 27295012
9683 73616465
4005 68389162
9847 28848408
4869 24855450
13241 91682835
15886 53501053
14061 38601691
25742 46604322
18914 44440282
30452 9003504
9476 11467332
24196 17969618
6362 3398086
25146 25356521
1441 23270845
22361 83682026
30946 98868248
7983 81250928
17662 96016183
5788 36025650
20995 90080386
12279 96072067
30683 80039918
1280 17976107
7630 61538221
13758 68483014
2888 65929576
13860 5236904
4633 26248391
8462 31001036
18034 35761310
29585 51439251
14899 19270602
5193 67378920
18098 43829262
11208 55502156
12721 45447626
21892 67624429
9251 99283316
8421 55000449
22583 17612853
1665 38859795
17843 62452448
4819 57902795
12241 79722828
8615 43252779
1815 56103245
26997 2630050
11124 84931266
19372 90660632
882 25929892
6090 67702880
1810 50253363
4749 1897767
8866 73444199
27942 62874569
25382 32898031
4663 27115833
25196 50863768
23412 89084022
12796 26438811
15454 46070735
27937 84577889
1421 57915903
9997 23742459
6058 3302388
9084 47255676
4547 26082574
30163 6332578
21955 47045719
12500 89911261
5835 23350181
27246 16687356
6496 23192476
10013 88000994
5299 50654073
19646 49646005
7516 96981861
30882 50458298
2065 8765753
29731 55990652
31824 28905813
20272 83073410
7420 755367
3378 88001433
14853 74215470
27015 15270430
11471 53238340
11250 548018
12156 4541615
5586 41223667
24136 55505170
28241 56953201
20559 30126270
30622 12417500
15424 86644960
20780 3476517
24557 24170832
31361 75571866
6907 80988620
9096 77759990
8328 41485994
158 52769741
5793 77504559
17831 23671503
12736 46899476
25438 89758215
18746 8281195
16267 59924381
5869 59155619
19640 29815841
22663 93266385
16283 66384058
6860 72358638
26940 94879769
7773 5529223
25560 8551348
29858 70702883
15965 46772256
7223 19671553
11311 82769970
27309 87855282
4575 74008379
15817 24272306
20717 39576646
5506 58790994
23044 34261209
6165 55201199
777 22010949
12360 95117543
6857 33423448
21464 47079533
16299 5211041
5877 8328590
2394 65989860
13802 74943409
23093 99603877
8165 26320719
22523 16484224
18606 12577722
13346 86537303
31340 30486062
9991 28458800
23460 73960132
20627 18279803
18551 72393172
3696 27273498
7643 46194399
6758 89771475
9969 36984189
16654 35039486
22857 9553869
22592 79758993
5189 60771972
22682 38983966
3777 57336791
15586 97234763
10193 51352485
20365 78542819
16410 81196017
27184 99422997
16219 48525873
365 78094600
18553 59181035
27416 1759615
6307 28660114
10003 60609174
21591 23958816
7929 26604923
3099 41644088
8285 63113187
14382 96142862
32026 39320085
29513 91074218
15939 25324317
8804 67201879
6273 78375777
31713 3960162
28951 15480730
26147 29369156
26530 64339125
15857 6555798
9360 96243253
26839 70349170
21938 67761755
5611 45986122
26847 63490489
11805 43739245
24633 42140685
26684 78222536
12629 59600051
9084 44728669
8255 66184872
5604 99478910
6484 64346380
8993 51422299
11947 86877337
27258 6150156
10040 88492712
6275 63517823
31778 41008936
19911 39645762
11944 51632931
596 64859056
20776 70714823
24892 13754970
10511 41022360
50 20807055
22517 59688822
13682 41389187
17470 49134031
19726 57753411
5235 50789584
18404 76681015
16502 45435597
4963 48053115
6662 49702784
32293 48493015
26687 23600238
12893 142035
17880 61466368
28612 24629936
29473 77413349
4868 62212312
14381 18239308
6379 66170078
31258 48929338
18980 8417412
20833 45376113
31833 91517570
32159 25297265
11004 34805300
9413 32302267
15137 33884821
23929 1683091
31307 2733919
23527 52956567
27910 18154539
4001 25317198
30378 72504792
9039 36484703
30299 63446197
637 20147417
24532 85132963
2083 9478388
16516 8851593
18550 21253922
30774 67324760
18559 79471561
11806 14491399
9298 87752790
9685 44304111
28420 49621877
1245 76111978
28084 95341854
30869 23528285
16123 92324345
2808 17240598
3513 11354444
28263 30511645
31448 36573150
19902 13157543
20041 88052836
25704 16415966
31944 81691884
6477 1195402
6012 649036
21810 67703088
1500 60474516
4628 30242693
2421 97464541
24418 40159279
22053 93261814
15368 7293353
24664 17322494
11226 30481795
13798 82200940
31499 64239069
7193 24121641
30150 90294527
10133 16595105
28122 32807257
531 89505795
30642 20031408
10761 49358116
11681 10829386
28478 56561432
21758 94160599
11068 13421247
13872 6955857
16114 44291654
17233 37155738
13937 33593343
11494 49262724
21355 39598899
8010 21077566
26013 31047180
5344 25954498
23838 6911521
8641 23049640
18998 1292712
15460 8124998
4163 37384044
3460 7677391
32056 56255902
31028 86581738
140 57103604
25825 79556503
12413 82681340
15273 53444636
26706 20892830
22967 30990595
7158 28407026
27007 25009339
12039 55447352
23306 96620888
3712 34454357
16288 67110561
1374 59547835
3171 27676398
4758 94453904
29342 68867646
30203 43028316
31362 94770808
7908 29759729
24127 506247
17661 75253998
12722 55108922
13179 88441937
13525 44012275
765 33209944
3998 58178410
987 97895401
24739 92019056
7712 5109627
15855 25763326
9852 86469942
29754 56153743
25753 95571474
30415 7724267
23172 4172699
3632 28500114
7089 39727357
23362 88120426
13794 68760002
3197 29607640
21462 25282217
31423 22150601
17513 65591373
4874 33137208
31814 86381463
17759 75297235
23636 6047859
29465 54866015
24050 34891882
8439 79466888
19874 70820797
13444 71007631
8490 96608743
4942 96266505
21437 43777112
16907 72371397
27720 66176547
13090 44753300
19912 8691655
18200 54985272
18757 89307395
18782 72957227
31214 61733485
17171 49490939
23547 42929877
17908 40722653
27714 89441181
28095 29331532
15901 75891046
16198 56451375
31208 3988534
5625 93760192
6824 75861122
19581 54449353
16743 21436705
13820 84658599
31450 92233484
25636 58615706
28591 37955420
1027 55625041
26128 37064472
20947 47152323
7998 65627035
5467 17588282
7467 7114597
18948 66218944
22450 7895133
3055 86300917
13385 51008980
23689 73341736
28095 2701248
13371 35706137
17853 68132513
5308 53934407
7202 54944840
14002 86973231
15303 63456199
2594 23547670
9380 68158467
27264 23117667
19759 72724666
25619 91408900
18528 1832099
29194 69408759
18989 23492793
19751 30319469
28167 750831
22050 26161478
29839 65380154
7885 27487630
23726 94688038
18115 64850659
14547 6135473
10072 39743823
18802 34566986
30808 54599708
31291 57230806
6159 92944155
10490 28751131
7120 69453041
3657 5103410
1953 83470669
17704 18314470
25586 79770289
9072 47277089
5 56535971
13069 26751486
19569 5142068
6507 14817664
9254 12213603
14719 12780086
21582 61709006
11910 65338272
21217 34106501
10837 17006076
9590 51366031
12919 3332054
4028 32996431
25579 2017905
25908 62890204
20796 77573697
15191 43776474
11712 45845511
19191 42244846
22111 46320786
13626 15080530
16250 21271760
8229 81628116
10691 31442698
18239 85732140
25462 71810512
26054 75590965
29405 76967577
16746 54338146
7439 26386822
5055 28280476
26278 89170879
9842 60802054
12716 26008197
3953 48195917
5221 10021701
29367 83946207
10497 40065984
17310 22936198
2399 86341644
427 72473809
11121 98282863
13984 38327427
14274 9168524
962 6752274
21126 62410277
30012 44548569
6327 12122405
10784 86597546
26597 13430227
11580 62975937
12380 50586263
11001 59778093
13900 70045523
24129 14677281
11603 43898983
14256 19572028
8748 87732218
10992 69948638
16680 55597734
24799 37488792
30357 64250014
10599 22105519
20053 39904336
23405 19535725
6216 96012880
16243 29302843
1320 34466510
21537 89767742
13266 76827932
1615 18448257
17965 44112467
27657 67941465
1821 952445
29799 81261779
20699 67107367
14018 79590894
24829 53304284
13128 65278857
26065 62915830
29307 99059535
29228 72358949
30942 10560558
30505 74992370
25833 16370197
23534 57289677
16382 25063570
10998 77871444
15955 38279533
30430 83411491
21353 40406773
15773 43324587
27573 39425297
30084 74210433
905 42353843
2622 42035089
3851 1087678
1151 27324812
10140 26252203
22628 17009242
10783 6653837
21132 29957207
3083 80733767
18946 77238796
25013 39168892
22503 91070964
15925 68718202
19511 4606037
4268 31024422
9587 17880358
31133 20975437
3064 72340699
14155 79342190
5133 86227705
25903 54499045
8011 733146
21667 30052218
11593 97902995
9015 91035356
23852 82315637
5303 40824782
28137 14812618
10021 7782152
22436 70202836
22632 3267829
19462 69733895
24296 53031346
24106 98822734
6805 94256457
20456 37967930
4744 93320090
27104 14941089
5352 21907781
31225 39190997
4592 40502227
28460 48180089
26821 47409587
11187 95902699
19665 87444066
18809 99031017
13388 59221434
31420 14955162
8540 63355858
1523 97142668
186 3861040
5764 63916874
8157 78844378
21373 25586143
29276 44218400
17909 18728000
10710 38800127
23828 23596693
18386 82417149
9730 46434158
3995 38121280
5738 13089463
14553 66746440
12778 62111846
8104 46855226
28472 45263670
16346 99397817
3253 52930100
2461 40554859
18077 84027059
12581 95809736
23317 74526591
30098 22179501
18533 25852281
7549 70139029
11925 26974219
4544 70267967
18961 10635727
12531 20624660
32224 24665761
26105 89551143
18958 23228856
30288 79109975
24665 72223860
4549 7191552
12230 9470798
4117 11522330
20486 42643855
8080 87153378
30443 90814835
5056 45815280
17207 70585420
17741 10369088
18730 10646710
5681 11517776
30971 56022690
4716 57758255
31948 42534232
19884 55410503
15497 61565769
14776 23525363
21627 70636047
20984 7550309
851 68749525
6520 86808742
2404 4512446
31372 29869766
11209 6256325
3521 13868069
17159 28781659
28636 4731859
31022 31487469
13481 16572248
26067 56907400
2682 41296145
5540 87101158
27001 42026090
16415 99869201
26991 76049811
12406 96796439
28625 33215791
25152 515280
14486 33955808
24531 60873469
14042 76190993
17242 25726075
15210 26975830
23773 48445670
26655 83751597
9798 68047182
6825 23826241
4505 42385602
22569 17918250
17168 67945082
18251 15906234
8460 9342968
24448 18566759
32263 17240288
17715 69146206
4684 52862796
13905 20285237
22178 26260052
17933 40835119
5548 43325499
11211 32575146
31635 2150810
780 71553726
9573 27286422
4802 91823920
30620 35956391
4057 12489378
27641 9368532
20434 7673959
15182 36095056
32118 57238929
27617 74673718
21856 72579428
22881 77301587
1198 80672197
19733 90517616
13872 37032471
10510 74681434
2928 42237543
5681 50574527
26888 97199361
20817 94307969
770 84346629
29546 93261228
23782 87834378
17064 21357106
22304 70830488
17344 75113827
32250 49480947
9338 9340816
16398 78075204
25921 95916840
28182 45043210
2633 76210225
14224 25082483
28874 26374920
24680 65832022
19799 84486935
13569 81908448
26718 94715592
19462 12137151
8671 67332486
3883 17136227
1348 78893908
4016 99894431
17323 1803022
29790 40609508
8394 98110015
5064 73350841
24440 30482528
31728 53621345
8143 25747872
28393 82573042
29600 22148371
2677 93015674
27055 34224317
25489 90485717
11648 40636816
31838 96519469
13248 26755470
13715 12798152
13978 79416240
31527 31311059
26866 96609435
13465 4362847
13590 8127928
20040 36465763
17022 82470264
7387 96626959
5815 36036648
18361 79031654
12267 47311810
16339 24334121
20966 77139316
26944 12512055
9420 22300194
12528 37485983
9553 83750572
15867 31759041
6035 31007999
3146 12484674
12300 99138785
21423 25528080
19362 20505596
23686 91260388
28906 64314025
5790 31835914
11287 39809414
22800 52090815
8080 82056329
14209 78392572
15792 94945782
20963 58589310
28503 89708303
9506 64089066
13905 78986592
24260 12368582
15903 78040531
13237 64767131
9850 12568055
8184 60121075
14327 78835914
27672 41024268
6199 643376
15577 40626762
25605 62750658
21812 92088933
14235 87414243
4516 88909147
27348 46059298
25019 2871552
29093 29571955
25168 55687621
20350 5653150
28003 11191317
10684 28998624
16699 135989
30226 15785734
30690 31512571
20232 39308045
30769 4161520
11411 96191373
25008 64787848
10777 51961400
16126 65760866
23610 59211561
27120 23066589
15812 88905257
23087 1428706
26049 4241667
24073 17812316
2698 36448768
31842 46107534
10532 11624916
17091 73696316
11834 54792144
24343 58024369
25831 26624641
28955 39621837
4263 29025564
22476 76606740
11615 31564177
5965 82053346
27273 35976596
21301 20060546
27885 48618428
27830 78491258
1567 60853873
21217 42334402
25239 7251603
573 28444454
11557 93888555
8061 18059968
31977 14313744
21739 4131942
7486 68097212
21823 84092787
9231 85444716
26594 72647176
4583 2144538
5247 14155927
8689 35613290
20761 40862867
18138 22278682
12387 21462304
5674 99227989
5838 96606736
17940 41408286
12330 71178797
30980 77381213
21513 51577691
26026 8565774
5310 97656167
18867 1816612
29472 15431802
5187 15527418
3660 7240469
5571 74751267
4197 124223
24109 83816959
24796 79076587
9609 76525990
4726 33710548
24598 42866380
2855 26172658
31190 32716438
9464 18242371
15448 13420828
17862 35292703
4389 91234585
27862 24231295
29796 32828587
3518 10419064
13654 32091453
16786 9642507
4364 84646167
15289 56502416
19959 16918770
21588 31622785
17136 47618663
15555 85065447
6522 35545794
30930 74133665
29826 24239060
4028 69236767
21516 12667226
1503 27268354
21122 77456178
2100 58108371
25122 53263410
20282 83005100
8211 8986325
23525 51598087
3329 29720482
20469 90722949
4912 93532669
16533 62706950
8785 84128919
13469 83077789
21644 46266984
30538 28874329
17065 50815322
9893 9462727
27094 46346454
30674 42851837
10943 92871032
7091 90035794
24302 17880806
27388 32795156
1117 29887459
28160 29973137
9269 51822854
29851 5014943
17544 29520703
14377 96836104
18528 45439993
30091 92270953
24698 34369469
31491 77043168
32041 26853834
19428 85358492
28542 50784647
9881 74098576
4878 69544520
5863 21299446
10515 30411838
24412 75368459
26458 96469023
17904 23219169
22971 26025191
30934 59326469
24938 50798411
24835 72753203
4044 5847454
16848 70916508
11558 74724081
26812 4942506
20506 84185639
8365 46690534
21706 85934815
31381 5678491
28316 71778915
32070 3614049
25476 66463057
24166 99270368
29997 99404843
5367 16469784
19159 62710611
19991 87887488
21884 91535711
29385 6292057
8472 67595349
21286 44284873
8311 90275646
12073 58027499
1590 63998091
9981 97589818
14667 49785645
10070 56541297
7446 28037085
13979 13769654
14724 66924855
7799 77645184
7258 71978777
27183 3226236
22340 29369372
10327 34806986
15799 20752858
17500 1262061
9007 75099971
1870 92271670
30738 80544607
20568 27391421
1645 43581708
10937 51611658
22584 92260737
16630 51577074
24326 48137102
18934 93853763
32284 99787634
18437 88663073
28073 6598294
10824 78638080
30474 55078270
15725 43412360
15608 96738759
30142 21792656
9511 30578223
7173 12646323
6737 33116796
311 45778724
23091 82155646
14372 89595830
31403 31610761
14358 2924980
17197 80529593
11377 13071755
31655 67574464
14531 19511743
8236 29159033
17030 52830976
5562 56157190
17933 55697511
13304 23807710
16262 60895344
927 85118167
29427 87334744
23548 9062572
29145 50082914
14880 65412871
1737 24588081
24040 49628652
12704 38103056
25348 34402376
923 39855851
15202 25571608
15138 41975554
12869 19826812
25870 20980564
15888 18533251
3924 58108085
6449 93582681
20897 23441584
24894 27406107
10336 48351291
18934 31565096
29562 91277795
15220 68148265
14091 50913217
17244 92028356
31862 71144754
23000 88488600
10921 4361466
27814 15826077
29720 9498991
26666 59734291
30614 90527099
14739 65566257
20822 60994930
26943 40009533
27149 90824047
23296 39834649
4272 5284730
14399 16515398
4472 63049907
23410 51999719
21800 83692774
31077 52347674
17636 53836437
17254 13396271
18014 55049432
28743 83458857
24778 31480239
25529 12061566
30857 47030183
24502 59370446
13769 23645729
30139 24988776
11703 59704362
16469 90161110
23923 7596985
252 61981635
21646 82649149
26186 31860353
5640 82503062
12026 4853719
2782 23419891
29994 83129026
31994 89854042
30871 52408003
1061 99778044
13925 32287511
18592 63499896
12936 57386936
13990 56329519
26534 50991232
26995 42225227
31379 7732616
5857 27302177
23279 66392667
26394 89882298
25185 99874086
23818 12075314
14447 73235023
3768 83226408
21698 43846286
16112 89937827
22077 11460929
27429 85926438
22709 81674686
12162 21428615
27075 58698813
13804 45638785
23155 41044572
19053 11057103
11223 35262554
19514 31199978
22366 66757942
7007 23172456
24533 97721001
29874 18152343
18022 41919669
29597 70217438
28432 66560598
502 27261168
23834 3432537
5836 80901202
19499 12343627
12397 33595484
29334 51997302
26863 13341790
14672 98108341
24708 27429201
15098 40333413
31562 57375601
12587 62033227
21218 32138054
12874 88650819
6065 62366199
908 63532072
17835 55963053
9263 38317152
1039 81612312
1022 15920595
9191 56565330
24950 12376736
28624 60210458
7820 19481593
2050 27867714
22821 43274022
30227 2902124
10469 65803964
1374 61776497
17681 42428375
22360 62182553
26393 13770065
1041 25441409
11609 7526214
2193 7780700
5548 27294222
698 96397411
5149 39285854
27831 2672388
30396 49280233
3565 76131509
11236 20816122
14014 97861504
10626 66590165
25112 93591222
2892 83780699
14574 67495340
3088 26435735
12683 54670685
7727 5023175
17361 62441463
26262 79313767
1483 24504708
5092 67963095
12059 34916125
6938 15266255
4127 9797584
7127 42597620
19943 27735167
1208 19813443
13738 70722678
30302 82132870
23417 53661258
14023 83671120
28152 95046906
8687 23299680
2703 73528045
21283 68843595
24071 26245772
13565 30242554
19575 59082724
31818 24725884
18742 34107538
31875 81572101
24376 29027642
21516 88201799
17247 57496038
4200 43001042
10597 31419626
2153 24521943
30005 20399163
19618 88987606
3500 55467774
16959 44476314
24988 99670597
11443 95391796
31092 25260381
16007 80149981
17563 39957537
3941 26243328
6354 15623979
27796 21251851
12631 84779797
21976 89310018
30284 95957760
19687 95182309
15033 66686289
18386 62800484
27950 94517469
26168 56383963
13611 39544722
12921 5457739
6261 24409792
9959 29205726
2198 47329804
23473 33352508
29389 22410534
22186 88590153
21040 23889956
12991 75906108
6065 96764838
14647 36204640
19726 60291036
9728 38121543
16120 11314626
26002 54029276
21250 98797618
22178 68180803
15593 45094737
9045 87574739
3747 52835584
16376 7894676
31530 80564310
544 34952802
20498 79417706
29282 24301983
3924 39496383
17758 92150023
24705 64544452
29037 59628630
11124 29809777
18299 79234779
19351 25661274
27563 4331157
30324 97318464
10446 15696904
26837 17865847
24917 77916519
3159 77625467
4003 2884424
29029 81277288
30285 85742069
2602 92725735
24282 25593795
917 65712715
15875 85645619
1424 3913036
2126 76646240
22394 17328685
3462 52846674
14040 25399646
2210 17317550
10827 97167863
24632 94212003
10299 13136095
17709 84352855
9662 76799187
29992 20219758
11458 53019721
29604 79311462
659 83552331
4481 66771281
17428 34870184
2923 17039678
26330 29427624
30314 19362371
10326 90946282
6636 3125468
7394 84430343
25172 67940180
7646 94433899
14732 97012525
16264 27420664
19605 45790713
24387 15562190
20161 51689174
141 95091961
17163 39096241
21283 66910681
15101 39710070
16504 78538623
3403 3681928
3328 48268716
28047 15148107
21372 56661220
18448 87814554
11521 87897676
26390 27360910
3293 54575715
3249 48275078
658 3286503
10438 21768779
28118 23457411
8401 33373313
27751 69517291
12434 39222750
26628 84672177
8859 75089875
5941 54744779
20743 70672657
5547 25842623
4073 15017471
20114 48346994
2564 81574991
24201 68046357
31152 78093319
19256 34847025
15691 22227676
6965 65759822
22163 53705234
27658 33717077
26714 88365731
8145 40865367
31986 56362852
30191 6209942
21463 12048849
29695 38039072
10516 45792864
3741 74477407
20958 94341480
18894 62250629
544 66372977
31475 24813250
10913 7918443
20391 49234347
30868 30882890
25384 7068014
27725 53857030
8576 35220581
5325 1092583
27860 89771743
22247 73483088
10034 92724105
430 19229586
13522 51676511
21782 62241629
21242 38522218
28277 63541147
28594 22247963
16546 58941246
29976 85599620
22424 54433734
20417 14105462
14277 93117367
2926 71026999
25471 43272918
26454 59867734
3762 93642262
5870 93581014
30328 24826056
5645 26442915
9519 64217370
9793 68198643
27347 80816954
14760 51734460
2794 61928917
16696 82098689
25485 82518066
23109 82202473
23816 98046547
29461 74878087
4563 66544567
12426 15624528
30178 39854013
24904 25575030
27721 59495772
5683 4264107
5179 69499431
12811 56504364
1606 15425710
1807 95107290
30019 98089256
9682 51266335
3358 78442834
719 8759107
16536 39214633
14236 75357903
23871 70899368
9489 18462382
2669 5220677
7622 80466155
22653 48571710
5405 93462297
18813 62225718
18068 25936583
25853 10721838
4884 12555111
18443 55798908
16828 41934769
5068 49806607
19072 68280180
27793 86847423
12801 99813145
17681 39653218
31101 73532876
14394 67345644
30805 14623049
9738 43761999
235 39021200
2169 10568360
29036 88671849
18242 91034360
31636 30101292
6197 65048407
6229 33591363
13755 75246290
2967 8908959
16320 98025978
8632 24873208
5736 32030336
12062 35069443
26199 4921468
14887 67809687
26820 10294191
22199 59703888
13489 24305023
27108 94669101
576 49602698
26127 14689004
275 1839159
30425 34538824
15368 7700966
13288 44211866
6870 57202592
1046 48438844
9396 20007511
12801 41125261
3718 38233485
29242 78645151
521 68282188
29624 74422932
18097 86724777
13421 12959300
8542 46378779
15479 56011284
29615 33477728
2912 77819740
27039 86514245
2059 99421991
18185 91116681
26580 85466118
6247 83885475
30854 41085876
2427 88042679
20568 23162989
26959 10596418
29345 1428432
32312 19194306
21440 86165022
7703 47068740
29736 66307377
8211 85242768
30043 74241515
6560 18675076
26870 20506554
25240 74040693
10037 73432302
18220 37596755
21517 32561481
16408 39281909
3660 34480655
7697 58343095
13812 99715875
1160 55329523
6251 48143192
7527 33089909
26245 87977436
3993 11094038
31053 95122394
13778 88398809
15362 92077225
4439 26634325
18248 72882023
14033 85060410
23371 89870515
29592 66200679
31519 74220647
27715 65292961
12654 7113881
5971 64850125
17802 28053452
12604 69707642
9300 68789063
15755 30766191
7214 63087147
23664 32056757
16294 34120854
28040 73190252
30828 22922163
32018 12446383
20256 82592981
6619 42176553
24288 8223541
12526 35782856
10951 33124703
3591 70594495
22027 51089367
20542 77209043
12856 26136522
7037 36306239
13572 79656586
356 96904394
28902 79570431
12152 73296670
18211 33378012
29349 20317976
31169 69422820
15631 77817326
18044 74996748
17789 92983784
14333 66749515
5490 69299606
27607 56396769
3045 42750016
10071 59516587
18243 24273312
10880 99935604
23607 57983317
27060 96305056
24900 87031333
5317 69539393
19095 98170414
15606 74876543
17333 16608575
20595 94620627
20356 10511094
14212 25686990
28999 84241729
9589 83868405
30024 69649754
12223 6048001
23369 87590869
24576 20133477
30564 90522344
18091 29370526
22296 98637954
25134 37419338
17605 90388485
23860 77828813
9748 67201876
27770 21622123
4772 86335934
23629 62556374
31543 86941929
13558 97569409
10590 94842475
12868 3031103
6594 67150071
6323 80523883
4501 44635818
8043 87742444
27886 61320681
15931 92598493
9274 42490368
15786 11222579
9635 95393098
6837 39921567
10927 85186521
5888 4823048
11427 53935425
29426 81236486
25291 63558923
3718 83727597
27482 12464874
26754 40897761
14519 79178593
6523 374465
25685 58834692
13286 92208442
19955 68432969
1724 63533656
20371 41308428
1707 98071453
9123 63482221
21512 3656104
7106 10319663
22632 71228250
28589 21676532
21994 9620285
16456 24240031
3475 43758450
8934 31674604
21124 43917900
22484 42138579
17320 44350708
11224 44590067
29740 79430320
30023 63855940
10637 69942501
19107 85428979
17408 49788511
18443 11007548
6354 74659932
14133 28488961
18524 71858190
12452 87314616
9308 56147617
22029 64782260
3747 62014868
22552 41224563
12341 22525092
20176 66766292
13114 76745831
31238 84489890
14735 62993097
23578 72803290
24302 70700215
29893 33798370
14443 21527622
16714 34673069
5 67532675
12677 61518804
30617 46009609
29777 76262162
4608 38254608
3174 66906405
1525 8334061
16740 67767817
8907 69327634
6069 36800928
13744 27209280
3527 97618692
19412 45931408
16444 48302346
2835 98737097
14564 13361194
10067 62512156
2185 42466417
9690 53697416
12822 69062594
9679 41248010
21279 57764429
7026 74674401
15877 39694667
11385 30306305
19639 81355470
31658 38616166
10918 7941432
14296 15423928
345 4522957
8263 96768250
36 32947150
22215 45280502
29110 67802172
24216 99174851
3913 95962647
25608 30382822
2811 42521284
20921 31775674
28631 54091962
20698 11227899
15147 72113916
19178 66937947
18847 86907991
1170 41331830
8316 49039253
14167 61831452
7828 49896839
22961 9916322
16030 58606225
14228 59596481
6461 2030387
25200 60812300
20212 47552878
8024 84316679
26170 7186305
12533 89608625
28822 50421347
15125 11871921
22895 91424799
14604 81276639
5793 43820184
19629 74966807
2928 50220046
18239 16448738
15155 46490656
18965 15911495
20045 71057227
985 50621771
5707 21828121
4520 25287650
17797 35515733
20937 8314647
6474 23959199
9708 23266420
10067 78423023
18291 55848051
826 167503
19515 20992934
5898 20730692
12744 11730172
17963 18519596
381 20775096
23617 56881814
26007 13219632
22762 11368022
8944 60240713
5290 53403557
12566 32820837
23653 41258280
8811 45263107
4298 65663020
29645 46957215
22733 84442368
8879 16218072
2334 57908174
7396 77427113
1075 60622615
6047 18520945
21529 74631781
1759 48730716
10323 22764212
10239 37916263
20648 30043141
7441 6046878
2791 31857061
25764 96015429
23420 4937495
24599 15866957
29958 10922793
173 99585628
2844 65065978
10300 50291441
5378 27731303
18644 95709375
18498 5585668
28910 45911944
11171 5927873
24499 9550353
29633 7081660
1509 12305140
5903 19423568
9609 41491507
8071 3809565
865 18773631
15429 94476199
5677 88596030
20994 404705
12225 37747123
12389 12732562
10990 35531797
31337 30412943
17418 51700814
14406 65271949
32039 77344535
31568 29364751
14238 68841386
18532 3002949
14537 78182087
15766 20207711
22342 74061226
28826 72864034
29533 26742439
24061 6577432
1581 53921100
20370 50462414
25047 42660929
10182 70896639
19604 74765229
32125 8129264
16369 13554901
612 46792145
16584 91315039
2197 45245534
3457 9123961
4233 71485549
29223 85169859
11528 98358796
30622 70134675
25903 81434565
29749 76762575
14871 13508673
23369 70321392
12682 66301601
29705 78122957
10037 49712739
11534 16957584
24424 79106851
29793 98816330
16950 30286103
2294 94838334
6791 96158183
24339 51153940
25631 49469547
11619 4485912
2585 97860742
13228 67833796
11585 5704696
22573 807433
4958 83241811
26784 51469866
23741 23124601
25644 34492138
24146 76700075
174 79100189
26461 46281464
10022 13790534
1664 58979420
9282 89472979
14711 38749441
26572 91869433
43 27723731
14817 495952
1785 2891122
15959 10467429
15057 85266479
11771 24120187
6449 30364746
12351 63138885
30627 44437146
19434 71600055
5026 21210302
15729 85674610
11560 2851416
14050 41155043
25976 74139185
13664 30727394
28164 50276761
17712 40324048
13615 37559435
26724 91817169
11771 12728772
25181 83733347
13685 27066034
28880 55191044
7768 94144012
26788 14738143
25513 64698042
21902 576741
25238 28076695
11087 14183020
24316 79788964
2622 9111501
10943 28650112
7817 83233610
11715 227026
20909 94068166
10811 43504488
31739 8565670
9010 29706450
4164 94590055
24354 95580518
9636 44237481
31180 62257304
2361 32860723
15233 39062359
699 97582584
5878 91954158
17418 1433401
13687 56129635
9058 44362874
7520 64750495
6599 69312461
1445 21265257
538 83858210
14378 46667549
7298 27338522
15719 40292816
4020 7559332
28537 16390226
28707 97916824
9862 87463799
18677 79336612
22760 2193494
22594 5054931
9073 70469729
19560 67196144
19329 40365197
5021 1024264
2272 71935792
11293 65118515
22647 15847092
3125 65884113
25558 69065745
687 63722733
25913 13863501
23254 45941260
26478 9655318
31580 33261609
25769 58564238
11074 75204646
11214 92767050
21532 21803248
4536 83942099
9027 99795407
22144 60226339
13491 26997585
28944 14920015
30900 89762396
3826 18841496
1664 21958083
18691 67641039
3289 39065002
24560 98209920
9828 94177874
24400 68192209
591 90840830
31601 64299663
23868 99124211
6386 87987943
656 9152358
959 68866244
21064 81836770
10828 34064345
9794 20288372
8940 77600648
14490 43159896
26408 15178503
20543 27570749
20327 59584214
16717 22678934
8984 43647496
28085 41252035
19496 31196547
2111 61221625
269 91812217
2155 72431477
29301 11556630
21164 96981073
22926 78383766
2526 56075874
22480 12032254
7239 6258806
24828 33977020
15277 93115533
5897 60610883
5303 73854010
29367 34346935
23145 64721890
10730 7998644
22489 37244326
18055 53866555
24614 13005674
27928 68976755
12875 16076866
2124 79772546
30462 8377639
22450 23904862
21234 71531909
3258 53498706
17821 51443117
26216 85474613
24037 70884321
4255 92919525
19867 37881384
20180 66582431
6049 729030
14743 42350569
10980 90904877
11797 76237805
8945 63720549
29289 31650835
18589 52847855
24850 39250987
24405 13437579
1723 94059911
27296 11891986
13093 95210529
31264 51872425
3967 70898871
22366 89048224
18876 69912223
20093 62962993
16788 8544663
1678 76106469
2671 13365965
22570 45825523
7740 64441560
31441 5605201
28725 75569495
8442 53991296
13492 88956182
16097 1680282
24846 48659590
1645 24813117
23881 48339221
10671 14588819
169 8671300
1765 35546942
9579 36452387
3253 54514784
4099 3996782
24274 99867857
14725 4046390
24495 77163593
26981 29548544
31608 1761643
16417 97038172
24770 7704141
10486 9510985
5433 22805279
30490 98894952
24868 81134356
26932 67462263
15295 77298567
20109 28334709
28826 6249356
2081 37186363
16113 5802538
24236 16622976
17966 20848638
21287 66637373
17079 22225302
12699 78568558
4356 14406011
16006 14963054
5296 50962455
5957 27121741
24898 73940610
4539 48778109
27110 3531359
6483 35568881
28922 66993366
24457 73446985
5435 13987997
11031 8278389
15330 41274186
30686 14995972
17764 91107660
12033 45945284
14314 86676778
11973 47757666
22279 27282696
29838 74768748
8529 74496115
2791 52462483
16736 5692380
6996 92840894
30225 60786608
16081 97998003
27888 8874193
16773 67160296
7172 81192155
23371 18680571
6265 28237151
4767 82846190
21154 78050545
20253 57585867
24703 57999615
6031 59072899
9857 8417825
6647 63039558
30482 99566747
29962 39312303
2807 22168332
21757 92677017
20898 96103051
21656 86223608
11377 94509934
749 54627725
5820 22046387
8318 42693719
12290 20594124
28118 10462878
26405 37666905
17968 63605823
23035 81071160
20566 12711287
28291 82525833
7291 98540320
2023 94366602
9535 40769394
25288 3571003
31056 20281212
1607 84413534
2051 25860727
27354 17415557
24434 11589557
28973 73866736
2026 69119774
12089 44104565
17029 10134724
24674 11887330
14029 10846337
25897 32418659
31805 51623681
8079 5636699
8552 69771266
20274 24418782
27744 12321344
29124 69994120
19341 72841293
30196 11769222
21511 30452063
31683 58999638
29969 2202305
13627 84813786
26638 80796280
22368 92732097
6686 43630632
9731 6061979
11542 51936017
27574 92680092
8888 73422733
17413 16792466
27440 30963894
24137 28958853
28404 79228968
25913 40752390
18956 83913091
21194 61769221
6821 55372583
11343 3485129
20865 48316828
21870 32844185
7365 21367983
23753 39718125
7121 3121195
29034 43989
24563 54529796
10352 67320710
18373 8655746
1820 41815230
4244 94556695
12112 50082097
750 87352352
29835 17101534
5902 63467030
21096 36442854
278 69320243
12028 3731318
32277 13225909
16582 21541283
2528 80880364
13118 97923737
7485 43454432
4484 25936555
15671 66556714
20378 92511244
14101 7868461
825 44615900
3571 59477364
2488 42978452
19580 87336803
26272 34728252
24260 1224698
7565 52377976
31792 86941717
21323 83314064
17507 48020884
19122 8264946
15623 98998600
8560 48618198
19942 59502342
31273 84217780
9171 88755488
6606 62591616
10500 43067468
22215 71177246
22710 37507726
30003 39577669
12175 49397772
28895 58215736
9458 18391257
3676 61710626
10048 75283953
32021 15436514
4115 9209777
4707 44870572
27230 10216859
15811 36082922
25788 10438385
6853 47205199
21543 61793662
24079 36426476
2943 29320647
16611 43066518
7070 72992495
6828 72606964
11145 95328407
23558 62828598
13367 56809515
26929 97411266
21550 47352530
21603 87247764
15359 23886542
10570 9058089
7574 27037929
2824 40347133
26556 79678438
31081 40649333
18759 5294107
24682 45266561
8619 37514457
68 22186707
32047 52191116
30990 55971577
4595 68313122
10638 27536277
4975 48181033
313 25751394
27367 90631080
19192 11425207
8371 43589123
21769 11533306
19015 81062303
12168 89815703
5996 40931194
21313 17159365
26072 5472141
24412 63804868
2719 29394081
18954 71696594
28741 25675640
13523 18405560
29512 66533264
1793 50956952
4784 31482789
7241 32382411
23065 19187205
28146 55888530
29603 1131060
5242 39122270
24907 33302849
7925 73024257
5647 48144059
14551 1470953
3159 61638274
28066 80278049
30775 77433122
13358 66203291
13136 95356916
265 6163435
16200 84575108
11139 6944322
16581 34977915
29087 56528173
27341 61053438
29526 78171229
18595 4448431
8680 38163983
27498 93057316
22641 35163335
24414 17835187
20267 94525857
7717 66641346
30898 91751047
28841 30405745
8869 41354319
18734 36460329
32049 71259518
17003 63647847
29241 60063572
30822 23438134
12013 71573925
21606 41946641
31369 85511760
1635 54405548
5149 94732252
10170 88632832
28982 20025396
6784 55019963
18804 69788792
16431 62207279
6054 52922913
5391 11958105
18222 75138557
24628 4486474
24448 52823590
31619 25953284
30255 13360230
14866 86651776
27718 7936586
31055 24579789
261 18330764
15994 96959653
16822 73519503
14511 7681660
6145 89921676
11041 6967759
13850 73589252
8013 72059724
28858 47048169
27279 88962643
13479 9503510
5188 76785626
5190 40364908
20779 74252082
16620 9527431
13519 56003038
28415 17077197
26189 71247059
10002 4942307
28605 33904996
29353 1334011
18379 42741276
23756 12314972
13051 81200129
6776 43863550
31308 11751252
24616 42627756
11732 81263505
14261 4490633
10458 83810511
9733 59380163
5473 94392611
11200 45292592
8773 67054062
30072 49601094
17414 50131586
12380 46864518
18050 83407425
32282 60190214
14138 71058983
29141 39803031
7057 62453529
7332 23863465
31306 17939803
9011 51748973
10185 47404866
13483 46596568
14603 40102850
5030 64986204
25950 47156764
18465 13148674
19916 70555108
16932 95193917
14724 71709034
16809 23602792
13661 11954248
22051 30610956
25096 50869314
7186 18124811
8687 40377576
13587 75592137
24973 86035626
24562 82096272
9464 66594218
20663 90844444
22404 14186127
16553 68588390
17715 16522663
18061 43736473
8088 19166439
19012 36032419
6209 35777793
178 5528465
28157 78666853
3128 60488930
3625 51076118
13426 59343225
23849 10786124
25885 68282924
15322 41038326
16471 96164030
1096 15636838
27789 97514744
24220 28534727
8961 72907551
6110 13623188
1799 83854559
16778 33132401
23689 41080793
31695 18069005
29521 83360037
23596 37650790
11661 11289571
28677 36659111
6147 78333610
31836 91216215
29468 90470946
3385 91766412
9453 91528907
18528 81753261
7655 25551362
26451 78409132
26990 97293782
1464 51305298
13553 75857141
25238 92460651
26190 43552131
11410 54436792
21667 83581061
785 86930550
21861 73826045
30497 41445015
23263 37516171
24007 52282682
9229 11061622
31195 98514241
24884 81928744
16371 46018906
26264 93497612
17973 22629807
8704 24247564
8281 28571931
17433 50234604
30455 75157749
29875 26620978
14657 763040
21571 45267769
28454 17260367
26779 32968538
25293 16861723
30353 8611697
10603 80643146
7200 97332043
22531 74795672
2519 29018961
21025 12700760
9103 17548642
3828 73582572
29061 76797766
3410 6631616
23234 68377677
3740 8898472
10965 7151768
5060 48945738
20012 48218240
31463 36666819
2261 33699779
11054 52403083
26751 49004722
637 74377829
31799 29656939
30527 36322912
8678 80867632
5212 20021531
26349 16194861
12096 18633198
6754 91596860
9810 98217984
5741 6206861
3206 91385286
25288 18003889
13892 16287743
2124 97878423
27043 87768194
16241 922286
15857 82455884
7052 1740964
4362 35333862
28481 33716984
23566 97823050
30582 87041245
19835 87000736
9209 43987919
2798 29903085
24579 37415148
30735 9652586
30706 54373181
2805 12155409
27283 99663860
19416 4167454
5271 14585978
16952 88714427
29399 57918487
30472 3968242
20920 31920035
5778 46580022
15088 70763892
4259 2632089
12968 23832183
29279 69979296
3094 11372601
2835 21699072
20061 10604916
1987 17997388
15552 33778084
26224 15887627
4419 13820885
13211 69723708
22200 81166696
7119 68407549
23109 27999594
75 89597067
18574 1084681
20205 18548002
1424 82313386
16832 91196900
24919 73191885
5997 59431771
15339 99266806
27681 46581930
31806 4626705
9425 33925305
12502 72104317
17785 42703316
14061 29857316
15597 71390449
17866 78614788
23109 61653102
10038 5733025
25693 9649038
18187 73761107
6014 81732399
29870 18774616
23442 35782497
60 71109681
1489 3602665
10481 49866690
15833 46700330
13614 46209689
5427 75242020
16233 53030863
22555 38956620
16760 60136338
18283 63861472
14367 85843531
28294 6432126
11890 79389154
11016 11590334
4029 34361400
2390 68721544
1002 82253611
16019 38756525
27179 62368533
24498 54091308
827 79893205
3824 37161579
21046 28482150
21256 17086071
19785 81760626
32283 59520555
8904 59490758
24416 79725147
30241 59149912
10296 42076386
17633 91204665
18424 56531450
28951 83122141
20150 5578578
1652 33261182
32279 59101600
12347 41519567
21958 98594807
256 77414083
6556 63652910
18110 1661126
11904 79295219
24805 41642500
5518 57580853
19495 2852200
4737 99336428
8565 10455170
13473 67515142
25284 3672206
29003 44100689
26013 85279958
9480 2604128
2838 4498173
29464 49317596
10008 21912518
13168 93603318
248 36143972
12842 42274585
9136 84435257
17873 83611588
1853 52029029
23470 86377027
3483 91332248
5644 8577863
28277 79502241
25799 36970547
1382 13429898
18039 44098077
24427 45806316
29668 52356680
8912 11418884
10296 96325183
15652 23891240
4309 30382033
9177 43487910
1161 646659
2504 49457990
11480 58001139
19285 93432207
4850 40827397
31836 76806612
17272 42749351
23639 69888972
27470 8164582
8204 85295806
7890 88446827
3010 64030316
6341 96793899
9004 28404482
23514 48764406
22865 93685905
9276 67409331
16985 88951103
11420 36450486
17945 97022178
31574 60350462
14598 7592180
30742 64065300
9546 42463595
11691 98209145
18386 90300200
14931 76990444
27801 23944334
20122 94768426
11986 5992979
2728 24241208
26021 97976602
17931 42822780
12825 22093714
27018 74343720
13300 9067502
5940 45461034
505 90310348
23845 46657187
20284 86788921
7866 13049697
12829 84038656
7808 31419639
24133 21373540
15209 12848158
29276 74753601
6327 79561755
19974 86288961
13724 64690613
11321 6690507
21279 27498568
24723 26244867
262 37450396
21613 35002290
15343 1845511
7386 34006619
5955 98880333
3716 9968053
8587 78544617
31725 61520741
21679 63740816
31766 86031197
31718 61520898
9975 70719812
9927 33219186
1605 17762196
25982 98201032
16136 38710062
31620 13078632
30415 72275363
27388 48019915
17915 82335704
15727 76843609
27170 82232925
7191 28678055
5821 4330057
25348 37577066
14586 40754147
14715 67714117
17929 77825828
15954 46433334
13559 14167410
3572 92111440
