1000 50 10 40873880
11138 481953037
23624 381025702
6902 333388665
1986 201369023
22959 127880753
5078 268606280
4374 746632885
1384 111537274
7093 650663515
12374 365898698
3594 520285510
21271 61397218
23861 302586266
9744 286316582
11847 303418925
12145 670465696
18326 684405965
22618 511874467
15866 495039123
19748 553154676
24574 39162273
24868 916899467
14165 800128621
24674 351463341
22909 649159618
18347 149989248
578 67577182
22414 900264882
20022 581581741
4051 499240534
21045 366288278
23331 375405334
20441 73713981
7350 921005226
7506 453039643
12085 44189333
20402 953563
3780 130513427
158 842041893
18504 956907024
14050 51855160
12250 513162993
19219 170799090
1745 489595790
9572 305042043
13861 342414202
16194 863575259
18537 427057269
20095 310132041
9895 358558697
15664 674738749
2432 255373602
1683 68869534
13384 181807200
8940 867863798
19112 107145644
11489 98126848
20224 39151300
8776 591285568
12699 726339474
21968 75132470
17442 272690637
706 491605917
17548 728513323
24544 47810401
16878 417425995
17899 194852755
13227 103274167
19725 911202979
9829 732182773
21177 128828296
8536 403818439
22981 17186110
326 53430139
19207 676749533
18581 357315642
2265 553555993
22088 543106085
8954 329754185
17974 699416221
4032 211207781
4862 657662792
16841 642158166
24121 374815529
13177 751051031
2185 37460626
5641 651359424
3973 811867175
7958 736765156
3129 277017213
11527 497583279
5293 870429396
20412 116855486
10965 948817535
23898 537671242
25543 529206961
744 470108677
6743 7455911
16971 800323065
22628 370660692
7564 194302448
1454 136286127
4011 701916735
10303 366723759
3929 518483321
21741 409745636
23546 130590180
17653 772238578
11295 546226866
10277 546571690
20236 74322574
77 685293484
3178 115164758
7041 214247150
6160 780053541
12975 171894624
17161 845545512
21131 525050565
8261 813883110
15748 543693194
7544 388031650
16050 53465737
7273 86130214
12001 618583849
25000 251793132
16440 716255190
20776 93450544
3168 575579661
17539 799330774
12579 124103125
2557 227251005
101 258773008
8460 161727557
3569 177807820
15344 528114251
17315 160493451
25282 674939844
22455 287284083
4021 892179855
19600 245943492
25210 71023473
11209 175121398
21034 68780060
12691 225605671
18788 393044223
19153 300011502
19301 350739250
9541 398124450
8963 47640789
7160 340593826
904 149949637
15672 491900941
590 567562818
1492 438475893
9535 537569309
22036 308748366
19810 499134419
17683 478099503
21896 87087176
10572 288541666
24121 905930323
4781 805459333
17455 999854032
13933 621652732
21634 632032406
19202 475766213
14044 315850188
11403 459387878
4155 599368530
7650 48188385
22391 287315860
11113 450563326
5682 545839219
19998 206881110
21849 632368004
11013 965574148
3045 936492298
618 500000604
4390 679649968
15395 688873855
24048 936416247
5443 946180771
6423 984823574
9606 840712146
23943 8465124
12672 426162648
9621 803386338
25488 934747615
15259 805388805
11357 834668306
13008 342084206
20030 681087841
6641 276308639
10827 67439186
23603 7774486
25461 120157334
3569 773469461
22695 901489872
10429 29455810
8974 47517844
18034 188651606
17659 38734622
13907 202922819
11434 193779855
25585 820143667
3227 151101138
7841 681206967
23122 293320730
12382 718310128
19716 618506917
22850 822105662
661 522791699
13034 362551413
24816 58900863
24135 18999943
20513 134960862
23913 285131903
6777 52205846
24069 999694074
9737 348882699
3681 126950214
5271 687098319
4699 37205520
20207 470705491
25021 46211669
21543 481600263
2125 680393013
17040 21441511
8240 281189887
1300 287468002
12599 891793785
11496 212874083
2736 448640702
11284 517496763
4961 363581983
19210 973205222
2463 218879652
8569 151205731
15553 198271646
12647 11600822
11449 563639984
25397 817833351
19074 202625752
17137 139493775
21246 624649940
2439 489038173
8727 554423347
7309 398402117
6483 819508539
6744 303915177
8091 634794696
8490 378655424
13114 494972996
6120 109759521
20109 4288731
6193 790244310
21435 319594133
7811 664478064
16777 152385227
10573 6035525
6064 788482673
8820 998511596
21149 49502307
20456 198486421
3199 17845298
1754 609650425
15833 484554702
10249 358830695
21506 370683357
20292 672772341
3613 442466912
10127 795417155
20753 776127016
14105 136797282
11363 968899763
12506 410580114
368 342939210
20623 952804809
134 511038128
11828 966485068
5233 506209181
8826 34039773
12232 416957694
18490 822807935
23848 713977036
12306 15129492
2220 663629632
1058 623537697
3050 122958219
3254 220785244
2520 755684139
20245 406789475
25492 892973421
18609 343581219
24699 215918218
3234 637927679
12496 591234484
19474 565407636
13741 769870624
1217 500865934
13699 588828551
13599 197840665
24361 179058427
1570 544731184
18226 581713343
4502 951423685
8990 249398138
12039 288537184
8367 570323796
8656 103932164
3836 647217394
5748 360885766
6556 118860000
3739 951676760
139 19541677
6435 77610990
6883 821054474
18161 713344764
23096 949346370
1405 7162251
12960 876108728
24747 573489900
4930 21831800
24908 972911130
4387 199178191
14839 230913963
2335 671219491
12959 789880167
8487 223125836
23391 383842820
10058 899132326
16666 703554094
12539 441938170
22460 425332405
23035 527491159
13910 774860606
23976 96113297
696 234139459
12395 62893942
4881 562617046
16049 136410236
13409 960984070
2985 90363443
21479 450225571
5745 197453868
20099 261189496
23245 148038554
7020 521805699
14343 86675154
14169 833777616
16024 84665466
10325 870282553
9486 662021432
11656 3756565
19232 163988954
1342 692020211
4733 64937325
22142 108028918
3799 108901222
13393 173822751
11314 244839232
19550 107973990
7209 252272191
7295 835370862
18729 429434146
21608 953113658
18020 982819405
23302 399911080
5633 632850928
6268 74788916
19972 822557609
2897 949755425
16565 272329761
900 747828407
17209 173587888
24110 392618779
16261 356663407
5832 663821259
12981 130372458
13499 947882943
3067 873373304
9214 926422569
3993 281941869
5474 206066252
4426 582517647
22896 416665384
13555 47664296
17580 997602895
25107 981754208
13162 406257746
7047 519598814
13589 426285569
23684 299469294
15254 337714171
20952 294331653
5328 842164709
813 744142771
7785 728930372
15534 947437280
2837 645910143
19203 68368144
12835 640062888
75 134029041
25557 288542851
23169 235613438
4450 123641698
12945 346193474
22000 483990825
20066 492550447
4448 928020872
8758 812334814
1990 659619762
18520 96321917
8579 287594931
11438 28579462
16693 278746829
5627 848596953
352 65496400
2693 408991852
19289 950925596
21510 901356200
18756 252333895
24385 329527265
8036 745728794
14962 263062421
2494 313992516
16463 1484304
21695 336907526
8461 67195117
5990 141565419
4370 410523883
13218 45238539
14889 191638317
9901 94263183
22087 317290542
6122 97751812
9810 824788777
15004 318712768
2586 791443133
1468 828910106
4000 590707580
9745 834935494
22576 969031253
12327 689998106
4465 648861829
19412 837033655
3678 956908477
13034 171022901
3082 845523485
24553 454209668
14804 15507567
11516 233977121
18231 754563540
1559 699645090
18036 617131451
6841 305544932
21120 376490522
25106 505063620
10705 164839799
17484 86780851
24226 731657956
18208 578120045
6480 658603052
3351 394662284
16856 866945382
3207 519456916
1329 253349785
24751 427781997
15517 158640278
8853 258952703
17743 361014987
18267 688643464
20685 704978061
25310 935543637
3628 241285164
15036 388552193
22442 798655346
12638 219058610
1439 568331536
1162 666417639
12369 462592847
18432 22762571
13294 644341296
21662 576372310
6447 283004359
25042 431269655
8888 252339000
5803 234041207
3707 166136557
3713 532167626
16659 44425685
17796 85397545
14672 739908409
24903 5372134
14900 918177051
2882 301065919
18838 415213385
3646 949228883
1451 479405762
23621 862536256
18502 65958910
20492 111462171
3198 266235384
25439 128131323
20087 515088223
2645 692310014
10579 433535120
7001 107627645
19351 82163715
15636 39232530
20647 342338609
24199 86143369
8310 516643291
20165 817106677
21629 266006149
265 463491878
3675 678481549
10271 502779321
9730 920457428
7981 82121578
1814 143725946
3516 700092264
5341 552139152
6121 308253652
5100 625752393
21622 339676338
2955 687784632
13781 725642997
16416 313708311
9430 52993329
14685 779941664
15129 764195871
24654 91439257
19437 108172851
3861 602918540
6952 152475040
12319 964726022
12272 881454609
9391 512803566
5031 856200745
2829 537194443
8715 959163314
9427 474213142
11251 281923351
19122 932588690
842 220152265
24578 703918239
20644 875986271
15646 956356032
20569 364803237
10250 26969904
13588 10951763
668 222361935
22835 66110156
12729 934630985
18753 578754165
17199 970704337
15545 401837208
18441 75240142
20946 85355285
15954 723709943
14121 277908242
6236 142372039
991 928018383
11799 990569988
4068 363035348
11760 662616251
7296 714268522
6194 971426188
16690 325176391
748 555205932
22887 82915307
5661 294364387
7252 675860452
13777 873545779
4416 934982418
12665 919239640
7217 729916609
21779 219301527
3461 12856102
12375 655789318
24103 79927760
13590 454911267
10837 908416459
4280 427091313
1387 37427333
5720 990039759
11380 360723866
11254 310127860
23889 211557732
9509 650316408
11644 485962065
15319 211947164
3753 336200431
9675 578846372
19224 641120206
3148 429980688
20459 405557611
17476 220276953
24928 163745763
21502 252599624
20987 629665511
19065 174032089
1283 232076234
19476 732006399
12231 372866292
21953 442690469
13837 656911559
11212 927223384
17120 85886324
19007 194684876
17212 593221798
22421 153087201
7370 362073872
5921 17786183
10202 20732420
1363 726992731
23122 365541543
6307 198336364
13426 237701121
12255 893768096
17447 165181923
23807 321912123
8433 843612551
23149 667721825
24383 460237968
10446 361538110
7062 339588618
16220 757271880
15515 740505818
9409 79998477
18040 897960223
19585 116668874
19605 708016029
8318 566152248
20152 97864355
1438 408800916
17461 501411614
17433 937656113
22943 832364898
25722 127039392
19691 172817344
148 198578985
5989 855719167
3863 66584804
1187 583425280
4102 62495928
12449 953574490
3141 449919975
23853 199202746
13633 312340373
20437 328508920
4428 412629731
8793 304370680
6543 27461051
19323 660696488
21812 281854797
5386 495594298
2719 198436147
20935 288800999
15486 800054803
14057 264120585
9827 58644488
17549 894231886
7108 436834650
12831 377153038
2432 243018085
24217 322832665
8119 388098844
11327 710966366
7496 616455276
9606 275093043
18213 910209390
13947 231260208
14772 974517159
21718 78699193
25482 97320192
18322 342155397
24960 265547557
10955 517045495
14225 34854620
9690 304073582
19733 452376844
11922 638553227
9667 106625945
5193 108551936
22377 426215151
9149 473907647
18196 6848672
4273 150102783
20658 77745416
178 313486849
18647 571621754
24199 331030288
22847 597062235
12627 392067870
21618 594790668
16408 614822265
4772 175564052
6157 740159553
14259 455411437
78 857787570
14554 937389172
19976 923083834
801 36863074
8468 483152732
12919 301988593
10349 142190450
21348 157314532
17923 415812362
6654 173812873
18219 91326327
21344 504021684
12374 668287406
25637 959524085
9032 814292085
18286 109674800
19282 1594815
12541 856291226
2542 696334520
460 850381618
3277 712795494
8060 828643186
13422 731013262
16650 180723034
10555 592850838
24575 807222208
14254 975655800
354 242842109
8988 843345981
7838 904906517
2839 322334421
21334 34750426
21642 766677993
4130 953640589
15693 636712304
23598 347532470
12172 513941474
21000 57010094
3816 867166079
13821 96813064
23632 444785387
5824 996710434
21267 67795516
7265 916900746
20574 146951442
22551 273812268
9704 541421285
8213 498247803
14712 52120699
24007 476144497
11135 960943303
12053 890857154
22014 704885328
11581 424872217
13453 38116729
2880 737101028
6548 425720553
17721 755859656
3287 678396709
6619 109690271
8567 199600371
9952 147150366
10007 544581585
18094 901637287
24710 949802913
23600 138051640
934 906491456
1904 90663697
17254 681808746
17255 888460895
13161 37221195
10542 907860296
23042 64406089
16000 661490522
21727 41513059
12868 568150950
20266 859716036
17041 834651439
15260 213215838
23469 853516258
14190 966586863
18567 926281320
25473 725509396
6548 189487807
8230 237513636
10387 684792674
6618 556026977
3778 442709284
17670 961405626
24466 215752216
10874 580413303
12441 949064820
2905 351720835
24093 549459664
7368 225037690
20815 580471776
5858 99576524
5158 769735576
8401 228730818
16810 937436767
23915 889688437
20628 593495637
16603 919915115
2943 771181184
6862 845437431
16420 441788483
1696 623352919
11556 571012777
6892 879602267
16969 392526779
20163 228481068
4295 148780862
25714 184784356
104 5659865
15362 730256173
7626 732275980
6789 122875129
12560 623209080
15338 67009243
416 776627338
5591 233840017
2616 43330113
14174 314301829
11889 684783042
12499 439848036
23731 151060406
9393 902824728
21362 848903050
157 70874059
377 353640610
1058 355208604
17475 126107547
24662 116720912
25443 520873978
14016 996223244
24879 948693181
11172 220949841
1169 939772549
10143 163915241
3293 581672120
4594 554381764
12185 124608734
17728 32573795
11773 249848281
11894 533107404
1882 609610792
14355 394438186
9204 218916093
17869 42584023
21768 694889253
3257 742324091
19969 121386881
16893 193154785
22382 351041956
22600 390747726
12357 665866008
21176 517962954
3860 107368688
14969 469019231
25267 359017309
21985 665738565
8292 595475347
9184 261895496
12310 571335850
20620 406697864
21617 195803140
17677 467356595
984 964812240
19604 83382156
4357 870097759
17519 101084624
6351 271775726
23862 31471213
20350 874617033
20046 441394087
14243 207649783
15516 907295147
21121 19825757
8507 470032923
14433 473670163
10259 562419415
15682 25752742
14589 839179677
5257 542803743
2712 11451883
19148 101724420
14732 653897973
7474 436616791
4186 605160912
248 38375983
16192 249900870
14811 6204005
25430 754183601
19088 178903012
12114 469707721
17 100947311
12321 174562831
12988 61903147
20770 674814092
3854 641337046
22062 722641096
17987 503835188
16977 969077965
12341 914424608
15965 104202155
13871 325826581
15484 903859061
818 363815394
7364 210576700
11804 734775538
21903 47807934
24458 712411559
21722 519971959
18015 941145978
24168 84054301
8725 733568379
7549 30577195
19978 35750819
14853 30371898
14165 426410389
13385 608008722
5725 46226134
25194 936783909
6736 874943150
20652 805276287
14715 827645032
24563 2990594
7935 927971339
19370 871920353
4 422781308
16296 156633046
6793 467702756
3919 98785959
22646 39381753
1841 11178058
18066 968764615
1800 70545466
6773 836087267
18739 277548630
22231 7206337
20453 25781810
18900 788425491
13072 79940664
2528 256767661
1333 143063204
18731 612868376
5464 688415009
15749 339422844
14974 141573763
16559 768875179
6360 844596741
20445 771938601
21095 457663248
17761 627504286
3406 24088990
21976 523069500
8093 174594697
5828 783675908
10461 732924526
22084 911429084
5090 425025243
23626 28200333
3292 309901297
14140 753157573
8924 746427776
3557 604226882
8075 817221603
6051 63715780
13898 689224056
11755 715129434
6555 178447042
3842 468216551
17358 402210278
4290 460093454
18026 997368733
2292 716155239
4142 748336350
2147 240866933
2246 964495102
14104 214745412
15464 221089963
14860 6980099
10139 900170481
15388 18229121
13200 614432298
4020 7740289
3624 971557491
2879 145921080
17532 432882004
17278 66451630
21949 830053424
21353 557677418
13965 379478793
21930 341660126
8264 645085210
9989 907413126
22172 227894184
9946 609519443
8438 690121809
