648
136 144
291 363
47 16
473 458
248 181
248 131
467 473
109 32
25 159
367 10
349 347
171 132
307 407
179 456
135 347
101 483
286 320
45 47
74 492
123 160
177 112
233 257
368 247
182 43
52 378
158 466
21 384
417 68
411 284
221 391
155 446
173 47
238 403
489 433
108 95
273 207
482 369
424 234
273 307
27 495
262 64
283 325
1 77
104 196
216 360
252 341
108 275
100 195
435 135
132 15
183 446
53 391
36 109
327 6
432 328
398 304
375 440
294 285
412 238
365 360
110 62
54 14
51 36
226 125
480 470
61 185
476 213
324 103
389 90
457 242
350 345
220 55
312 345
386 327
388 156
165 363
106 312
337 302
124 240
378 254
52 26
161 408
221 298
483 339
314 129
430 456
165 362
138 391
447 300
476 109
317 231
255 130
281 82
199 357
145 61
405 68
396 448
386 327
294 345
450 305
75 73
163 468
278 272
154 218
153 239
495 66
172 248
282 400
426 245
482 221
467 162
143 168
281 269
21 399
402 491
285 290
339 6
452 95
55 221
365 436
235 296
374 360
384 112
95 97
82 492
267 446
251 474
359 257
64 264
448 56
240 170
67 311
313 212
18 347
40 456
188 81
291 208
401 204
212 97
359 177
283 492
115 227
82 440
308 29
67 160
367 68
8 323
367 404
259 142
320 16
430 488
166 35
313 495
463 488
175 322
262 281
244 242
479 162
201 23
227 129
376 269
484 104
122 488
275 160
166 481
393 408
97 298
293 369
407 336
158 492
136 153
62 345
24 347
14 385
476 396
114 315
338 173
346 111
308 249
152 275
49 6
430 283
477 1
385 183
114 360
16 391
27 339
4 86
333 403
181 298
445 34
430 1
376 327
138 306
216 129
8 471
29 411
178 347
163 311
77 32
208 289
195 357
292 298
52 367
128 482
487 264
452 344
46 248
435 254
218 196
204 171
156 248
242 245
59 458
197 79
195 288
242 8
163 161
243 320
254 391
94 492
262 246
452 134
140 220
348 221
462 103
42 187
14 416
428 301
332 124
343 57
163 482
160 339
395 25
421 202
109 66
135 413
395 151
35 456
415 73
159 238
304 86
357 221
264 470
253 456
284 300
485 122
339 471
91 154
221 391
394 237
23 305
394 445
96 104
478 457
333 289
149 7
468 456
350 315
69 188
439 370
77 131
364 374
396 271
470 391
294 125
373 208
167 311
176 328
337 179
122 112
124 301
448 317
354 103
470 298
137 218
89 288
369 327
171 196
417 129
467 480
135 144
15 306
36 12
287 425
484 116
251 154
219 26
256 242
324 59
9 59
120 264
266 393
489 200
294 385
278 76
378 369
122 138
308 174
367 55
2 292
356 291
416 325
135 122
403 446
14 62
323 360
474 298
223 76
325 209
134 30
171 56
99 272
459 192
380 185
306 10
166 22
231 336
276 130
195 268
199 326
54 268
493 47
388 138
401 206
365 36
1 458
158 336
176 385
208 123
434 13
421 189
407 160
147 348
239 336
20 470
464 422
184 5
303 83
486 59
362 148
232 171
407 386
330 436
151 347
279 186
477 275
4 425
419 85
267 255
466 311
107 132
3 89
230 227
52 275
244 319
12 97
27 16
29 97
280 18
244 84
210 37
258 350
423 413
190 357
319 378
6 391
458 403
287 234
158 118
124 183
66 170
322 32
350 309
229 293
374 246
172 186
45 492
490 473
177 129
85 278
202 296
364 214
93 436
310 334
75 468
496 276
284 196
315 234
155 88
248 306
295 488
166 424
97 438
386 300
11 427
220 67
456 199
380 65
177 183
80 6
180 336
449 151
228 52
250 94
188 246
303 304
493 323
41 215
147 78
140 410
58 363
3 82
496 10
129 438
393 276
138 470
482 473
415 456
384 255
16 160
262 170
292 308
295 272
400 178
190 369
466 323
154 351
2 161
344 10
109 238
497 240
259 485
201 12
218 76
433 170
290 492
152 27
16 138
95 10
244 70
369 56
352 190
343 438
250 223
200 386
479 122
402 407
414 233
141 100
292 382
445 88
88 77
388 248
7 240
107 399
11 404
479 330
198 70
83 162
427 135
493 411
143 26
55 160
497 458
69 84
483 66
49 144
139 152
326 16
190 480
496 77
400 61
251 490
149 317
178 386
415 420
398 310
333 424
70 60
251 28
8 127
247 302
449 203
396 320
88 193
51 67
96 332
433 275
321 135
15 470
174 27
172 151
179 293
81 327
147 174
441 473
371 116
362 127
480 138
495 386
230 490
500 119
312 237
357 138
297 340
347 327
451 96
361 158
296 156
224 86
135 370
432 403
386 403
124 322
444 136
346 132
205 127
418 404
486 29
416 82
368 257
71 27
227 438
455 168
25 199
456 239
215 85
492 73
65 480
404 480
80 190
184 302
417 290
102 408
310 106
399 135
95 473
51 395
85 446
139 7
409 440
59 66
402 477
443 11
387 196
145 32
172 19
158 57
173 438
188 68
210 339
3 72
481 388
24 4
308 160
384 190
139 410
320 234
291 456
327 298
454 309
156 347
341 246
334 433
29 186
151 174
256 400
399 174
219 188
460 306
142 16
282 109
297 148
245 290
427 173
482 68
182 65
403 357
234 298
71 179
275 408
404 344
90 15
206 322
231 95
88 425
12 257
48 104
500 487
114 126
289 97
140 229
12 293
400 85
428 254
12 430
472 296
243 317
77 127
117 284
273 57
18 68
278 492
365 372
377 331
15 344
118 1
377 191
93 404
406 328
393 190
347 470
89 300
465 470
143 256
37 240
172 360
111 85
334 102
306 10
70 15
448 468
177 55
461 105
331 434
446 221
402 427
205 277
470 221
416 340
495 447
209 290
416 168
63 408
498 186
398 16
226 239
443 300
148 13
424 97
379 254
52 352
67 200
231 447
373 475
112 311
294 291
363
292
59
48
530
739
944
101
243
736
52
452
797
988
339
95
504
930
129
474
221
26
905
719
736
697
795
341
194
508
423
310
443
812
8
195
636
3
86
838
850
817
179
948
370
568
668
778
5
745
667
308
514
520
480
921
84
258
208
611
656
111
601
157
290
241
95
764
419
247
907
823
545
178
576
859
978
365
303
728
376
758
32
501
554
897
742
827
43
123
278
499
126
163
85
718
317
363
548
630
782
561
529
245
448
169
153
878
393
230
506
222
391
1000
68
427
7
331
745
381
903
734
398
83
533
595
746
344
867
708
856
627
567
249
618
226
658
860
284
735
59
433
80
656
250
109
292
485
634
244
499
949
507
405
390
681
68
68
941
489
226
729
98
559
145
715
277
809
413
128
114
267
764
361
13
238
501
416
742
379
476
784
718
734
159
965
929
338
232
662
906
461
950
40
713
760
611
936
470
218
378
228
376
65
37
974
56
97
235
262
314
263
331
529
498
77
737
540
223
413
391
943
639
961
791
452
91
840
876
754
301
676
804
674
364
74
879
55
982
213
177
844
296
225
584
756
579
680
630
206
167
194
24
465
829
573
858
442
759
401
819
343
497
539
394
842
212
13
630
421
40
103
488
120
557
577
47
669
304
863
928
187
241
713
548
516
581
496
382
317
350
353
886
940
710
956
841
274
60
873
744
91
994
807
721
122
822
80
662
646
721
440
781
555
53
543
538
50
370
903
449
718
604
772
96
673
20
790
121
903
293
741
508
452
749
362
975
874
466
916
287
762
54
436
127
79
223
191
96
952
639
889
181
483
766
621
974
712
465
461
289
794
806
611
