100 100 100
51 51 76 82 76 51 97 97 97 4 4 82 97 76 76 76 51 51 76 76 4 76 97 4 76 4 4 51 76 97 4 97 51 82 97 76 4 51 76 82 76 82 76 97 76 97 4 82 4 51 82 82 82 76 82 82 76 76 51 82 4 4 4 82 4 4 82 82 76 4 82 97 76 4 76 82 76 97 4 4 51 4 4 4 82 76 97 97 82 51 51 51 76 97 51 82 97 4 51 4 
58 58
68 68
86 98
1 3
5 14
61 61
36 41
36 39
29 29
88 88
85 85
5 15
5 18
43 55
36 36
30 32
56 57
44 44
45 46
44 52
74 76
74 78
2 2
1 4
5 10
56 56
25 72
86 99
30 31
33 35
11 11
86 86
20 22
33 63
5 81
82 82
25 27
87 87
88 95
33 65
74 74
37 37
1 83
25 25
5 6
51 51
30 30
84 84
5 16
25 73
20 80
30 67
11 12
13 13
7 8
43 54
26 26
56 60
5 17
38 38
88 91
28 71
44 47
20 21
94 94
88 92
48 48
20 23
44 53
44 50
89 89
1 1
88 97
59 59
7 9
33 66
89 90
7 7
88 93
33 34
45 45
5 19
30 69
5 5
43 43
74 75
77 77
64 64
61 62
33 33
36 40
96 96
20 24
36 42
28 28
20 20
48 49
29 70
25 79
1 100
68 1
31 2
54 3
38 3
91 2
82 6
32 2
69 6
21 3
89 10
66 3
3 2
64 10
5 7
7 3
73 1
39 5
3 17
100 14
8 15
24 15
29 5
21 5
76 18
68 23
11 19
48 1
71 3
13 28
31 4
65 15
62 10
34 4
36 19
82 17
78 25
42 19
17 21
31 14
11 33
72 22
2 33
22 32
67 42
18 45
65 45
15 40
3 30
14 40
82 26
88 33
84 22
75 17
66 54
73 23
86 2
28 34
38 42
68 2
83 8
64 5
55 26
9 25
12 12
81 26
59 38
62 39
42 21
25 66
54 54
15 24
6 53
83 8
53 13
62 35
20 56
46 29
46 22
12 62
78 69
73 22
1 40
57 48
89 65
67 59
67 41
58 33
10 19
24 53
69 48
9 77
57 54
20 74
53 58
7 94
40 23
58 53
71 71
59 91
72 17
