100 100
50 67 3 2
82 50 0 0
61 64 4 0
28 11 5 11
63 99 0 6
75 83 0 7
77 91 0 8
53 86 9 0
58 9 10 0
29 39 0 0
21 58 12 19
58 86 16 13
29 89 14 0
70 75 15 0
3 82 0 0
61 73 0 17
12 88 18 0
19 88 0 0
96 84 28 20
97 95 21 0
80 32 0 22
37 14 23 0
25 74 24 0
13 33 0 25
95 46 0 26
28 59 0 27
83 67 0 0
85 28 30 29
81 30 0 0
78 76 32 31
39 77 0 0
90 94 33 34
56 82 0 0
7 9 44 35
42 29 36 42
9 34 37 41
20 54 38 0
17 45 39 0
8 29 0 40
51 39 0 0
78 64 0 0
49 19 43 0
43 32 0 0
90 10 46 45
72 44 0 0
79 97 47 50
77 72 48 0
33 90 0 49
30 32 0 0
41 15 53 51
33 83 0 52
67 50 0 0
2 52 55 54
12 88 0 0
89 60 63 56
40 50 0 57
44 38 58 0
40 91 0 59
38 98 0 60
33 76 0 61
9 38 0 62
91 30 0 0
1 8 70 64
95 68 65 0
99 38 66 0
62 81 68 67
43 36 0 0
27 19 0 69
38 26 0 0
57 55 79 71
40 32 0 72
75 30 73 78
15 16 0 74
50 43 0 75
91 94 0 76
98 52 77 0
28 50 0 0
47 19 0 0
28 79 81 80
61 85 0 0
32 1 82 86
60 31 0 83
94 26 0 84
19 88 0 85
40 32 0 0
66 42 90 87
0 44 88 0
41 77 89 0
42 70 0 0
40 98 91 96
77 6 92 0
5 1 94 93
3 14 0 0
81 28 0 95
84 29 0 0
67 74 98 97
90 58 0 0
74 53 0 99
76 82 0 100
68 37 0 0
